-387.749  0.237713  1994 4
-26.97  0.254503  10271 4
8.375  0.235404  2141 4
66.828  0.379557  1399 6
-135.655  0.215548  566 6
116.329  0.350698  2150 6
-91.218  0.248387  620 4
80.031  0.366013  918 4
54.453  0.348  2000 6
15.719  0.249509  509 4
59.172  0.385663  1395 6
193.719  0.393773  546 4
24.016  0.217731  767 6
71.594  0.331707  820 6
12.253  0.212938  371 4
7.874  0.261943  1256 4
17.296  0.273356  289 4
55.624  0.325479  1825 6
76.727  0.368124  709 4
11.484  0.232074  1297 4
76.423  0.264085  284 6
15.407  0.223359  1661 6
-355.984  0.276451  879 6
231.797  0.254069  1106 6
81.641  0.268817  279 4
-110.814  0.284507  355 6
206.532  0.25431  464 6
9.531  0.221935  1550 6
-373.251  0.297229  397 6
67.437  0.364985  337 6
11.03  0.223479  707 4
-213.312  0.230971  381 4
3.547  0.260058  5145 4
68.375  0.341476  2006 4
60.733  0.35629  1089 4
58.397  0.357095  2974 4
263.781  0.252627  4853 6
52.562  0.338822  3158 4
104.252  0.183976  337 6
93.737  0.381313  396 6
11.376  0.284146  820 6
6.468  0.264803  4543 4
2.798  0  16383 6
-162.813  0.182891  339 4
-96.156  0.285714  350 6
53.031  0.219124  753 6
83.936  0.259786  281 4
59.531  0.412088  546 6
-355.003  0.0707547  212 6
-327.062  0.198276  232 6
-0.125  0.282686  283 6
14.593  0.21447  387 6
7.954  0.244332  1191 4
-225.281  0.242274  809 4
17.53  0.29798  396 4
9.984  0.22098  1878 4
14.373  0.262069  580 6
69.656  0.229167  1200 4
70.913  0.34507  1562 4
-157.454  0.225519  674 4
2.937  0.25523  239 6
15.094  0.196903  452 4
172.999  0.312312  333 4
-3.468  0.255273  1375 4
14.922  0.25  664 4
-281.782  0.234818  741 6
116.187  0.396032  1260 6
55.344  0.372478  1933 4
-127.656  0.268589  659 4
6.438  0.258539  2518 6
52.342  0.324555  3987 4
35.219  0.24411  1528 4
6.314  0.208163  245 4
-342.906  0.260628  1082 6
160.031  0.243767  1444 6
20.094  0.194553  257 4
15.78  0.232984  382 6
51.079  0.352148  2374 4
73.969  0.422872  752 4
3.544  0.243703  11235 4
7.619  0.252529  6031 6
-69.594  0.298507  268 4
-234.117  0.0445584  16383 6
271.625  0.332248  307 6
12  0.226073  606 6
170.969  0.247012  502 4
-51.812  0.244344  221 6
-256.375  0.227612  268 4
9.86  0.171717  198 6
130.141  0.333333  1902 4
61.328  0.239613  1757 6
11.967  0.265429  1993 4
0.157  0.235724  2189 6
-74.498  0.24  925 6
64.032  0.370879  1820 6
-53.718  0.2576  625 4
-297.782  0.23617  470 6
20.844  0.208931  627 4
71.157  0.348684  304 6
15.342  0.247934  242 6
7.126  0.229226  349 4
-51.032  0.162528  443 4
185.265  0.315951  326 6
15.516  0.261501  413 4
59.906  0.290727  399 4
159.813  0.252762  724 6
65.642  0.368144  1331 6
-207.563  0.237374  990 4
172.765  0.248131  1471 4
203.532  0.245823  838 4
-235.032  0.322485  338 4
-242.156  0.226703  1116 6
11.033  0.223069  919 4
72.281  0.353141  589 4
5.353  0.249927  6878 6
58.063  0.329596  446 6
-358.251  0.225705  319 6
1.654  0.291284  436 4
1.968  0.224816  814 6
56.671  0.39967  1819 6
91.906  0.415605  628 4
74.53  0.379085  1224 4
-370.688  0.209877  243 6
-244.467  0.247631  1583 4
192.985  0.26269  12254 6
13.907  0.234637  716 4
166.281  0.233831  1005 6
7.468  0.268606  1169 6
59.907  0.36581  1673 6
72.719  0.360487  1559 4
4.61  0.252584  4644 4
15.468  0.248869  221 4
-373.392  0.282776  389 6
14.436  0.264451  692 4
94.187  0.388778  499 4
-200.048  0.22571  669 4
24.655  0.271478  291 6
13.844  0.216216  222 6
81.359  0.365282  939 4
229.938  0.374875  1003 4
-148.547  0.241503  559 6
237.922  0.262156  1419 4
-298.656  0.243564  505 4
65.655  0.311663  1569 4
11.797  0.244949  1980 4
64.171  0.343  2000 4
54.61  0.33715  2358 6
-32.72  0.340426  329 4
-64.251  0.32708  2079 4
82.5  0.368771  301 6
58.437  0.348383  1639 6
187.624  0.370787  801 6
-214.577  0.0969697  165 4
-2.61  0.225908  1266 4
2.719  0  16383 4
-351.844  0.238585  1555 4
-132.939  0.358744  446 6
-338.782  0.295  400 6
0  0.266355  428 6
-197.033  0.243478  690 4
-52.376  0.25  412 6
9.985  0.244337  1236 6
15.266  0.23741  278 4
54.25  0.350473  2431 6
-272.047  0.261183  1386 6
14.704  0.257336  443 6
-38.767  0.254167  3840 4
8.188  0.260442  6608 6
314.374  0.231492  851 4
67.547  0.373244  1495 4
6.235  0.228365  832 6
-171.047  0.253749  1667 6
70.813  0.364516  310 4
73  0.369895  857 6
70.094  0.373083  1174 6
98.221  0.214286  490 4
-0.079  0.343552  5056 6
141.969  0.257067  1132 4
13.594  0.234667  375 6
2.406  0.210337  832 4
-40.626  0.332894  3797 4
123.906  0.384581  2231 6
-292.311  0.291382  731 4
99.328  0.430493  446 6
38.436  0.244077  1815 4
11.408  0.260664  422 4
60.594  0.229759  914 6
15.281  0.222874  341 6
-293.188  0.0862944  197 6
84.188  0.191919  297 4
-21.748  0.243464  612 4
247.672  0.246263  1405 4
12.218  0.281081  370 6
18.219  0.183908  261 4
68.687  0.399289  844 4
73.016  0.340157  635 4
76.406  0.359725  581 6
-311.844  0.254545  330 4
12.968  0.296296  324 4
91.53  0.245439  603 4
157.187  0.273038  293 6
66.782  0.338843  1694 4
45.203  0.242707  857 4
215.22  0.329799  943 4
14.579  0.182768  383 6
3.485  0.255686  1275 6
-35.092  0.23569  1782 4
-297.499  0.281734  323 4
52.813  0.335605  3081 4
64.595  0.376431  1485 4
-0.188  0.253165  1106 4
16.189  0.25  284 6
-337.252  0.178571  224 6
5.827  0.243228  5316 4
-119.031  0.223561  747 4
216.578  0.24484  1405 6
62.953  0.358168  2161 6
-302.656  0.230241  291 4
55.078  0.339793  3096 4
14.299  0.21148  662 4
-61.562  0.273124  1146 4
-378.594  0.211045  507 6
49.267  0.325068  2218 4
-235.249  0.245863  846 4
-4.016  0.252448  3676 6
-28.938  0.152  250 4
229.282  0.228095  719 6
55.093  0.369541  2725 6
-309.876  0.366165  863 6
8.297  0.237965  1828 4
24.717  0.206468  804 4
9.813  0.284884  516 6
306.75  0.228814  708 4
74.562  0.336719  1280 4
15.094  0.184659  352 4
65.406  0.387187  359 6
213.935  0.229209  493 4
133.813  0.36626  901 6
11.579  0.248258  3444 6
-324.251  0.238462  260 4
-150.251  0.210744  242 6
54.594  0.355388  2524 4
-42.125  0.275591  254 6
14.516  0.248596  3560 4
97  0.225225  444 6
-278.499  0.242894  387 6
66.687  0.306931  303 4
66.985  0.286207  290 6
-242.516  0.249041  2345 4
17.315  0.257353  272 6
69.719  0.38  950 4
73.672  0.394521  365 6
-0.595  0.252155  464 6
-3.811  0.186969  353 4
16.562  0.279012  405 4
9.688  0.272556  532 6
-87.374  0.286585  328 6
284.063  0.261972  355 6
49.453  0.340535  4073 4
-313.985  0.255635  1686 6
62.36  0.351385  1588 4
60.249  0.395451  1143 6
57.327  0.332763  2924 6
280.312  0.154362  298 6
56.297  0.387624  2327 4
-17.797  0.252999  917 4
106.064  0.301408  355 4
-369.812  0.267273  550 6
15.016  0.223496  349 6
12.452  0.233775  1510 6
15.252  0.219444  360 6
-60.47  0.266525  469 4
67.296  0.141791  268 4
13.501  0.253521  426 4
-105.032  0.173633  311 6
189.843  0.25  532 6
-73.062  0.236863  1237 6
-389.749  0.245652  460 6
-162.468  0.233387  617 6
59.671  0.369121  1956 6
71.938  0.371846  1506 4
-0.845  0.17561  410 6
-254.531  0.178022  455 4
-390.06  0.174545  275 4
132.94  0.263773  599 4
-339.42  0.229701  936 4
-186.796  0.316726  281 4
60.216  0.343348  1864 6
1.188  0  16383 4
49.342  0.327559  3117 6
153.064  0.232955  176 4
13.124  0.208485  825 6
-44.032  0.258892  1209 6
27.812  0.239609  409 4
65.89  0.330157  2099 6
-2.032  0.250699  1073 6
-316.888  0.0679612  103 6
-332.686  0.282392  301 4
11.204  0.232653  980 6
15.28  0.219839  373 4
92.124  0.268267  958 6
-84.576  0.248721  977 6
-355.532  0.223336  1097 4
15.61  0.230769  364 6
70.252  0.355228  746 6
68.346  0.255686  4001 4
52.282  0.326761  3905 6
-355.924  0.25964  1167 4
58.544  0.255952  1008 6
57.25  0.377689  1255 4
10.03  0.123529  340 4
-226.532  0.27915  1741 6
156.624  0.262769  1488 4
57.328  0.330822  1593 4
61.734  0.369239  1866 4
148.184  0.329768  561 6
239.516  0.243661  1617 6
-219.75  0.250554  451 4
2.414  0.249842  4739 6
69.22  0.336384  437 4
176.846  0.211934  486 6
19.97  0.155779  199 4
19.594  0.288194  288 6
95.92  0.242537  268 4
-204  0.0207254  193 4
-378.874  0.238095  294 6
6.408  0.267951  571 6
68.72  0.359473  1441 4
68.3  0.335106  940 6
141.56  0.117021  282 6
-365.336  0.229967  1822 6
13.97  0.268657  469 6
18.596  0.230126  239 4
-349.22  0.237342  632 6
2.564  0.184116  277 4
167.218  0.373016  504 4
59.218  0.381282  1154 4
-345.906  0.241228  456 6
-278.814  0.297674  430 6
60.264  0.384754  1666 4
61.984  0.329417  2298 6
-266.908  0.255319  517 6
-105.252  0.274667  750 4
74.798  0.392713  988 6
13.092  0.178886  341 4
72.092  0.345904  769 6
54.126  0.382913  2575 4
11.392  0.218954  1224 4
16.282  0.252033  369 4
15.876  0.316265  332 6
75.908  0.354015  822 4
213.502  0.188406  276 6
-44.374  0.21542  441 4
59.84  0.35  720 6
-366.592  0.241573  356 6
-365.284  0.243537  735 6
-63.312  0.253438  509 4
11.984  0.246844  1426 6
-265.794  0.269196  2214 4
16.424  0.222222  297 6
7.314  0.222222  1107 6
58.688  0.252045  1345 6
249.344  0.18931  449 4
-76.468  0.354839  279 4
16.5  0.235294  272 6
211.672  0.258148  1933 4
1.798  0.242619  2337 4
-256.032  0.25  944 6
-5.016  0.237362  2077 6
72.624  0.364096  791 6
-122.422  0.28538  855 6
-129.628  0.207547  371 6
-174.016  0.254296  873 4
86.422  0.338028  852 4
185.718  0.247225  991 4
132.596  0.244592  601 4
59.67  0.37506  2077 4
71.094  0.34386  855 4
15.25  0.161677  334 6
-123.47  0.253994  1815 6
-325.028  0.217593  432 4
275.188  0.147601  271 6
-275.876  0.2  335 4
-337.562  0.230263  760 4
234.376  0.216396  1354 4
-137.5  0.309701  268 4
-281.812  0.202166  277 4
111.42  0.242912  1305 6
-5.422  0.272651  11942 6
16.16  0.110553  199 4
51.872  0.319444  3312 4
185.514  0.252444  1125 6
-243.422  0.269537  1254 6
-210.218  0.32069  290 4
9.906  0.250078  3215 4
-69.438  0.265795  459 6
73.624  0.367045  880 4
5.376  0.255711  6347 4
12.846  0.252648  661 4
69.952  0.356061  792 6
-292.328  0.249551  1114 6
222.688  0.227811  338 4
11.594  0.213278  1205 6
11.25  0.22292  637 4
50.642  0.355349  2150 4
-337.218  0.24735  283 6
306.648  0.246594  4331 4
11.424  0.25  1180 4
-24.906  0.237594  665 4
-378.984  0.239692  1819 6
287.872  0.258929  224 6
59.982  0.338782  1346 4
-30.626  0.242991  642 4
52.688  0.302326  1075 4
16.624  0.196491  285 4
8.998  0.253687  339 6
-0.158  0.256624  3359 6
72.156  0.337758  678 6
2.876  0.240741  270 4
147.75  0.243004  2716 6
282.998  0.256944  1008 4
69.204  0.374927  1707 6
62.14  0.228682  258 4
-224.798  0.219251  748 6
22.282  0.191011  445 4
96  0.244355  1240 6
-126.47  0.1949  549 6
-198.64  0.149826  287 6
153.408  0.35206  534 6
-251.406  0.263903  989 6
10.36  0.23126  627 6
219.626  0.235817  1463 6
13.188  0.273752  621 4
63.28  0.359504  484 4
-384.8  0.261286  731 4
70.766  0.339835  1333 6
16.452  0.243523  386 6
75.938  0.347992  1046 4
11.702  0.247201  1072 6
13.282  0.121849  238 6
72.812  0.309491  727 4
-349.532  0.238307  449 4
238.61  0.330798  526 6
167.438  0.144279  201 4
14.078  0.244635  466 6
63.078  0.325315  873 4
-200.376  0.319444  360 6
74.704  0.348249  1028 6
234.342  0.226042  960 6
-146.748  0.182609  230 4
294.156  0.262899  407 4
194.908  0.265993  297 6
168.716  0.383562  949 4
14.032  0.253205  624 4
-227.14  0.226432  1135 4
117.736  0.155462  238 6
61.22  0.375  344 6
61.454  0.324827  1881 4
-314.5  0.176471  255 4
72.438  0.398907  732 6
192.186  0.244856  486 4
14.156  0.178862  492 4
64.22  0.376471  1785 4
-197.874  0.256059  949 4
217.436  0.241627  418 4
15.594  0.22619  252 6
13.092  0.26053  1923 4
16.108  0.197452  314 4
11.5  0.246785  1244 6
-317.468  0.221154  520 4
80.61  0.378344  785 4
-325.844  0.22449  588 6
14.064  0.311355  273 6
62.484  0.320579  2143 6
13.39  0.247331  562 6
-236.282  0.244539  1877 4
-1.562  0.250909  275 6
-109.406  0.244076  422 4
315.654  0.22677  904 4
57.452  0.352182  1627 4
59.5  0.335022  1382 6
293.908  0.269311  479 6
56.592  0.323481  609 4
-154.844  0.237864  412 6
-385.342  0.258575  758 4
-291.858  0.239295  397 6
54.094  0.353224  2078 6
18.472  0.139785  186 4
267.736  0.367876  386 4
12.72  0.210856  479 6
56.986  0.343953  1538 6
116.56  0.403657  711 6
-199.578  0.230843  2075 4
-3.844  0.244681  1410 4
54.57  0.33399  3551 4
78.766  0.357527  372 4
16.75  0.216146  384 4
-386.092  0.319018  326 4
11.752  0.230263  304 4
69.11  0.24225  871 6
15.47  0.237736  265 6
172.516  0.325581  645 6
236.282  0.209505  1031 6
-109.53  0.261295  1328 4
-302.658  0.251337  561 6
13.5  0.175926  324 6
-179.75  0.239757  659 4
12.484  0.180778  437 6
241.216  0.369298  1140 4
147.594  0.238636  528 4
-28.094  0.258856  367 4
122.486  0.295276  508 4
15.532  0.169381  307 6
-327.406  0.212766  282 6
7.812  0.3  380 6
-201.468  0  16383 6
-260.044  0.231646  790 4
15.564  0.205556  360 4
-81.216  0.2334  994 4
-46.53  0.250153  1635 6
2.47  0.219212  406 4
15.546  0.197411  309 4
80.874  0.376485  842 6
5.86  0.224414  1876 6
-363.344  0.225067  742 6
-361.844  0.27521  476 6
310.688  0.354683  1655 4
185.564  0.259369  1681 4
64.812  0.358837  1307 4
14.36  0.233333  660 4
76.75  0.356137  497 6
10.046  0.258838  12305 4
183.5  0.276316  304 6
63.236  0.383542  1361 6
-199.78  0.143617  188 4
-337.812  0.273684  760 4
60.892  0.382  1000 4
144.064  0.273183  399 4
65.938  0.381379  1450 4
71.624  0.356584  1405 4
17.998  0.220339  236 4
-256.468  0.248691  764 4
117.092  0.36858  331 6
72.624  0.372807  1140 6
-208.86  0.233512  561 4
-166.75  0.241935  1240 4
9.704  0.240116  1037 6
61.312  0.377565  731 4
68.22  0.410606  660 6
-353.06  0.252273  440 6
-252.94  0.314741  251 4
-76.75  0.243056  432 6
-129.47  0.194158  582 6
51.484  0.31951  2532 6
7.844  0.274165  1138 6
-124.36  0.235477  964 4
-99.686  0.228155  206 6
-387.22  0.278956  613 4
-325.766  0.244424  2152 4
9.376  0.256831  1464 4
165.75  0.223958  384 6
-268.124  0.18328  311 6
54.656  0.337668  2153 6
-54.296  0.242872  1964 4
-126.36  0.35  360 4
65.17  0.346296  540 6
-120.56  0.2608  1250 4
75.28  0.369565  782 6
34.154  0.209977  862 6
16.5  0.360324  247 4
264.562  0.29646  226 4
64.42  0.348423  1966 4
69.782  0.371371  999 4
-236.078  0.262857  1225 4
59.048  0.355879  1582 4
9.564  0.252672  2058 6
-50.97  0.204494  445 4
16.624  0.113208  212 6
45.612  0.25395  3481 6
56.016  0.386263  1587 6
16.936  0.155251  219 6
140.72  0.265027  2562 6
-186.748  0.237589  564 6
-88.532  0.243952  496 4
15.844  0.247343  1035 6
58.516  0.357143  1274 6
54.908  0.356337  2304 4
260.204  0.228799  1757 6
211.656  0.23507  787 6
16.22  0.236434  258 6
77.828  0.229825  570 6
-230.544  0.348282  1048 4
59.188  0.260016  1223 4
61.436  0.363914  1308 6
115.984  0.40966  559 4
-4.048  0.227403  1394 4
97.376  0.251685  1335 4
99.408  0.383621  696 4
-291.796  0.261919  1699 4
15.5  0.208178  538 4
54.148  0.325643  3771 6
-84.312  0.262452  522 6
142.22  0.201068  562 4
8.16  0.284051  859 6
0.156  0.443093  1151 6
-210.56  0.217765  698 4
-239.14  0.235832  1094 6
7.5  0.257701  1688 4
-169.892  0.277851  1526 4
-94.78  0.253355  3651 4
-375.376  0.137615  218 6
56.156  0.363878  2259 6
218  0.3083  759 6
55.532  0.365672  1876 6
-137.532  0.26945  1054 6
62.188  0.400249  802 4
59.188  0.366771  957 4
-100.08  0.23871  310 6
-326.22  0.254364  401 6
-353.208  0.197576  825 6
68.78  0.373196  485 4
11.316  0.242389  854 4
-329.592  0.224422  303 4
196.34  0.230563  746 6
54.752  0.344816  3019 4
267.88  0.26047  1958 6
173.356  0.315217  276 6
-21.108  0.240135  887 4
53.624  0.343125  2451 6
-95.464  0.186782  348 4
171.216  0.45591  533 6
-178.436  0.22547  479 6
-100.504  0.0909091  253 6
75.06  0.252551  392 4
239.188  0.1875  272 6
28.672  0.175732  239 4
170.612  0.361224  980 4
178.312  0.372294  462 6
69.016  0.424974  953 4
71.22  0.371108  803 4
-159.264  0.149038  208 6
-118.72  0.214925  335 6
56.816  0.345788  2730 4
51.716  0.272431  1226 6
16.344  0.153846  260 6
-273.908  0.252612  2201 4
15.732  0.207547  318 6
-228.984  0.196078  510 4
71.844  0.327473  455 4
-3.512  0.24653  1513 6
278.216  0.239199  1898 4
64.252  0.370621  885 4
-3.876  0.255837  2013 4
-320.812  0.26971  723 6
71.516  0.331378  682 6
12.876  0.185455  275 4
314.032  0.260163  246 4
-329.504  0.280922  477 6
13.408  0.241758  546 4
-109.124  0.215517  232 4
8.128  0.232971  1013 4
10.312  0.23665  1648 4
15.86  0.266055  436 4
-18.796  0.220399  1402 4
1.56  0.237342  632 6
-326.812  0.35119  336 4
209.892  0.251975  1139 6
-76.14  0.247706  327 6
-238.752  0.212355  259 4
-3.516  0.265244  1640 6
71.316  0.386792  954 6
240.5  0.369289  788 4
-145.5  0.209622  291 4
71.688  0.3125  896 4
-6.504  0.258685  5872 4
15.032  0.266393  488 4
2.22  0.277251  422 6
-325.876  0.192  250 6
-353  0.276978  278 4
267.78  0.215881  403 6
315.016  0.254237  472 6
57.632  0.31942  2827 4
-157.188  0.389333  375 4
16.22  0.306667  525 4
-335.44  0.25605  2066 4
164.84  0.209302  602 6
10.032  0.235372  752 6
56.188  0.348256  1720 6
-164.188  0.236364  220 4
9.232  0.218992  1032 4
123.124  0.452247  356 4
-0.032  0.231591  842 4
220.36  0.236593  317 6
99.284  0.355072  552 6
-250  0.26781  758 6
178.876  0.325444  338 4
12.988  0.179931  578 6
58.204  0.335217  531 4
77.328  0.353066  946 4
54.76  0.250618  2023 6
-60.28  0.132394  355 4
71.532  0.371671  826 4
9.408  0.257081  459 6
169.296  0.223889  1800 6
77.908  0.407643  471 4
51.748  0.354155  3682 6
-201.124  0.157303  267 4
70.252  0.398058  618 6
12.252  0.206186  776 6
72.472  0.309406  404 4
57.436  0.357977  1799 4
71.688  0.24876  1210 6
-370.436  0.230392  408 4
60.656  0.351237  1415 4
53.908  0.339051  991 4
53.316  0.336544  3218 4
16.752  0.279221  308 4
-99.516  0.267534  1768 4
-300.372  0.30303  330 4
74.312  0.400668  599 4
41.376  0.240152  787 6
13.908  0.206557  305 6
18.144  0.292254  284 6
-96.84  0.19963  541 4
190.44  0.355641  1046 6
17.656  0.251852  270 6
313.248  0.25614  570 4
74.936  0.358209  536 4
127.72  0.339901  812 6
-235.936  0.269886  352 6
10.296  0.213962  1103 4
-281.22  0.250998  2004 4
269.248  0.185455  275 4
182.248  0.256932  541 4
-150.284  0.222028  572 4
24.184  0.248011  1508 4
12.204  0.186813  455 4
256.592  0.282353  425 4
63.14  0.344275  2559 6
-379.088  0.327864  6643 4
-360.72  0.262821  468 4
53.376  0.372051  1653 6
176.44  0.153846  221 4
-60.944  0.227992  4237 6
15.344  0.203647  329 6
7.092  0.240646  4089 4
28.408  0.193277  357 4
-65.376  0.226415  954 6
-95.28  0.230415  434 4
131.016  0.230388  1211 4
50.984  0.350199  1759 4
64.956  0.368637  1218 6
50.78  0.363256  1671 6
-392.372  0.224  250 4
61.156  0.293515  293 6
106.936  0.33515  367 4
11.676  0.262032  561 6
20.808  0.178138  247 4
66.656  0.345632  1843 6
12.688  0.2397  267 6
-141.936  0.271242  306 6
47.544  0.338358  3848 6
118.748  0.238202  445 4
-329.28  0.272636  994 4
-3.148  0.233107  2205 4
14.44  0.179775  445 4
5.284  0.26136  5678 4
292.192  0.264873  706 4
9.916  0.241367  2722 6
261.904  0.246517  1866 4
144.532  0.256303  952 4
7.728  0.248949  2378 4
16.108  0.242321  293 4
-140.312  0.235532  743 4
-326.556  0.250398  6282 4
14.672  0.265896  346 4
69.5  0.373253  1503 4
-94.64  0.218466  769 4
168.628  0.220859  326 6
71.232  0.370499  1444 4
50.78  0.324658  3650 6
51.56  0.32909  2671 6
58.596  0.356656  1615 6
14.22  0.244946  841 4
100.188  0.250628  1592 6
68.44  0.350575  1218 4
187.216  0.378698  845 6
67.656  0.371066  1970 4
60.592  0.386423  1149 4
241.592  0.260054  373 4
120.124  0.228782  271 6
-244.408  0.227848  474 4
75.216  0.355017  907 6
13.56  0.211881  505 6
-3.048  0.24707  1024 4
14.952  0.31993  572 4
102.22  0.337162  1219 6
