-306.734  0.229746  827
49.047  0.331606  2123
256.282  0.243325  1985
-28.84  0.199005  402
36.672  0.35479  1973
41.156  0.36149  3303
-69.548  0.243359  2334
-187.845  0  16383
-33.735  0.209974  381
-247.813  0.27486  1961
-39.218  0.242935  3503
-93.202  0.234951  515
51.484  0.337486  1766
-77.493  0.239717  2407
-231.078  0.20436  734
-136.532  0.239808  1251
-65.523  0.238122  1747
162.673  0.375  712
9.282  0.227074  1374
13.859  0.190045  442
317.124  0.224505  1363
391.904  0.192982  456
-220.454  0.234469  1497
7.642  0.267526  5663
-273.234  0.239872  938
-304.96  0.368266  1355
-112.748  0.277205  873
-85.312  0.27112  509
51.33  0.3566  1447
-16.282  0.230508  590
-252.264  0.235294  425
-21.462  0.230335  2479
131.97  0.251509  497
-163.624  0.253696  1285
-25.038  0.247603  5840
54.062  0.38141  624
31.908  0.155251  438
-133.532  0.21473  964
-190.376  0.199507  406
-113.892  0.201942  515
9.984  0.254178  1137
-108.812  0.234663  652
-17.084  0.345244  3890
-76.896  0  16383
-175.688  0.231092  714
-127.268  0.238139  1096
-157.532  0.245192  416
-204.708  0.244287  2538
5.92  0.204883  942
-150.484  0.227874  983
-176.456  0.257677  2247
-267.94  0.257256  5030
-216.032  0.24356  1281
-273.284  0.231105  688
59.5  0.380688  901
-91.028  0.271368  468
-73.892  0.231736  2546
60.828  0.396104  616
377.808  0.279948  768
3.3  0.247661  3634
-271.124  0.24684  1503
6.444  0.261381  4503
147.032  0.233302  1063
-163.236  0.250234  3201
-189.484  0.247406  1253
-2.624  0  16383
-322.328  0.212654  1707
