68.204  0.341719  1431
22.875  0.21513  423
-212.22  0.229938  648
-153.687  0.244671  2064
56.468  0.360487  2136
14.25  0.213362  464
162.72  0.232113  1202
71.086  0.40457  744
-130.655  0.252551  392
69.108  0.381102  1270
14.829  0.296724  519
-2.954  0.252758  1994
7.703  0.252174  2990
287.407  0.339026  1171
1  0.173575  386
25.829  0.222111  995
-83.641  0.264813  2194
361.844  0.199678  621
205.266  0.365079  1323
87.594  0.328767  584
13.156  0.241114  1041
11.578  0.235927  1581
-121.508  0.252507  1097
10.157  0.202765  434
-273.214  0  16383
53.579  0.337626  1786
53.22  0.222222  657
304.859  0.245893  1826
60.094  0.340909  1716
-388.736  0.229562  1211
59.906  0.392614  1029
261.296  0.356984  1353
-306.371  0.0404688  16383
-263.906  0.242806  556
104.735  0.233516  364
-381.485  0.268741  707
55.016  0.355644  1001
15.859  0.26393  341
293.313  0.357002  507
323.124  0.339956  906
-157.046  0.233897  1894
38.861  0.234201  1076
14.407  0.210762  669
55.79  0.364086  607
-168.187  0.242718  721
122.5  0.361682  1070
68.921  0.366405  1018
55.313  0.369048  756
-183.782  0.202  500
-241.234  0.211454  681
58  0.355302  2018
59.783  0.391304  782
-244.686  0.216471  425
15.064  0.199203  502
51.874  0.319645  2703
334.938  0.243243  814
6.887  0.254659  11376
17.783  0.232143  392
-5.017  0.23736  1424
16.703  0.280392  510
-202.094  0.238871  921
17.531  0.267191  509
73.46  0.349794  1458
-118.344  0.241667  600
-291.859  0.219235  967
39.485  0.271137  686
-124.421  0.250765  1308
338.53  0.242094  917
-4.194  0.248272  1736
-266.876  0.252033  369
4.577  0.253308  4761
63.97  0.212857  1400
20.686  0.150442  339
345.345  0.352222  1800
56.374  0.361665  2859
14.752  0.237248  843
71.421  0.371409  1427
-43.188  0.278902  692
63.97  0.340361  1992
7.328  0.244426  2422
70.225  0.311943  1683
59.719  0.387022  863
-263.158  0.351412  885
51.249  0.334552  4104
110.313  0.37747  506
17.968  0.19084  393
-1.087  0.23013  1925
17.664  0.257373  373
134.186  0.369935  765
-249.547  0.232484  1256
88.467  0.332815  643
-303.546  0.220339  885
375.157  0.344357  1391
205.5  0.266174  541
-384.438  0.266223  601
65.22  0.365584  1540
-187.391  0.225678  1511
164.25  0.241007  556
374.61  0.323286  2654
15.907  0.218978  411
77.483  0.367871  1052
-24.439  0.293598  453
-333.048  0.261525  1128
-328.751  0.238318  642
133.295  0.368564  1107
9.624  0.256952  1798
207  0.24808  1302
11.062  0.271449  711
-51.93  0.237216  704
-258.688  0.203448  290
390.031  0.253933  445
88.204  0.373997  623
-223.717  0.24053  1056
210.344  0.382739  533
154.078  0.34918  610
57.282  0.358001  2081
50.672  0.343391  3480
7.988  0.235589  798
-327.094  0.238965  657
-2.218  0.243309  822
-3.156  0.240545  661
45.266  0.329189  3861
10.314  0.234827  1384
-54.968  0.229469  1656
138.812  0.235966  1051
70.436  0.37092  1685
106.42  0.251773  564
259.452  0.328512  484
205.174  0.25739  1387
66.672  0.310663  1191
13.58  0.256184  566
89  0.232465  998
49.156  0.228489  2429
57.118  0.335589  2512
-253.802  0.205414  628
-252.61  0.22031  581
326.952  0.250846  2069
-225.798  0.260126  1111
78  0.364146  714
-53.374  0.22721  2161
-235.828  0.234292  2642
26.814  0.107692  390
-181.384  0.248835  2789
66.796  0.381484  1253
-36.108  0.240942  1104
-223.744  0.230741  2765
-96.174  0.260597  1911
-134.06  0.234856  2014
-262.672  0.263858  3157
157.472  0.333652  2095
32.546  0.234467  1706
-306.252  0.230682  880
269.986  0.210773  427
15  0.32008  503
-228.53  0.247505  501
74.142  0.244898  1029
-19.03  0.213094  779
-105.954  0.248339  1204
-290.272  0.236994  865
-354.952  0.242123  603
73.462  0.398777  1472
10.81  0.250307  3260
52.686  0.350271  1476
161.358  0.223289  833
-48.016  0.248591  3017
17.07  0.259346  428
-293.344  0.282486  531
-287.72  0.215743  343
-171.764  0.237288  1593
55.516  0.331399  2930
-17.61  0.229885  696
55.5  0.34269  3420
7.898  0.260131  4590
-269.232  0.230834  1187
56.204  0.356537  1767
214.468  0.173387  496
15.576  0.210407  442
338.518  0.339623  689
-21.332  0.238806  1943
291.922  0.26385  1065
17.72  0.132616  279
-3.25  0.228937  1721
-10.47  0.182768  383
13.704  0.254023  870
160.938  0.370705  553
13.676  0.241114  1041
32.484  0.376754  2495
55.564  0.328463  1985
-206.096  0.217861  1758
-7.452  0.234012  688
217.932  0.24466  1030
61.61  0.355191  915
278.094  0.38777  1341
-273.192  0.247784  2369
108.296  0.358696  1104
71.556  0.311069  524
61.084  0.302457  2645
16.764  0.235897  390
332.202  0.182471  696
-0.11  0.221408  682
-66.126  0.237037  405
146.092  0.21992  1255
10.104  0.241379  3190
7.252  0.236502  3019
261.75  0.217469  561
-74.544  0.237472  2215
139.74  0.0434597  16383
65.75  0.350699  787
69.654  0.37577  974
72.306  0.540943  1209
-244.516  0.241472  1114
-13.416  0.255791  7209
253.686  0.261905  672
11.858  0.235795  1760
14.744  0.242947  638
14.232  0.233129  489
-361  0.246415  767
28.906  0.24187  984
71.28  0.381373  1020
-297.688  0.136816  402
-2.056  0.243924  3456
17.954  0.246127  581
78.312  0.3375  720
70.576  0.365503  487
23  0.191919  396
15.468  0.283088  544
58.368  0.332621  3274
340.048  0.260306  849
73.712  0.264977  434
371.906  0.246626  815
-331.064  0.221601  537
-342.282  0.193929  593
-194.936  0.237569  724
13.014  0.217466  1168
55.938  0.332978  2811
16.968  0.232416  327
-358.03  0.197211  502
17.96  0.228205  390
-268.766  0.225098  1777
273.344  0.372024  672
19.384  0.191126  586
13.234  0.244953  743
85.564  0.397878  754
-142.998  0.247986  1117
60.572  0.376271  590
148.328  0.227513  756
-262.968  0.206989  372
-330.188  0.230469  768
63.11  0.371611  627
53.752  0.323656  1860
331.952  0.259713  1879
65.732  0.349643  1819
3.98  0.18446  16383
14.044  0.263959  788
88.016  0.357058  843
-137.008  0.229349  2058
-78.002  0.246889  2009
-203.686  0.279352  494
196.248  0.396072  611
-0.908  0.256358  4876
65.7  0.344027  904
-11.048  0.220207  1544
-105.212  0.240092  2170
-104.352  0.278752  513
-3.576  0.246893  1207
-21.156  0.239872  938
82.456  0.35809  754
134.124  0.37435  577
-178.06  0.36673  529
11.676  0.235425  3602
-32.392  0.209916  948
56.86  0.352629  2453
-372.148  0.242754  1656
54.908  0.334194  3097
67.496  0.353988  1630
-260.828  0.197158  563
71.58  0.395455  660
-117.876  0.229025  882
-102.296  0.347326  2001
76.816  0.223757  724
-234.7  0.260204  2548
172.764  0.228165  1477
-120.092  0.408931  1702
-202.124  0.262217  839
59.08  0.251214  824
-333.544  0.235795  352
-236.752  0.238004  521
-344.956  0.301703  411
-241.272  0.255854  2904
-141.252  0.253804  1446
-233.312  0.245581  1075
103.324  0.247681  1078
91.876  0.38326  908
-2.124  0.217949  546
55.68  0.35948  2078
65.56  0.364527  919
14.764  0.221569  510
-32.748  0.2194  433
71.548  0.335899  1429
60.172  0.378818  2030
11.484  0.238431  1275
13.732  0.26087  575
-357.02  0.256729  966
72.612  0.350161  931
-283.596  0.264803  608
158.892  0.428215  801
61.876  0.342189  1882
62.828  0.35924  1158
54.184  0.323082  3089
109.608  0.22783  1387
60.624  0.36376  734
50.452  0.338353  3984
17.124  0.228155  412
11.904  0.228346  381
1.172  0.284553  861
13.28  0.237366  653
78.372  0.250349  1434
16.376  0.225806  372
-7.028  0.232614  417
9.236  0.247035  1939
-305.608  0.225513  439
77.592  0.335727  557
17.532  0.194611  334
115.764  0.248948  1426
-228.624  0.288227  739
3.704  0.25  984
113.544  0.201493  536
0.576  0.217577  1172
15.312  0.237288  708
68.44  0.387215  1361
363.096  0.248175  411
-146.492  0.246667  1800
16.264  0.253283  533
-81.032  0.221219  1329
-332.28  0.228727  1657
77.344  0.363723  1053
233.78  0.344237  642
-1.532  0.240826  872
150.596  0.241042  614
-77.936  0.27044  636
58.576  0.394076  1992
366.564  0.242967  391
-111.544  0.333606  4886
-297.812  0.23899  1703
65.44  0.239264  489
67.612  0.341931  1357
305.876  0.253589  418
52.048  0.347826  2415
116.036  0.228814  1770
101.608  0.237624  808
66.592  0.248268  866
-1.612  0.23014  2077
321.248  0.375  704
-191.156  0.245802  655
17.844  0.262997  327
79.984  0.356852  737
13.14  0.182796  837
-391.704  0.234555  955
62.892  0.345979  1977
72.184  0.341515  1426
228.108  0.325572  2491
17.5  0.215976  338
73.176  0.356383  1316
173.36  0.30837  454
135.344  0.374359  975
15.656  0.207692  390
83.312  0.353503  628
-382.096  0.258974  390
59.28  0.359264  707
13.716  0.188713  567
5.568  0.2572  4028
317.612  0.368259  1947
-273.608  0.263682  1005
61.752  0.368421  684
260.064  0.23265  1513
265.14  0.231282  1349
53.784  0.353919  1684
48.704  0.330895  1777
74.236  0.424077  731
11.688  0.218667  375
15.328  0.201018  393
8.116  0.248469  4737
187.144  0.331471  537
315.44  0.249624  1330
352.06  0.240642  374
16.984  0.216301  319
74.436  0.335583  1037
65.652  0.408571  1050
10.328  0.223881  670
-46.14  0.240291  1236
303.736  0.32691  1505
-96.436  0.222503  791
8.596  0.246248  7196
-327.564  0.227053  414
8.36  0.216772  1264
77.436  0.376271  885
3.72  0.241477  352
-269.252  0.309884  9055
60.656  0.361472  924
-330.872  0.184783  460
65.72  0.350334  1196
-232.484  0.252218  789
81.048  0.386944  1057
12.16  0.267819  926
82.944  0.316147  737
54.1  0.350223  1796
160.796  0.349144  759
178.268  0.251728  1013
11.216  0.19378  418
239.656  0.218143  463
-49.812  0.256071  453
-172.788  0.243655  788
77.248  0.399351  924
11.984  0.26864  912
259.94  0.354424  2023
280.872  0.199248  798
56.904  0.366771  638
-376.672  0.241379  1073
-43.656  0.255782  735
-329.188  0.255132  1705
80.852  0.153208  16383
1.468  0.236948  747
6.436  0.25  6568
85.404  0.34456  772
6.456  0  16383
-297.968  0.233418  784
-285.156  0.25  1372
1.52  0.259012  2247
-14.304  0.255797  4097
24.5  0.237874  1505
10.968  0.222482  427
10.472  0.241243  2027
-165.78  0.220268  1194
159.816  0.171285  397
-0.636  0.232127  1133
215.5  0.221411  411
49.876  0.227926  487
15.092  0.26834  518
13.72  0.218415  467
-31.756  0.224084  955
-230.892  0.245333  750
195.84  0.362025  790
-250.076  0.244898  1421
352.124  0.208084  668
57.376  0.343248  1244
-258.736  0.241329  1384
141.508  0.239832  713
64.928  0.336042  2092
9.712  0.244789  2063
-38.904  0.269956  689
-117.876  0.245283  1749
62.904  0.328612  706
207.596  0.252713  645
67.108  0.354138  1474
156.376  0.226891  833
260.968  0.246929  814
230  0.211027  526
69.328  0.310306  883
331.532  0.251678  596
69.116  0.374126  858
255.076  0.344419  2195
46.252  0.29724  471
-36.532  0.248357  761
2.44  0.223988  692
56.96  0.336063  2809
-298.216  0.237389  1685
351.344  0.212632  475
64.216  0.350234  1282
12.752  0.236963  1304
256.692  0.115044  339
-2.624  0.21232  763
55.024  0.337799  3135
-230.06  0.276623  770
57.312  0.252336  535
60.376  0.149826  287
156.996  0.338697  1243
53.1  0.333057  2414
212.736  0.382716  891
67.608  0.274809  524
1.28  0.246505  4864
70.028  0.332498  1597
-336.892  0.245119  1383
12.592  0.27724  826
59.48  0.318031  2418
73.428  0.190709  409
-49.048  0.227835  970
234.64  0.25496  3730
63.328  0.347378  1068
-4.312  0.248654  3342
70.628  0.361768  973
68.032  0.335241  1223
348  0.223982  442
49.2  0.247973  2714
13.096  0.165501  429
-74.108  0.246066  2288
53.252  0.31565  1508
81.836  0.34087  575
238.908  0.237261  628
-65.436  0.138643  339
101.976  0.330033  909
188.548  0.208054  596
79.344  0.366705  859
-86.012  0.251225  3264
351.156  0.299301  715
-154.808  0.195181  415
-130.764  0.217028  599
269.108  0.250983  1781
201.496  0.257699  617
56.58  0.330152  1781
-326.116  0.344375  2898
56.2  0.332632  1425
55.024  0.360934  2355
-202.452  0.244573  691
-384.52  0.228268  1599
-126.312  0.167866  417
-29.344  0.293011  744
-0.968  0.210963  602
-261.408  0.280287  974
84.736  0.374868  947
312.588  0.259953  1281
60.984  0.348478  2267
13.14  0.253652  753
-256.892  0.258528  557
243  0.324803  1016
133.032  0.349309  1085
12.92  0.256591  569
15.192  0.166667  486
15.56  0.260437  503
14.912  0.221254  574
127.824  0.360465  1806
58.592  0.352053  1656
52.968  0.337473  2818
-57.456  0.214758  908
27.688  0.223919  393
5.736  0.242401  2632
-126.528  0.0338766  16383
48.704  0.350572  2185
-222.744  0  16383
217.984  0.242869  1157
17.488  0.254941  506
50  0.344106  1052
348.48  0.248598  1605
-21.216  0.246645  3130
11.136  0.225279  1163
-5.432  0.241176  2210
391.744  0.246411  418
15.312  0.24952  521
385.912  0.209913  343
59.112  0.335412  2245
389.376  0.236504  389
57.968  0.347614  1027
12.344  0.177835  388
-162.312  0.225114  2421
53.752  0.337565  2127
55.768  0.355438  2262
53.232  0.333586  2638
-344.4  0.240356  1011
13.528  0.216575  905
18.8  0.215278  432
-7.616  0.253559  8850
82.096  0.342857  2555
2.408  0.244265  741
-115.12  0.251412  708
-276.616  0.245556  900
9.912  0.262526  1916
-381.464  0.194211  1071
-311.672  0.237581  463
-109.408  0.243377  604
73.032  0.344671  1323
14.952  0.199105  447
16.216  0.262852  1206
11.168  0.263746  1164
206.272  0.251781  1263
67.52  0.341146  1152
-0.2  0.240778  1491
-164  0.243647  669
-381.44  0.213509  1288
98.88  0.191489  329
57.776  0.375897  697
250.168  0.237617  1494
-304.904  0.195994  699
273.112  0.26287  1826
3.488  0.205155  970
188.392  0.257653  392
30.344  0.266376  458
-260.376  0.263497  1241
-18.208  0.229804  1275
-329.392  0.244845  776
-272.592  0.157182  369
358.912  0.217163  571
91.656  0.342419  587
-366.096  0.209677  620
-289.008  0.233259  1792
-169.768  0.262115  454
4.4  0.146615  16383
68.352  0.324365  669
-278.488  0.22561  1148
7.32  0.245539  4932
69.984  0.352818  1437
12.608  0.253425  730
36.168  0.21374  786
59.592  0.347589  1099
334.848  0.24876  3630
1.512  0.239619  1156
74.832  0.351702  617
73.264  0.393357  1144
12.416  0.180498  482
216.216  0.237288  354
355.72  0.205263  760
72.536  0.363789  1193
130.048  0.282857  2800
70.152  0.364992  1274
47.344  0.329278  2630
117.04  0.271855  938
59.696  0.362147  1770
-276.08  0.235008  617
134.048  0.251354  923
15.008  0.226667  450
-193.592  0.231788  906
50.64  0.233092  828
133.648  0.23145  1469
-290.328  0.231566  2414
-145.392  0.25046  543
15.352  0.235421  463
-388.144  0.229602  527
-218.688  0.247855  1049
-197.032  0.164384  292
5.544  0.248211  3493
56.872  0.353021  1473
33.08  0.375563  1776
17.36  0.265789  380
4.584  0.238874  1101
79.376  0.187279  566
12.888  0.1875  544
-64.608  0.264206  1707
