166.906  0.403444  813
13.03  0.303477  949
74.015  0.34292  904
70.485  0.353521  710
69.782  0.363144  738
83.328  0.333929  560
70.812  0.386534  802
58.624  0.349562  1828
58.89  0.410761  762
74  0.351492  771
-3.859  0.306358  1384
133.743  0.320812  985
86.361  0.338235  544
58.516  0.321195  2444
57.86  0.375982  891
76.735  0.314626  588
69.813  0.378571  1260
88.329  0.416139  632
68.626  0.374302  1253
-315.156  0.335968  1518
66.077  0.34345  626
50.344  0.345602  2581
14.752  0.394643  560
71.922  0.35  1040
57.171  0.363376  699
363.467  0.322528  617
86.155  0.314783  575
59.328  0.319069  2407
13.829  0.326186  1539
64.906  0.359441  1647
-75.562  0.371429  630
65.484  0.32409  577
61.33  0.341748  515
63.64  0.352547  746
-15.468  0.301294  541
57.33  0.359148  1033
79.908  0.334889  857
52.546  0.334317  1355
55.86  0.340949  1707
9.062  0.314796  1960
74.282  0.382716  729
221.376  0.385492  965
62.86  0.355425  1871
57.906  0.353671  967
60.984  0.350109  1371
55.344  0.341542  1868
63.564  0.343445  923
-102.484  0.317343  1084
61.492  0.336375  767
62.234  0.325279  538
70.248  0.342657  715
331.71  0.411765  680
55.016  0.317751  1476
0.594  0.302122  801
68  0.308081  1188
65.718  0.312372  1463
58.06  0.303927  1757
317.472  0.32334  467
65.804  0.364421  579
0.5  0.302953  779
76.36  0.330645  496
55.936  0.380892  2376
75.468  0.346806  767
58.36  0.353982  1356
72.908  0.347581  1240
70.28  0.405743  801
57.8  0.347791  1245
67.516  0.311848  1055
168.016  0.387618  743
66.284  0.35755  702
75.716  0.403733  1018
79.044  0.414122  524
58.348  0.385034  1470
69.224  0.380721  1027
58.264  0.330779  1566
66.7  0.316465  1324
67.376  0.321327  1055
115.088  0.337917  1018
64.132  0.360721  998
72.36  0.40753  903
227.5  0.399015  1015
53.14  0.325344  2837
88.736  0.374046  524
66.028  0.322635  1184
-272.42  0.320755  1113
53.204  0.359955  1778
-110.092  0.339489  704
58.672  0.351587  1260
19.264  0.389864  513
59.86  0.347852  1699
56.188  0.345727  1533
67.36  0.345436  964
66.308  0.375401  935
75.408  0.364922  707
6.248  0.326667  750
74.36  0.364929  633
64.032  0.382609  1035
66.172  0.341463  943
61  0.387534  738
-343.472  0.479814  644
69.44  0.320847  614
73.068  0.379213  712
54.236  0.30828  2488
-335.328  0.313167  562
157.768  0.301552  902
67.624  0.394419  1075
59.86  0.405318  1241
65.14  0.382065  1327
-186.532  0.458522  663
61.78  0.341478  1678
55.044  0.328677  1217
62.016  0.350184  1088
58.484  0.375637  1765
-296.156  0.420814  663
379.16  0.364486  1177
59.124  0.328664  1856
63.252  0.345833  1680
68.848  0.315789  1216
13.536  0.309168  469
258.064  0.345992  711
54.736  0.366284  2438
57.592  0.346622  1806
-201.064  0.366992  921
71.968  0.328849  669
61.656  0.34182  1571
58.808  0.329443  1114
64.392  0.332719  1085
58.456  0.341282  1342
-281.688  0.307512  426
83.376  0.430586  922
60.968  0.328211  1627
-220.064  0.328421  475
58.544  0.31381  1861
55.592  0.335703  1266
85.2  0.305743  592
56.816  0.376766  637
122.92  0.477593  781
378.984  0.365466  944
-13.64  0.327798  1385
192.392  0.325397  1134
61.44  0.360255  941
-366.752  0.363376  699
72.256  0.325123  812
-297.688  0.380692  1098
70.936  0.316071  560
54.952  0.326158  1533
286.944  0.353755  506
66.104  0.384669  1435
53.168  0.356655  1172
54.584  0.315942  2415
59.888  0.311813  1456
74.784  0.336054  735
51.672  0.384304  1236
294.296  0.344437  1591
56.688  0.316754  1910
60.448  0.352217  812
267.016  0.377915  1458
313.416  0.340591  1286
60.36  0.320996  1567
135.232  0.356551  603
58.48  0.386445  2523
62.064  0.403013  531
76.592  0.394928  828
50.584  0.33395  2162
57.16  0.355365  1286
78.832  0.357798  1090
59.592  0.324461  789
60.744  0.332231  1210
16.312  0.306878  567
63.72  0.351474  882
80.304  0.423121  865
84.168  0.322581  1488
64.504  0.350446  896
-0.464  0.311656  815
59.968  0.389129  1159
-382.976  0.441632  711
69.104  0.38273  857
86.808  0.368349  733
319.08  0.478528  652
64.848  0.339884  865
67.944  0.334249  1092
-154.92  0.458128  609
71.888  0.337302  756
75.408  0.383178  856
-317.56  0.419776  536
170.512  0.350764  1243
-2.56  0.352827  2069
85.032  0.338542  576
-153.672  0.36  625
132.208  0.340573  2026
68.664  0.343203  743
54.152  0.363723  1053
56.712  0.333048  2333
11.936  0.351816  523
183.968  0.369397  647
71.968  0.392749  662
56.784  0.365432  1620
58.296  0.338369  1324
68.184  0.365508  777
52.96  0.342622  1579
60.648  0.354377  1188
-140.216  0.394711  1021
58.088  0.394301  1930
70.944  0.332689  1034
52.6  0.341912  816
58.144  0.324951  2028
294.672  0.356427  1198
335.64  0.343168  644
52.864  0.327897  2943
55.592  0.315098  1371
55.84  0.332731  1106
73.848  0.342679  963
53.488  0.331749  1893
66.816  0.445038  1310
73.464  0.328273  527
49.808  0.333819  2744
54.144  0.332556  2144
185.92  0.3664  625
-60.64  0.306263  1453
130.048  0.407022  1538
57.144  0.324066  1151
139.624  0.367545  721
59.736  0.364334  1172
70.92  0.412327  941
-248.432  0.354934  679
70.368  0.348199  1166
85.688  0.397206  501
70.728  0.407514  1038
68.36  0.327144  1131
72.28  0.366425  1239
274.448  0.421304  629
320.496  0.381264  459
-112.408  0.301613  620
31.792  0.357192  1439
14.72  0.315068  511
373.64  0.338235  748
53.512  0.358545  2446
58.656  0.353636  1609
60.72  0.46793  686
59.344  0.395402  870
198.528  0.413399  612
67.392  0.387324  1278
171.536  0.34134  791
71.056  0.361624  813
-43.456  0.333035  1117
80.688  0.368627  510
57.104  0.412483  1474
223.328  0.367515  1453
391.104  0.300668  898
75.344  0.383973  599
60.256  0.357086  1249
134.224  0.338954  593
93.248  0.321381  753
58.512  0.355615  1122
183.664  0.345168  507
132.208  0.333933  1111
65.824  0.342882  1152
75.472  0.349794  729
43.008  0.300952  525
55.136  0.366013  1071
59.92  0.385151  1724
59.792  0.33697  1650
67.584  0.326087  1058
315.424  0.382527  847
114.128  0.405163  891
67.536  0.387629  970
60.784  0.316629  1756
-297.808  0.39124  1347
71.072  0.392496  693
72.752  0.420561  749
58.576  0.320955  2639
57.456  0.311412  1034
51.76  0.359766  1879
60.208  0.349117  1415
57.808  0.339377  1765
-89.056  0.343413  463
306.416  0.39577  662
-119.648  0.304321  1597
-92.992  0.374325  1667
54.8  0.339691  2202
-379.344  0.371094  1024
251.792  0.397306  891
123.84  0.359944  1428
-194.336  0.316564  815
63.744  0.303887  566
60  0.317522  2066
58.288  0.331917  1648
60.032  0.333045  1156
-164.992  0.411582  967
