-244.78  0.219807  414
-327.765  0.243503  1770
-92.001  0.260764  1231
-92.391  0.241694  1204
-32.679  0.25041  3662
-59.375  0.239024  410
14.657  0.168478  368
-200.187  0.200758  528
-266.484  0.257554  1390
-0.702  0.213431  1504
-352.655  0.205202  346
-251.524  0.238949  837
-217.204  0.203947  760
-267.876  0.240828  1690
-15.812  0.244694  801
-194.564  0.207705  597
-236.814  0.249271  686
-12.312  0.269565  920
-73.172  0.223374  1061
-140.492  0.221741  1849
-95.344  0.294197  741
-228.768  0.338318  535
-217.204  0.208211  341
-18.58  0.227053  1656
-116.672  0.252011  373
-113.184  0.21519  395
-123.372  0.229897  970
-1.424  0.236084  1042
-198.98  0.22906  1170
-196.124  0.255708  1314
-31.08  0.251121  892
-94.032  0.267564  669
-307.684  0.222778  799
7.812  0.189239  539
-333.924  0.235047  1906
55.656  0.193717  573
-200.216  0.215438  868
337.436  0.361483  971
-49.844  0.392965  995
-328.272  0.252896  518
-146.768  0.246545  1375
-32.216  0.200557  359
7.904  0.164609  486
-272.176  0.265784  2645
-341.376  0.268657  469
-77  0.230349  916
-343.352  0.240929  689
-1.76  0.259698  928
-2.736  0.244355  1993
-23.576  0.337158  1830
-4.176  0.260209  1910
-226.216  0.264487  673
-0.24  0.235178  1518
-3.528  0.230196  1477
-312.936  0.236264  1456
49.608  0.370677  1330
-1.848  0.243451  2596
-241.688  0.193878  392
-245.112  0.248709  1162
-184.024  0.18946  797
-241.2  0.200535  374
-102.248  0.238183  1629
-149.584  0.150289  346
-339.92  0.241533  1122
-163.208  0.208885  1058
-3.8  0.251908  1965
-159.6  0.237474  1916
-253.824  0.210197  1118
39.384  0.313756  3235
-290.168  0.253345  1121
-316.272  0.236513  3281
-285.872  0.250585  1708
-330.256  0.230897  602
-303.248  0.278107  676
-145.936  0.208908  943
-0.168  0.24744  1758
-97.968  0.258065  589
-296.536  0.247877  1884
-125.064  0.237976  1601
-162.456  0.237533  762
-98.624  0.228311  876
-7.232  0.234172  1153
-32.96  0.250583  6864
-173.008  0.247306  3712
-105.872  0.248756  804
-161.392  0.264151  1696
-327.104  0.171004  538
-30.656  0.214112  822
-275.872  0.208809  613
-232  0.241119  929
-271.792  0.248276  2610
-23.344  0.219753  1620
-71.872  0.142105  380
-330.528  0.231884  414
-342.288  0.091716  338
-265.008  0.216696  563
