-122.655  0.225316  395
6.984  0.25374  1805
176.694  0.251492  2346
-142.906  0.42461  577
-2.265  0.25264  1231
-112.703  0.236802  663
-330.641  0.16285  393
-211.575  0.120918  16383
8.296  0.241877  1662
174.31  0.168734  403
-159.101  0.201635  367
-256.594  0.259711  1802
-355.563  0.130814  344
-2.508  0  16383
-25.579  0.23251  486
-311.812  0.22807  342
4.86  0.249489  978
-330.94  0.171021  421
5.976  0.237644  2428
-47.514  0.215054  651
-78.248  0.235401  548
-315.502  0.227377  1746
96.782  0.24015  1066
-258.5  0.21611  509
51.826  0.361475  1220
54.984  0.335188  719
-115.718  0.218881  1197
-145.516  0.248355  1216
-207.596  0.235241  1101
-151.74  0.253772  2585
56.78  0.366285  961
-278.592  0.259968  627
-9.576  0.0155039  16383
-169.484  0.243758  4045
7.332  0.23839  1615
-295.86  0.342119  1897
56  0.383648  795
46.344  0.299029  515
-0.688  0.259582  574
-97.188  0.245957  1175
-119.252  0.173789  351
-296.952  0.219472  606
-276.42  0.24952  521
-14.572  0.26381  1937
-60.884  0.265802  617
-232.516  0.222106  959
-2.532  0.253975  4843
-134.564  0.241565  1482
-200.5  0.227154  383
-68.596  0.219621  1794
15.888  0.213333  450
-63.78  0.205056  356
41  0.340223  1790
-226.356  0.274123  456
-281.592  0.222763  1028
-202.236  0.228846  520
-20.904  0.268156  716
-13.344  0.219697  528
-223.236  0.202209  1177
-132.968  0.23868  1303
-108.86  0.243094  543
-1.268  0.257143  1785
-4.172  0.237403  1925
-27.528  0.258297  693
-309.752  0.167155  341
-42.528  0.222222  495
-182.36  0.266495  2334
-265.432  0.246061  2475
-70.152  0.256757  592
-310.28  0.392898  873
-249.352  0  16383
14.448  0.221505  465
-114.176  0.196507  458
-110.376  0.271942  695
48.056  0.396992  1330
-112.72  0.31136  713
-178.264  0.254813  3532
-194.416  0.234286  525
-64.296  0.193764  449
-1.952  0.254584  5126
-158.392  0.242149  1210
48.888  0.351738  1467
135.136  0.236201  2011
16.224  0.216853  807
31.832  0.324708  1198
-137.856  0.277247  523
-193.712  0.228018  671
-167.048  0.256281  1194
-184.808  0.193029  373
-22.28  0.231156  398
-291.296  0.231237  1972
-281.312  0.273302  633
-2.328  0.244056  1430
-128.528  0.266816  446
-220.872  0.232176  547
-129.792  0.275777  1222
-308.08  0.174263  373
45.472  0.386728  1311
-52.256  0.217647  680
-3.328  0.269693  1498
-189.28  0.190283  494
-278.528  0.280605  727
-338.304  0.255876  2978
-67.376  0.260956  502
-350.456  0.249735  1886
3.192  0.250725  1380
-116.896  0.264356  12695
-244.544  0.228176  1157
51.64  0.345342  805
-221.632  0.24943  1315
-273.936  0.217966  757
-264.656  0.235364  837
-1.552  0.253574  1609
-220.4  0.2  835
-138.672  0.255556  1080
12.808  0.187732  538
-246.536  0.234884  430
-272.104  0.237219  978
2.976  0.262058  2633
-310.8  0.228767  730
66.464  0.40625  544
-322.528  0.243936  1443
-321.952  0.23123  1838
-86.688  0.268882  662
41.2  0.34772  1645
-230.408  0.206897  406
-41.528  0.171965  692
-159.888  0.242736  1652
-126.216  0.255507  454
-300.192  0.252241  781
-279.768  0.234138  1119
-71.296  0.247748  1110
-63.392  0.245827  1318
-121.408  0.139881  336
-255.664  0.213018  676
41.824  0.367703  2347
-4.304  0.239163  1338
-87.28  0.248813  2106
-314.176  0.235043  1404
-1.552  0.259375  8987
-229.536  0.236341  787
-347.776  0.381406  839
-150.112  0.231915  940
-149.536  0.251366  366
-145.536  0.324324  814
44.256  0.314587  569
-329.696  0.23484  907
8.096  0.257919  884
-273.36  0.252258  1661
-132.4  0.257967  1977
-321.28  0.248722  587
-198.416  0.259217  1763
-248.544  0.194719  303
-234.464  0.246201  987
-237.904  0.206857  875
-245.504  0.200483  828
-156.56  0.258065  465
-232.304  0.23174  1109
-276.992  0.2231  1013
-178.16  0.22066  1636
-346.448  0.334817  2022
-271.44  0.247925  1807
-127.712  0.221939  392
-41.568  0.220053  1127
-83.952  0.3403  1866
-6.736  0.239934  1217
-147.536  0.285192  547
205.648  0.215881  806
-268.736  0.279693  522
-2.448  0.245536  1120
-1.776  0.256986  4724
-123.152  0.257182  3620
-293.536  0.261596  539
-240.544  0.239378  965
-64.352  0.232493  714
-307.296  0.24812  1064
-330.624  0.263456  353
-119.328  0.232409  938
77.76  0.239401  1203
-260.944  0.222222  1251
-2.672  0.250212  2362
-0.192  0.259918  731
-17.712  0.193853  423
-263.584  0.229008  1310
51.392  0.392857  1036
-71.824  0.0482207  16383
-153.968  0.194853  544
48.848  0.337991  1145
-18.352  0.234973  1647
43.68  0.361702  893
48.016  0.38961  847
-8.912  0.207055  652
-186.176  0.196998  533
-156.192  0.213826  622
-95.84  0.234262  969
-216.656  0.161593  427
14.384  0.199461  371
-303.488  0.22962  1607
-67.808  0.212828  343
-98.928  0.214403  611
-234.56  0.214634  410
-174.416  0.248038  637
62.528  0.310051  587
0.016  0.24931  2535
11.312  0.228102  548
-192.192  0.2507  714
-10.048  0.25305  7050
-166.208  0.256174  14455
-185.824  0.220654  1346
-160.624  0.252368  2639
-384.112  0.232599  1135
-7.6  0.222556  665
-139.376  0.232258  465
-0.688  0.244227  5413
-34.48  0.230114  704
-152.16  0.221289  714
-75.408  0.19209  354
-42.032  0.265979  485
-72.208  0.256557  2440
-330.816  0.261553  2164
-7.648  0.197436  390
56.736  0.245399  815
-235.328  0.347332  1143
6.624  0.262211  6613
38.496  0.339256  2420
-33.328  0.23687  1904
-328.832  0.231362  389
59.296  0.334076  898
-145.344  0.241405  1338
119.664  0.212825  1076
-148.4  0.336852  2084
-273.824  0.24878  820
-200.688  0.214376  793
-310.352  0.227099  524
43.328  0.365854  697
-185.136  0.242931  778
-328.256  0.139053  338
-101.28  0.228926  1210
40.512  0.353342  2349
-29.552  0.227818  417
-44.768  0.257874  508
55.072  0.346401  1403
-150.432  0.222162  1841
-2.128  0.241141  3189
44.4  0.352941  697
6.656  0.2751  498
-308.704  0.216216  296
-347.136  0.253102  403
-104.784  0.259601  1302
-198.72  0.241588  1159
-302.304  0.24103  1087
-240.688  0.202128  564
-25.664  0.274523  1519
-262.8  0.347679  2370
-0.496  0.214953  856
-336.88  0.275547  548
-282.448  0.224444  450
42.096  0.336723  2655
51.216  0.38188  1181
-316.928  0.244078  971
-168.16  0.165816  392
-275.28  0.238011  563
-261.424  0.269388  490
6.352  0.250037  6775
-107.408  0.213514  370
-71.648  0.320362  4420
-275.424  0.103034  16383
