315.203  0.243003  786 6
-2.999  0.25324  1003 6
52.687  0.348165  3596 4
-1.249  0.24292  2260 4
56.938  0.243952  992 6
-328.267  0.229252  1217 6
5.403  0.253546  564 4
145.687  0.389687  1183 6
-1.529  0.231437  1037 6
138.169  0.247074  769 4
64.531  0.270686  846 4
-194.221  0.226463  393 6
64.375  0.367332  1402 6
-228.03  0.191235  251 4
-198.344  0.234201  1076 4
73.688  0.377256  1108 4
73.171  0.365735  823 4
57.969  0.387283  519 6
-376.345  0.258519  851 6
-391.688  0.234801  477 6
7.923  0.244658  3650 4
15.423  0.188356  292 4
-191.595  0.215074  1088 6
52.829  0.330106  3099 6
51.798  0.365182  2470 4
-2.203  0.259007  1027 6
15.439  0.268065  429 4
-47.469  0.295775  568 4
-1.641  0.226221  778 6
15.218  0.292105  380 6
66.531  0.367944  1435 6
46.687  0.349667  2551 6
118.532  0.221825  559 4
-148.281  0.211196  393 6
148.421  0.228346  889 4
238.031  0.257364  645 4
15.752  0.296537  462 4
-0.25  0.175258  194 4
7.343  0.264506  3981 4
-106.313  0.269373  271 4
-250.938  0.211838  642 4
14.812  0.0520231  173 4
-22.876  0.249263  678 6
81  0.369  1000 4
-231.907  0.249344  381 4
272.344  0.329684  2375 4
-156.094  0.248609  539 4
-98.502  0.231707  656 4
8.266  0.241532  3159 4
-153.907  0.239766  513 4
-272.187  0.216036  449 4
12.718  0.253835  717 6
14.592  0.296954  394 4
186.969  0.153153  222 4
-240.408  0.248261  3307 4
-1.437  0.265481  4667 6
-38.657  0.237463  678 6
13.609  0.20412  534 6
89.154  0.400362  552 6
-249.578  0.240076  1587 6
-289.687  0.26455  378 4
204.547  0.406312  507 4
-138.632  0.247929  1690 4
-161.623  0.207455  617 4
4.187  0.225166  453 4
60.095  0.382091  1798 6
80.656  0.418478  736 6
42.312  0.193252  652 4
-5.484  0.250386  1945 4
13.281  0.228972  428 4
-336.844  0.239894  3018 4
13.126  0.182741  394 4
62.22  0.351804  2328 4
4.9  0.244196  3403 4
53.686  0.380658  486 6
286.625  0.249337  377 4
13.374  0.202578  543 6
85.218  0.361481  675 4
1.219  0.282468  616 6
-243.688  0.272871  1268 6
66.124  0.381784  1603 4
-263.781  0.207773  669 6
57.204  0.365718  1616 6
52.077  0.313832  2205 4
82.313  0.187279  283 4
156.374  0.415418  467 4
52.752  0.355867  784 4
58.828  0.343896  1925 6
-321.015  0.0765027  183 6
3.343  0.196078  408 6
-188.438  0.265568  546 6
-221.531  0.268468  555 6
142.64  0.292969  1024 6
-151.017  0.248276  580 4
1.359  0.17456  739 6
57.937  0.406953  978 4
129.672  0.348306  1358 4
-223.532  0.227273  242 6
-62.03  0.250668  1871 6
1.563  0.166344  517 4
12.282  0.2203  867 6
-178.892  0.245487  1939 4
-232.108  0.221905  1050 4
57.922  0.318019  1676 4
11.809  0.168539  267 6
-92.673  0.248836  1503 4
9.195  0.246302  7978 6
-383.923  0.269301  1088 4
14.328  0.243478  690 6
9.689  0.251678  298 4
55.906  0.261242  1401 4
208.78  0.355  400 4
89.046  0.248335  1051 4
-302.736  0.188011  367 4
64.141  0.350838  1790 6
-327.844  0.273872  953 6
158.328  0.382943  598 4
14.845  0.266294  537 6
165.906  0.399142  699 4
-2.592  0.229624  1411 6
146.53  0.390048  623 6
60.095  0.325499  2255 6
-56.998  0.260579  1347 4
9.109  0.2226  1177 6
-214.281  0.20743  323 6
54.907  0.364865  814 6
9.532  0.247019  1174 4
210.109  0.2224  625 6
57.797  0.262374  1879 4
6.031  0.159459  370 4
68.594  0.351955  358 4
12.906  0.291803  305 6
-267.675  0.261658  1158 6
15.548  0.246914  324 6
84.469  0.381119  858 6
-162.655  0.24849  1159 4
294.188  0.385027  374 4
-349.156  0.213115  305 6
86.376  0.388889  684 4
61.156  0.326186  2845 4
5.085  0.24897  5824 6
55.11  0.358896  1630 4
11.314  0.0923077  195 4
-265.963  0.21683  1937 6
235.545  0.251418  1587 6
14.125  0.186047  301 4
-376.218  0.258462  325 6
-166.743  0.233977  2902 4
137.671  0.362898  1477 6
7.97  0.249607  3181 6
-168.438  0.263427  391 6
129.062  0.271186  236 6
8.767  0.267182  1164 6
-158.719  0.246377  1104 6
-30.782  0.235955  267 4
10.408  0.248519  2869 6
62.376  0.262255  408 4
11.032  0.211679  411 6
8.016  0.241973  2149 4
61.797  0.347718  2016 4
10.623  0.262836  818 4
53.439  0.326975  2202 4
-163.501  0.285714  511 4
12.188  0.258152  368 4
-1.438  0.12987  385 4
248.874  0.289809  314 4
49.5  0.375543  1382 6
170.25  0.370992  655 6
8.89  0.226365  751 6
289.156  0.374554  841 6
110.936  0.246006  313 4
12.234  0.246308  1896 6
17.702  0.226064  376 4
123.954  0.351615  1641 4
306.374  0.292786  707 6
-49.015  0.259441  3866 4
281.468  0.269343  2740 6
-279.596  0.257576  264 4
-358.875  0.232389  1235 6
261.703  0.385526  760 6
60.908  0.363036  606 4
15.032  0.238095  273 6
74.563  0.405702  912 4
58.346  0.373737  693 6
-21.485  0.31673  5541 6
11.281  0.20915  459 6
198.47  0.259662  2484 4
14.687  0.207018  285 6
-106.032  0.242168  1181 6
181.578  0.381916  741 4
72.28  0.397134  977 4
228.938  0.217617  193 6
-108.126  0.315315  222 4
-363.968  0.242054  818 6
252.031  0.245744  1351 4
-56.288  0.239312  1918 4
-56.735  0.236985  2401 4
66.922  0.355349  1832 4
12.595  0.262877  563 6
29.189  0.269017  539 4
223.929  0.250941  3985 4
-1.547  0.25211  1777 4
72.562  0.259067  579 4
-333.844  0.291667  240 4
75.782  0.389049  1041 6
2.656  0.194079  304 6
177.438  0.281022  548 6
297.656  0.345455  330 6
56.985  0.367738  1773 4
-180.469  0.275194  258 6
109.829  0.329787  376 4
-269.783  0.404077  834 4
89.173  0.210423  1017 4
288.329  0.269444  360 6
-109.908  0.225256  586 4
14.984  0.23993  571 4
-247.969  0.243425  3118 4
2.797  0.259916  12354 6
14.562  0.249201  313 4
-5.204  0.236041  1970 6
214.751  0.363636  297 4
-279.906  0.250818  917 4
238.627  0.34  550 6
10.094  0.254174  539 6
288.843  0.223529  850 4
-15.013  0  16383 4
-208.624  0.211538  208 6
15.39  0.236607  448 6
-146.295  0.246866  1835 6
54.111  0.335246  3311 6
-150.578  0.141361  191 4
13.872  0.200549  364 4
16.501  0.151899  237 4
62.296  0.320724  1216 6
66.922  0.384303  739 6
250.343  0.391304  552 4
59.657  0.261603  948 4
64.326  0.331724  2071 4
90.53  0.356818  440 4
7.719  0.238854  2826 6
9.173  0.248856  1093 4
-193.437  0.24  250 4
6.446  0.243066  2740 4
19.984  0.203463  231 4
52.139  0.355806  3100 6
-0.219  0.203735  589 4
8.64  0.248642  1657 6
16.282  0.24183  459 4
58.984  0.362338  1540 6
12.734  0.234249  619 6
8.937  0.254091  2322 6
-120.78  0.236287  237 6
-250.899  0.242852  2973 6
-13.039  0.254776  14605 6
71.954  0.346395  1276 4
67.594  0.470255  353 6
14.813  0.19685  381 6
67.609  0.232174  1150 6
189.383  0.233681  2298 6
277.595  0.341474  2416 4
56.719  0.273043  575 6
118.329  0.246951  656 4
16.252  0.17561  205 4
20.218  0.243496  1499 4
65.734  0.388673  1289 6
-41.19  0.0416667  216 6
61.468  0.295238  420 4
-196.688  0.197095  482 6
-371.14  0.273167  1241 4
-174.342  0.17851  577 6
-306.608  0.251894  528 6
8.564  0.225352  213 6
-377.468  0.244328  573 4
213.468  0.32526  578 6
-9.124  0.33218  289 6
7.384  0.255743  4571 4
-143.782  0.214286  616 6
-226.39  0.202394  919 4
75.344  0.355623  987 4
4.906  0.209402  234 6
141.624  0.221359  515 6
14.906  0.245098  306 4
255.436  0.164062  256 6
60.392  0.348645  1698 4
59.86  0.354183  2558 4
-115.686  0.251266  987 6
206  0.261246  578 6
-26.766  0.228656  1347 4
-72.936  0.231648  613 4
15.656  0.285714  406 4
10.07  0.243978  4525 4
3.404  0.261116  12167 6
73.312  0.373333  975 4
-70.53  0.211679  274 6
-19.472  0.305994  317 6
-23.952  0.241848  368 6
17.452  0.243028  251 6
61.624  0.339928  556 4
8.906  0.27027  407 6
15.674  0.170404  223 6
16.532  0.259091  220 4
265.642  0.363977  1066 6
1.672  0.236623  841 4
64.988  0.364624  1289 6
-357.328  0.257396  1690 6
222.956  0.245266  1109 6
14.596  0.283433  501 6
-230.06  0.253759  532 4
4.306  0.223341  16383 6
231.938  0.390071  564 4
12.532  0.272414  290 6
264.936  0.247863  351 4
-27.47  0.2  635 6
12.328  0.210634  489 6
184.874  0.205479  292 6
-231.908  0.235099  302 6
74.626  0.329177  802 6
301.204  0.38523  1002 6
-154.466  0.219313  611 4
75.984  0.370912  1162 6
-86.564  0.25  280 4
-323.8  0.212199  1164 4
63.546  0.362348  1482 4
-136.58  0.25085  1176 4
58.188  0.325692  2312 4
168.284  0.400549  729 4
-1.236  0.235345  1160 4
69.484  0.344236  1865 4
13  0.258065  279 6
-198.562  0.232198  323 4
-70.092  0.173729  236 6
60.908  0.385452  1196 6
-229.736  0.240286  1956 4
67.186  0.365609  599 4
10.406  0.290657  578 6
-20.156  0.268175  2077 6
11.344  0.261649  279 4
12.28  0.208668  623 4
160.704  0.371681  565 4
5.716  0  16383 6
258.188  0.234584  746 6
16.782  0.221239  226 6
139.968  0.234074  1350 6
2.016  0.203443  639 6
220.968  0.250458  1637 4
305.828  0.272931  447 4
-1.968  0.233871  620 4
59.596  0.354869  1068 4
178.392  0.213303  1308 4
14.72  0.277439  328 4
6.266  0.238424  1015 4
11.532  0.251969  762 6
-240.408  0.222163  1868 6
-4.596  0.255118  635 4
-265.016  0.24987  1925 6
53  0.387712  1416 4
73.096  0.208092  346 6
144.188  0.167442  215 4
67.86  0.351292  1355 4
-185.438  0.24505  404 4
60.03  0.37487  1918 4
-84.906  0.272331  459 4
49.624  0.258953  363 6
10.89  0.198764  971 6
15.078  0.300254  393 6
56.75  0.370659  1670 6
145.564  0.367537  536 6
66.81  0.376307  574 4
-177.248  0.199187  246 4
64.752  0.348798  1789 4
12.58  0.237209  430 6
-39.624  0.247126  522 4
5.296  0.244937  1580 6
16.118  0.219723  578 6
59.734  0.209402  234 4
77.436  0.37535  714 4
163.406  0.246463  3534 6
56.608  0.343882  1896 4
208.844  0.271058  926 6
11.92  0.237736  795 6
243.936  0.233645  321 6
15.924  0.215962  213 6
-4.748  0.202206  272 4
-271.992  0.245216  4755 4
145.718  0.383838  396 6
15.688  0.246951  328 4
10.686  0.246154  260 6
-232.876  0.231884  414 4
-185.594  0.255738  610 6
-317.124  0.217857  280 4
17.812  0.292135  267 4
155.688  0.248077  520 6
-71.672  0.248408  2041 4
-170.562  0.270255  1765 4
207.454  0.389452  493 4
-135.124  0.261456  371 6
15.5  0.245495  444 4
14.454  0.258258  333 6
55.124  0.347884  756 4
12.748  0.264388  556 4
16.158  0.194346  283 6
-25.17  0.246154  3120 6
12.22  0.264045  356 4
-0.688  0.277635  389 4
61.888  0.325592  2196 4
11.468  0.261504  891 4
5.28  0.232353  1360 6
83.358  0.377778  675 4
8.626  0.252149  349 4
302.438  0.38764  534 6
0.25  0.0648233  16383 4
56.47  0.229722  1763 4
54.406  0.327345  1002 6
133.468  0.135965  228 4
10.656  0.241228  684 6
242.908  0.243056  1152 4
15.124  0.234136  457 6
-166.5  0.296429  560 6
-145.094  0.228332  1073 6
-133.562  0.258741  429 4
63.376  0.340485  1072 6
-5.578  0.262347  13505 6
241.046  0.221339  881 4
63.562  0.39699  1063 4
268.234  0.231638  354 6
14.812  0.171315  251 4
-260.484  0.254302  2092 4
59.736  0.374564  1148 4
15.906  0.269444  360 6
-121.154  0.269414  631 6
79.064  0.405868  818 6
313.532  0.126812  276 4
-162.878  0.237637  728 6
-315.904  0.184332  217 4
14.436  0.238596  285 6
-101.078  0.283308  653 6
169.408  0.213615  426 4
210.252  0.290102  293 4
-197.204  0.298805  502 6
72.374  0.384615  455 6
73.126  0.366929  635 4
-274.628  0.246169  1044 4
-167.156  0.232358  581 6
-73.076  0.249862  1817 4
-4.22  0.23589  691 4
13.968  0.24031  387 6
42.002  0.22763  1274 6
-335.17  0.253861  1036 4
286.312  0.210702  299 4
6.752  0.252174  1150 6
38.922  0.232227  422 4
63.5  0.339492  433 6
-184.906  0.354997  1431 6
14.844  0.0751174  213 4
14.812  0.231169  385 6
-300.22  0.275046  549 4
-341.314  0.171958  378 4
14.47  0.197917  384 6
174.188  0.207273  275 4
-7.616  0  16383 6
297.436  0.255087  6586 6
77.326  0.343425  1057 4
-3.954  0.256146  5329 6
277.938  0.196759  432 4
121.484  0.36553  1056 6
17.658  0.159664  238 4
-324.844  0.27381  504 6
-307.968  0.199711  691 4
-284.842  0.135514  214 6
54  0.337756  1658 4
-60.408  0.240682  939 6
237.972  0.237436  2746 6
72.062  0.390419  835 4
15.154  0.143713  334 4
63.906  0.373832  321 6
16.156  0.187755  245 6
17.202  0.0497512  201 6
13.624  0.256667  300 6
162.748  0.407355  707 4
-382.47  0.253891  2056 4
302.984  0.248433  1755 4
303.404  0.214137  481 4
12.408  0.255467  1006 4
5.11  0.255507  1816 4
52.67  0.311152  2735 6
82.44  0.343158  950 4
14.906  0.241667  480 6
1.188  0.233202  253 4
55.674  0.34856  1007 6
-2.842  0.302536  552 4
-243.656  0.248072  778 6
16.03  0.131068  206 6
60.08  0.368366  1903 6
258.252  0.391892  518 4
15.312  0.236417  681 4
13.564  0.181159  414 4
32.53  0.279188  197 6
63.436  0.40625  768 4
-40.03  0.229817  2019 6
64.484  0.36214  729 6
90.096  0.259631  597 6
65.096  0.207469  723 6
-324.468  0.259325  563 6
233.016  0.23443  1702 6
8.562  0.229867  2558 4
-257.594  0.189189  370 4
-332.124  0.163347  251 4
14.752  0.220339  413 4
71.968  0.224576  236 4
-195.904  0.179262  569 4
-262  0.217131  502 6
270.562  0.239683  630 6
8.28  0.256276  3625 6
70.154  0.370722  526 6
-94.454  0.218096  1481 6
6.892  0.250836  1794 4
53.844  0.37037  1512 4
80.048  0.384439  437 4
69.046  0.346734  1592 4
13.252  0.265107  513 6
-342.128  0.255077  1231 4
12.938  0.268018  444 6
74.716  0.349882  846 6
61.048  0.420613  359 6
-11.152  0.227222  889 4
-396.092  0.257964  1287 4
252.376  0.402469  405 6
86.872  0.352113  355 4
114.5  0.304688  256 4
151.268  0.246657  3515 6
-92.94  0.25522  862 6
47.676  0.350946  3066 4
-343.236  0.248051  1411 4
18.94  0.123077  195 4
-374.404  0.22022  999 4
-351.312  0.217666  317 4
-91.908  0.175853  381 6
50.716  0.378521  568 4
-320.812  0.326478  389 4
254.436  0.163934  244 6
62.36  0.378521  568 4
-204.936  0.271579  475 6
56.564  0.246418  349 4
78.624  0.332192  292 4
-1.28  0.243865  652 6
58.048  0.332853  2082 4
15.14  0.153543  254 4
202.312  0.381057  454 4
252.124  0.236715  1242 6
270.596  0.393868  848 4
240.312  0.162528  443 4
81.192  0.360451  799 4
-148.14  0.221204  764 4
299.284  0.198428  509 4
58.86  0.348175  2493 6
64.076  0.32221  1828 4
61.952  0.353846  910 4
-212.376  0.228669  1172 6
-185.828  0.248366  612 4
51.632  0.348139  2499 6
25.94  0.247934  363 4
-264.344  0.235714  280 6
3.344  0.242574  1616 6
-128.952  0.234262  969 6
-235.796  0.225198  1008 6
-376.312  0.242829  1499 4
14.28  0.227405  686 4
-1.944  0.247086  3003 6
57.968  0.356981  2213 6
61.36  0.362347  2045 6
70.112  0.355784  1262 6
15.22  0.226667  525 4
64.172  0.379965  1737 6
24.064  0.253438  509 6
146.532  0.355975  795 4
-83.84  0.230928  485 4
161.548  0.24259  1282 4
-2.064  0  16383 6
59.612  0.3875  1920 4
11.312  0.2589  927 4
-4.468  0.0532869  16383 6
17.86  0.234127  252 4
18.124  0.296748  246 6
42.784  0.347578  3861 6
70.628  0.36254  1575 4
-46.192  0.265127  2165 4
12.844  0.152027  296 6
13.876  0.190244  205 4
-185.028  0.236417  1362 4
-316.064  0.282675  329 4
-1.332  0.246719  1524 4
-349.064  0.231034  870 4
-339.128  0.233438  317 6
-152.048  0.237555  1145 4
161.752  0.237788  2170 6
17.892  0.214844  256 4
71.968  0.319392  526 4
60.784  0.241895  401 4
-271.468  0.258517  998 4
66.128  0.368093  1122 4
11.936  0.230769  1014 4
32.264  0.238127  1516 6
124.096  0.199301  286 4
-204.7  0.26272  2044 4
-185.688  0.251149  653 4
149.608  0.398903  1276 6
-335.312  0.160535  299 6
252.748  0.243215  958 4
81.236  0.368132  910 6
-2.016  0.387813  2117 4
9.472  0.262019  832 6
12.78  0.271805  493 6
-72.716  0.265957  376 6
9.968  0.244392  847 6
12.952  0.238307  898 4
-235.692  0.264386  643 6
55.5  0.330303  330 6
307.372  0.259259  297 6
48.5  0.348571  525 4
-390.716  0.25885  452 6
102.376  0.297297  296 4
-172.544  0.25422  1007 4
-296.064  0.210379  713 6
-271.124  0.279835  486 4
-182.376  0.182081  346 4
-3.032  0.264414  503 6
52.796  0.261762  1998 4
-376.024  0.242843  3912 4
79.656  0.371118  644 6
-234.752  0.272425  301 6
45.436  0.216667  480 4
-44.436  0.306273  271 6
65.42  0.351768  1555 6
58.94  0.37843  1567 6
-325.736  0.258724  1662 4
105.44  0.395143  453 6
19.628  0.244604  278 4
-290.968  0.269117  1687 6
67.284  0.381105  1249 6
12.752  0.246753  924 4
14.592  0.217391  437 6
10.688  0.257751  1645 6
57.216  0.355372  968 6
73.436  0.35163  1166 4
-48.984  0.239888  1434 6
73.592  0.395973  596 4
69.128  0.342992  1484 6
71.188  0.396479  1193 4
-354.844  0.132743  226 6
-135.044  0.242752  1759 4
80.876  0.371353  1131 6
-68.764  0.261234  2982 6
14.952  0.233043  575 4
12.716  0.264808  287 6
151.296  0.258538  3748 4
9.892  0.248428  1272 4
9  0.258529  3957 4
-332.564  0.251082  693 6
49.5  0.226415  265 4
69.5  0.372  1250 6
223.876  0.174107  224 4
-320.732  0.25  2392 4
5.968  0.255694  966 6
67.612  0.230769  1508 6
25.312  0.213889  360 6
-290.032  0.268317  1010 4
296.872  0.363073  807 6
70.904  0.37046  826 4
12.968  0.18799  383 6
51.292  0.325668  3479 4
9.424  0.23505  1204 6
-387.748  0.192214  411 4
304.904  0.241803  244 4
-215.656  0.179167  240 6
81.372  0.368047  845 4
-320.564  0.265766  222 6
53.172  0.353214  1509 6
-53.86  0.246575  803 4
-117.436  0.246327  1157 4
276.376  0.30137  292 4
64.156  0.3616  625 4
78.596  0.360526  380 6
-161.592  0.242718  721 4
-285.984  0.245192  1872 4
209.092  0.354167  432 6
-346.188  0.18232  362 6
15.032  0.252174  345 6
274.576  0.267857  392 6
-303.192  0.203966  353 6
58.672  0.357248  2035 4
296.872  0.342939  347 4
73.184  0.396186  472 6
14.016  0.212613  555 6
13.592  0.166667  252 6
95.044  0.251094  1828 6
9.296  0.250736  3737 6
190.156  0.379528  635 6
-5.396  0.25141  1241 6
53.376  0.354875  2646 4
-302.812  0.212871  202 4
118.784  0.348407  973 4
7.28  0.213501  637 6
12.504  0.158371  221 6
-174.876  0.20354  339 4
68.644  0.3567  1612 6
258.436  0.260776  464 4
1  0.168067  238 4
13.344  0.279683  379 4
65.128  0.376615  1625 4
71.608  0.313364  1302 6
15.108  0.234177  632 4
10.344  0.255994  2711 4
-1.924  0.231172  956 6
15.656  0.277778  342 6
-323.772  0.252117  8738 4
-166.42  0.196532  346 6
13.344  0.169591  342 4
-357.876  0.169291  254 6
-222.968  0.258786  313 6
-100.324  0.23083  1265 4
60.408  0.282398  517 6
11.904  0.208406  571 6
63.704  0.359016  1869 6
144.032  0.23733  809 6
69.908  0.362032  1417 4
55.64  0.341622  1689 4
55.968  0.373494  1494 4
-6.888  0.251223  1226 4
9.444  0.244209  3022 6
36.092  0.268966  725 4
-269.72  0.267606  852 6
6.268  0.230625  1600 6
45.688  0.244604  278 4
7.096  0.268736  4510 6
19.356  0.254772  2410 4
154.08  0.242678  1195 6
279.156  0.241935  1240 4
13.716  0.233803  1065 4
167.612  0.231343  670 4
-324.436  0.248109  4494 6
-30.332  0.239437  781 4
66.532  0.36224  1107 6
-279.06  0.265625  512 4
-304.436  0.24735  283 4
60.468  0.377922  1540 4
3.32  0.250789  6021 4
202.264  0.242456  1889 4
69.032  0.374337  943 6
-45.608  0.228117  1131 6
-72.876  0.251908  917 4
-274.108  0.249715  877 4
-0.252  0.206239  577 4
11.972  0.193353  331 4
244.848  0.237393  2102 4
14.796  0.159041  459 6
5.844  0.241304  460 4
76.496  0.347176  602 6
187.636  0.240239  2177 4
152.112  0.375389  642 6
82.344  0.389394  660 6
68.372  0.370177  959 4
-321.264  0.239518  1741 6
70.248  0.177778  450 4
15.936  0.25  324 4
284.532  0.442623  366 4
295.996  0.216216  222 4
13.14  0.2331  429 6
5  0.179688  384 6
-122.252  0.25  348 6
4.592  0.250368  679 6
71.64  0.315412  1674 6
66.56  0.323864  352 6
13.748  0.227106  273 6
92.812  0.259635  986 6
258.86  0.211583  1295 4
-221.216  0.25392  1977 4
-248.032  0.235132  1816 4
-167.688  0.247737  1215 4
0.888  0.259518  1287 6
9  0.203175  315 6
164.988  0.195238  210 6
10.892  0.236544  706 6
15  0.317073  246 6
-365.528  0.266036  1902 6
65.356  0.366667  1170 4
-4.472  0.20202  495 6
-2.08  0.239599  4783 6
-112.516  0.234632  1155 4
-119.456  0.226277  1233 4
71.348  0.341556  527 6
70.028  0.352679  1344 4
-188.688  0.188976  635 4
117.2  0.281746  1260 6
-147.16  0.192661  436 4
14.656  0.172043  372 4
15.248  0.268018  444 6
68.844  0.369154  1005 4
93.904  0.418605  387 4
5.076  0.240824  3542 6
12.108  0.241603  923 4
16.264  0.190981  377 4
10.752  0.254242  6541 4
54.252  0.363804  1630 4
-219.812  0.188732  355 6
33.312  0.237017  751 6
-63.156  0.231915  470 6
17.06  0.300578  346 4
-73.596  0.222656  256 4
58.436  0.337355  2072 4
15.032  0.196429  672 4
286.908  0.246065  1207 4
58.016  0.360912  2236 6
15.124  0.267038  719 4
-390.968  0.229787  705 4
-22.484  0.233624  458 6
-378.856  0.240343  1165 6
-2.348  0  16383 4
-203.8  0.08867  203 6
62.748  0.343125  2349 4
62.308  0.358832  1438 4
-109.44  0.244186  1204 4
306.908  0.370056  708 6
68.752  0.358074  997 6
9.624  0.257416  1045 6
-390.156  0.261905  336 4
29.592  0.236948  498 4
-314.092  0.253129  719 4
-154.424  0.200676  887 4
45.628  0.312121  330 6
-394.268  0.229563  1786 6
-148.388  0.239414  1228 4
12.608  0.237774  593 6
15.36  0.30099  505 4
-283.952  0.262626  2079 4
59.096  0.374093  965 4
53.2  0.335095  3596 6
50.124  0.342026  1994 6
-35.656  0.27704  527 4
6.34  0.272358  492 6
-321.7  0.256881  1090 4
14.12  0.220307  522 6
53.328  0.327131  2956 6
9.92  0.255339  1077 6
163.408  0.246599  1176 4
62.968  0.393862  391 4
65.452  0.381245  1141 6
9.908  0.250227  6606 4
76.152  0.351124  356 6
193.844  0.214035  285 4
-19.172  0.189655  638 6
102.484  0.245084  1424 4
13.264  0.227642  615 6
300.096  0.215517  348 6
17.704  0.103286  213 6
11.768  0.233577  411 6
31.504  0.148148  297 4
84.972  0.340956  481 4
68.708  0.39071  732 4
106.988  0.225508  1082 4
-184.996  0.271863  526 6
-160.968  0.240821  926 6
126.78  0.203279  305 4
51.86  0.344128  2563 4
-341.844  0.250996  251 4
2.592  0.2607  514 6
52.856  0.322287  2414 6
228.028  0.241058  1286 6
-331.752  0.224057  424 4
238.56  0.247603  1773 4
-363.016  0.249487  3896 6
108.92  0.367188  384 4
74  0.279412  340 6
-166.312  0.254826  259 4
3.72  0.264214  299 6
-216.624  0.193955  397 4
-283.28  0.302326  516 4
170.392  0.352239  1005 4
93.252  0.409774  532 6
54.952  0.342926  1668 4
90.784  0.396194  578 4
172.64  0.26868  629 4
-83.876  0.147059  170 4
8.56  0.243408  493 6
-333.264  0.261506  478 4
188.576  0.216458  559 6
81.328  0.361416  819 4
-1.924  0.256715  3537 4
57.624  0.319841  1507 4
15  0.22449  196 6
-10.28  0.137887  16383 4
6.448  0.246503  4933 4
160.5  0.223975  634 6
285.216  0.255034  1192 6
-186.348  0.25  312 4
-185.968  0.207612  578 6
70.048  0.361196  1304 6
7.188  0.240435  3032 4
66.92  0.356477  965 4
-275.984  0.252354  531 4
5.388  0.259876  15188 4
71.548  0.375973  899 4
-378.688  0.197232  578 4
60.532  0.363048  2008 6
83.576  0.367793  503 4
-271.28  0.232479  1755 4
0.992  0  16383 6
59.268  0.329465  2671 6
-325.156  0.243129  946 4
265.108  0.383838  495 6
69.112  0.357407  1620 6
-158.252  0.247934  605 4
-147.844  0.22069  290 4
194.656  0.232409  469 4
13.028  0.240079  1008 4
15.872  0.194514  401 6
149.472  0.22069  435 4
53.656  0.358792  563 4
15.216  0.262172  267 6
11.436  0.244482  589 6
52.92  0.334435  2724 4
29.568  0.256255  3477 6
-253.876  0.193452  336 4
72.84  0.433628  678 4
15.644  0.215116  344 6
84.968  0.383399  1012 4
-208.124  0.233001  1103 4
15.296  0.219595  296 6
127.564  0.375698  716 4
59.124  0.347561  328 6
74.216  0.382226  1159 4
79.752  0.360281  1138 4
72.736  0.364417  1630 4
54.156  0.358427  2949 6
55.64  0.356415  982 4
150.22  0.225275  364 4
-289.096  0.254028  2917 6
68.388  0.329208  1212 6
6.5  0.238771  846 4
7.568  0.248511  1175 6
64.532  0.394503  1237 4
-196.816  0.349286  1400 4
-342.032  0.244048  1848 4
14.124  0.238596  285 4
-354.56  0.183673  294 4
-318.22  0.261242  467 4
-147.968  0.228417  556 4
14.764  0.236559  558 4
15.28  0.220096  418 6
55.672  0.348606  3514 4
-45.468  0.237911  517 6
218.124  0.290168  417 6
68.736  0.338346  1463 6
-64.436  0.238434  281 4
58.376  0.322483  3287 4
69.112  0.334675  1491 6
157.404  0.225131  573 4
13.092  0.269923  389 4
-166.22  0.248062  1032 4
83.628  0.32619  840 4
-183.032  0.254133  2117 6
15.192  0.311178  331 6
177.22  0.23416  363 6
-197.604  0.258114  2588 4
84.704  0.279683  1137 4
-260.376  0.201005  199 4
17.28  0.249042  261 6
-7.84  0.296791  374 4
212.372  0.228261  368 4
3.96  0  16383 4
-389.752  0.2625  240 4
59.312  0.315615  301 6
20.984  0.288793  232 4
16.368  0.280757  317 6
79.816  0.29078  423 4
10.376  0.261456  371 6
143.136  0.227011  1044 6
57.52  0.354521  1825 4
68.016  0.356184  1415 6
10.304  0.221289  357 4
14.336  0.241071  560 6
14.968  0.323108  489 6
16.56  0.25  256 6
51.76  0.320542  3909 4
65.392  0.337719  456 4
42.464  0.231552  393 4
2.144  0  16383 6
109.12  0.0640394  203 6
58.872  0.390187  428 4
265.032  0.410334  329 6
-175.448  0.266861  2061 6
-362.624  0.353798  961 4
-346.48  0.249067  1072 6
137.24  0.351866  1313 4
117.672  0.246429  1120 4
-166.248  0.23806  1340 4
121.28  0.251034  725 6
72.176  0.357202  2416 6
133.752  0.224324  370 6
79.096  0.335175  543 4
67.776  0.371063  1016 4
-12.032  0.237624  606 4
-202.968  0.253676  272 4
14.312  0.211679  685 4
-318.096  0.21875  384 4
-75.688  0.0934579  214 4
12.032  0.236915  726 4
5.592  0.240042  1883 4
16.776  0.247934  242 4
74.376  0.24749  4881 4
1.04  0.255596  6835 6
-365.344  0.283658  1181 4
-302.392  0.249406  2105 6
-43.92  0.259949  1181 6
-338.224  0.227017  533 6
59.944  0.242108  4023 4
14.872  0.200426  469 4
58.096  0.347555  3211 4
293.16  0.197719  263 6
48.504  0.192118  203 4
127.44  0.373967  484 6
15.16  0.197183  426 6
-23.872  0.260563  284 4
0.408  0.192453  530 4
9.752  0.0917031  229 4
57.832  0.361824  2609 6
310.784  0.236074  754 4
-10.736  0.190299  536 4
68.016  0.373235  1629 4
8.576  0.26556  964 6
183.016  0.337912  364 6
222.184  0.247813  343 6
15.312  0.183463  387 4
57.208  0.328748  2908 4
177.624  0.253731  469 4
12.92  0.233871  744 4
56.192  0.336297  1912 4
169.296  0.402941  680 6
53.144  0.334451  2087 4
75.312  0.377246  835 4
48.856  0.224907  538 6
91.352  0.282258  496 4
-266.976  0.203526  624 6
-1.864  0.259832  2263 4
16.088  0.280105  382 4
237.904  0.248051  1411 4
15.424  0.252772  451 4
13.656  0.234927  481 4
-216.704  0.192399  421 6
1.264  0.256443  3958 6
79.224  0.401421  563 6
53.568  0.118182  220 6
72.192  0.348101  474 4
66.712  0.240068  1183 6
60.048  0.3439  1672 6
59.784  0.36377  2037 4
232.656  0.363636  1001 4
59.312  0.362869  711 4
-395  0.212617  428 6
15.504  0.21611  509 4
61.968  0.345833  1680 6
18.344  0.191489  188 4
-61.968  0.221294  958 4
59.392  0.364964  411 6
-367.032  0.333333  387 6
-36.032  0.236324  457 4
74.704  0.384533  931 6
65.736  0.328012  1378 4
-147.624  0.229249  253 4
-78.984  0.243615  509 4
61.888  0.340557  969 6
0.096  0.241309  489 4
17.36  0.236923  325 6
13.72  0.300439  456 4
-314.432  0.248088  1177 4
158.584  0.213115  671 6
-41.288  0.220779  385 6
51.8  0.320666  4263 4
84.368  0.386768  786 4
9.448  0.242251  1226 4
212.032  0.37751  498 6
62.4  0.352853  666 4
84.92  0.262388  1231 4
-63.032  0.170483  393 6
11.48  0.247113  1299 4
235.84  0.231258  787 6
56.872  0.332053  3123 4
-15.504  0.122905  179 6
-28.096  0.259124  1096 4
-163.632  0.242733  688 4
14.648  0.268844  398 4
-335.784  0.241341  895 4
93.216  0.359765  681 4
96.032  0.228175  504 6
120.344  0.413793  348 4
-381.968  0.282504  623 4
-77.152  0.226704  719 6
154.096  0.354492  1024 4
208.896  0.366472  1026 4
73.248  0.391304  805 4
-128.704  0.265985  1955 4
167.52  0.310112  445 4
-144.24  0.230681  867 4
220.504  0.36  450 6
151.656  0.230903  576 6
-162.88  0.268151  1033 6
105.968  0.20122  328 6
90.84  0.178571  644 4
15.544  0.291262  309 6
73.08  0.360262  1374 4
-1.688  0.193694  222 4
-11.248  0.230473  2074 6
9.744  0.205556  180 6
98.632  0.129167  240 4
26.592  0.239252  535 4
235.312  0.221939  1568 4
68.64  0.350384  391 6
0.36  0  16383 6
-221.376  0.155556  225 4
-72.44  0.237113  1164 6
14.704  0.222015  536 4
88  0.410653  582 4
6.536  0.18123  309 4
-271.184  0.253086  1944 6
14.88  0.179567  323 4
14.136  0.183471  605 4
54.728  0.350151  2319 6
2.808  0.198529  272 6
-43.064  0.21875  448 4
-265.472  0.358753  2085 4
12.72  0.280702  399 4
11.504  0.239564  1102 4
50.16  0.246253  467 6
72.496  0.365462  747 6
97.88  0.225806  434 6
295.44  0.286585  656 6
65.592  0.342466  511 6
-81.128  0.275  400 6
182.864  0.238747  3799 4
-65.056  0.234104  692 6
-166.44  0.0974026  154 6
-156.72  0.222635  539 6
-26.952  0.271875  320 6
-349.024  0.205769  520 4
-0.752  0.255319  1316 6
65.44  0.313891  1303 4
12.576  0.270019  537 6
11.456  0.24575  1294 4
168.968  0.352707  1256 4
-40.144  0.248013  2391 4
84.44  0.386517  445 4
57.816  0.348389  3321 4
41  0.149091  275 6
10.176  0.17581  802 6
205.808  0.162069  290 6
91.624  0.340771  493 6
-0.496  0.194079  608 4
-75.328  0.262458  2408 4
90.12  0.263651  641 4
-7.088  0.265823  711 6
226.904  0.333333  615 4
64.728  0.338789  1222 6
266.744  0.257669  326 6
16.352  0.220833  240 4
58.608  0.355418  1781 4
68.28  0.332571  875 4
9.152  0.244913  2752 6
15.848  0.24147  381 4
5.816  0.247626  6740 6
13.128  0.177536  276 6
82.712  0.260234  342 4
13.88  0.15047  319 6
-184.816  0.212587  715 4
-111.664  0.255615  935 6
-373.44  0.249861  3598 6
17.232  0.181102  254 4
83.608  0.243049  7661 4
301.592  0.24018  891 6
