37.906  0.241458  439 6
6.438  0.317829  387 6
71.438  0.3584  1250 6
-76.251  0.191667  240 6
-81.969  0.208861  632 6
-346.376  0.245791  297 6
-299.11  0.25817  1530 4
117.187  0.413102  1496 4
-288.345  0.252454  1426 6
46.968  0.323775  3592 6
105.186  0.221154  208 4
93.063  0.392473  372 6
152.062  0.251534  815 6
-354.908  0.271505  744 6
-151.188  0.204152  289 6
73.141  0.367206  866 6
-6.236  0.231176  1700 6
-81.03  0.38785  214 6
78.28  0.229872  1714 4
-171.875  0.188525  366 4
-333.436  0.242492  2231 4
-12.905  0.225926  270 4
101.749  0.232323  297 6
118.125  0.2  220 4
15.562  0.176471  289 4
93.251  0.333333  654 6
69.155  0.33642  648 4
-53.187  0.255966  2598 4
68.594  0.370748  588 6
11.564  0.269939  163 4
-394.186  0.191436  397 6
11.937  0.268256  671 6
22.672  0.32  225 4
13.251  0.233838  727 4
71.861  0.240385  832 4
71.046  0.397129  1045 4
74.953  0.351789  1174 4
67.983  0.388483  1094 4
-353.281  0.191892  370 6
-0.655  0.247191  267 6
15.344  0.170588  340 4
9.593  0.276141  1358 6
-179.283  0.249448  1359 4
11.53  0.253191  940 6
52.25  0.370787  267 6
10  0.263514  296 6
61.312  0.370037  1335 4
315.467  0.251216  617 6
-378.953  0.241362  1968 4
-69.81  0.282565  499 4
-192.438  0.244216  389 6
172.642  0.329412  595 6
8.031  0.260568  1585 6
-61.218  0.2827  237 4
58.512  0.256236  1764 6
68.718  0.42487  386 6
306.203  0.173333  300 4
229.157  0.223443  273 6
-356.124  0.209581  167 6
-237.86  0.258929  448 6
9.312  0.262327  1014 6
11.671  0.28314  777 4
10.906  0.178125  320 6
59.515  0.395257  506 6
265.798  0.311224  196 6
-229.126  0.157534  292 6
8.5  0.249175  4547 6
-322.188  0.151703  323 4
15.063  0.204396  455 4
-88.688  0.251903  1314 4
85.187  0.219178  146 4
99.843  0.304124  194 6
-97.157  0.171687  332 4
-261.75  0.286416  611 4
-5.36  0  16383 6
15.095  0.238443  411 4
280.671  0.247506  2707 6
18.47  0.141104  163 4
-2.095  0.252981  1929 4
52.968  0.250405  1234 6
11.563  0.251366  366 4
-252.092  0.172727  110 6
13.095  0.122995  187 6
51.125  0.356863  3315 4
82.048  0.347495  918 4
184.564  0.27707  314 4
96.046  0.267943  1045 4
-359.017  0.249806  1289 6
13.657  0.191837  490 4
-146.563  0.116279  129 4
6.703  0.252242  3457 6
83.28  0.366667  600 4
-375.283  0.292135  178 4
-172.516  0.276786  112 6
12.78  0.234155  568 4
300.202  0.379971  679 4
67.25  0.359322  590 6
49.343  0.341753  2613 6
14.56  0.230563  373 4
-106.689  0.262097  744 6
14.985  0.267692  325 6
58.499  0.220211  663 6
15.391  0.219178  365 4
55.876  0.358087  983 4
62.188  0.246261  1872 6
5.547  0.248842  3886 4
-7.874  0.285388  438 6
-25.436  0.241379  290 6
100.062  0.426263  495 6
15.781  0.269006  855 6
65.342  0.369532  1326 4
245.843  0.203125  384 4
304.062  0.376768  1343 6
21.035  0.106061  132 4
72.812  0.405046  753 4
5.188  0.235437  1236 6
67.157  0.388579  1436 4
14.654  0.248927  233 6
-205.016  0.241176  1360 4
56.392  0.349785  1398 6
60.468  0.366387  1785 6
1.499  0.274306  288 4
-355.657  0.275109  229 6
11.094  0.255765  477 6
-193.018  0.25089  1686 6
14.813  0.281385  231 6
76.468  0.376412  797 4
65.359  0.33893  1906 6
199.392  0.24416  1798 4
149.189  0.311355  273 6
-90.78  0.358108  148 6
4.969  0.164706  170 4
15.502  0.225641  195 6
-287  0.177966  354 6
-22.532  0.25066  1895 4
-92.188  0.25058  862 6
-374.845  0.242198  2147 4
14.109  0.238876  427 6
53.969  0.338988  3714 4
3.336  0.255876  3361 4
148.594  0.395642  872 4
70.109  0.375187  1338 4
15.062  0.298876  445 4
60.047  0.365003  1463 6
22.063  0.212903  155 4
259.43  0.32626  377 4
-257.719  0.306931  202 4
11.814  0.266667  225 6
26.218  0.268606  1169 4
143.657  0.358454  1035 4
294.5  0.3125  256 4
13.5  0.254237  177 4
155.234  0.255  600 4
13.968  0.128342  187 6
16.844  0.279762  168 6
291.017  0.256564  2171 6
56.126  0.344743  1636 4
71.939  0.364026  1401 6
54.094  0.336435  3439 4
57.014  0.358915  1290 6
-190.904  0.302941  340 6
-221.937  0.107317  205 4
155.56  0.250909  1100 6
-235.187  0.252735  1737 6
-258.564  0.315152  330 4
10.077  0.259133  1177 4
211.157  0.133333  210 4
8.733  0.258126  4215 4
8.188  0.261959  439 4
-239.626  0.252507  1097 4
173.155  0.356589  258 4
-89.125  0.287634  372 4
-127.532  0.294643  224 6
55.842  0.378671  1941 6
-28.376  0.120192  208 4
241.375  0.350598  251 6
154.407  0.265286  1014 4
-170.876  0.265714  350 6
279.875  0.352636  1157 4
-376.157  0.337895  950 6
-308.656  0.240733  2293 6
4.829  0.261161  8937 6
-136.359  0.256065  1113 6
-306.11  0.250209  2390 6
212.655  0.393474  1042 6
-31.093  0.234278  1447 6
-249.5  0.266667  195 4
11.717  0.187328  363 6
37.874  0.271242  306 4
-158.219  0.219191  1063 6
13.218  0.235772  738 6
-270.311  0.255708  657 4
57.218  0.395218  711 4
10.313  0.194103  407 6
14.733  0.250569  439 4
13.782  0.219048  210 4
72.907  0.371365  1341 4
-134.734  0.336879  564 4
-13.813  0.23622  254 4
-271.125  0.264758  559 4
67.533  0.331461  1246 6
210.11  0.26681  4179 4
-175.064  0.32  275 6
9.624  0.243968  746 6
241.906  0.381443  485 4
-47.874  0.271907  776 6
-0.672  0.34093  3247 4
-34.702  0.254194  1967 6
7.203  0.25164  2591 4
-69.843  0.229008  262 4
291.015  0.262143  1297 4
14.72  0.20339  236 6
128.922  0.333333  462 6
182.375  0.361314  274 6
29.36  0.230303  330 4
75.313  0.368018  913 4
63.968  0.308  500 4
67.655  0.341985  655 4
100.954  0.260251  1195 6
72.749  0.346088  1176 6
66.377  0.363201  1462 6
-146.375  0.222222  279 4
-100.625  0.276316  380 6
85.158  0.401977  607 6
127.405  0.0901639  122 6
6.25  0.263236  7423 6
-311.249  0.240175  229 4
-1.828  0.263642  1521 6
9.563  0.207254  193 6
15.437  0.287425  167 6
203.126  0.254935  1773 6
-54.579  0.224599  187 4
60.608  0.37037  216 4
62.844  0.408488  754 4
102.314  0.368725  2251 6
-378.188  0.217899  257 6
15.562  0.326531  196 4
55.297  0.377143  1575 6
161.156  0.211364  440 6
11.718  0.17551  245 6
228.78  0.183784  185 6
-50.655  0.229219  397 6
137.701  0.349176  2062 6
-310.218  0.248808  1049 4
-14.969  0.249167  2400 6
-364.406  0.197917  288 4
10.766  0.228142  732 6
60.843  0.393232  857 4
257.655  0.349451  455 4
-5.094  0.264096  7910 6
66.469  0.355072  1380 6
-13.094  0.314103  156 6
-304.015  0.265865  1497 4
13.406  0.0592593  135 6
-207.533  0.254405  1816 6
56.499  0.357262  1797 6
69.891  0.363861  808 4
58.033  0.3891  789 6
81.562  0.386266  466 4
14.624  0.212963  324 4
47.875  0.366197  3266 4
62.094  0.381579  608 6
60.717  0.270186  966 6
218.844  0.440758  633 4
12.906  0.22449  147 6
29.811  0.326087  322 6
70.141  0.415119  754 6
96.657  0.270408  196 6
296.875  0.369705  1558 6
-381.563  0.14218  211 6
55.483  0.354771  3312 6
147.282  0.248578  1231 4
7.796  0.236322  1316 4
-129.674  0.237991  1374 4
54.999  0.341123  3081 6
-95.123  0.264359  1358 4
90.156  0.385621  612 6
-4.423  0.249201  1252 6
24.126  0.106145  179 4
2.093  0.214076  341 4
207.001  0.297491  279 4
-5.375  0.267093  15620 6
59.671  0.3222  2455 6
12.123  0.252252  222 6
286.749  0.294404  411 4
72.218  0.385572  804 4
14.985  0.182203  236 6
13.219  0.217314  566 4
14.219  0.285417  480 6
60.766  0.373333  825 6
-239.328  0.148325  209 4
14.095  0.215983  463 6
14.907  0.217002  447 6
251.187  0.286408  206 4
125.218  0.229833  657 6
229.157  0.379447  506 6
71.594  0.409396  745 4
6.89  0.243376  3246 4
-359.376  0.282828  297 6
55.782  0.333477  2324 4
55.594  0.331638  3736 4
70.126  0.364865  962 4
66.123  0.104575  153 4
3.843  0.243675  751 4
89.375  0.157233  159 4
-79.875  0.26087  391 4
-227.718  0.29798  198 6
12.811  0.257692  260 4
66.905  0.387244  878 4
14.094  0.241667  360 4
80.939  0.374181  1069 6
7.915  0.248119  6380 4
10.5  0.211712  222 4
-390.063  0.335766  274 4
-334.735  0.394286  175 6
8.905  0.248421  950 6
-29.843  0  16383 4
154.922  0.399011  1213 6
-56.905  0.275521  911 4
9.125  0.275862  232 6
13.89  0.207407  405 4
48.968  0.27619  210 4
70.531  0.399466  1124 6
209.875  0.234375  320 6
148.062  0.276596  705 4
52.655  0.352264  2606 6
-313.532  0.241263  887 4
20.969  0.236052  233 4
170.796  0.191781  292 4
-28.469  0.250804  622 6
10.688  0.209169  349 4
7.469  0.250894  1678 4
231.438  0.33362  1163 4
-153.827  0.30659  349 4
77.593  0.380481  707 4
57.453  0.318917  2289 4
66.749  0.382948  1384 6
14.484  0.205607  428 6
-283.313  0.229358  218 4
-123.72  0.243636  550 6
14.234  0.304651  430 6
125.781  0.251333  1313 4
89.968  0.249491  982 4
224.126  0.227273  660 4
7.172  0.242519  4779 4
63.062  0.333853  1923 6
6.03  0.271114  3268 6
15.311  0.15  160 4
111.874  0.484848  231 4
24.889  0.207171  251 4
-77.422  0.0532544  169 4
-210.563  0.232  250 4
170.578  0.365043  1745 6
-100.049  0.271815  1994 6
-173.172  0.260697  3529 6
68.859  0.403475  518 6
58.453  0.202797  286 6
56.235  0.341448  1561 4
-250.906  0.180392  510 4
92.89  0.321229  358 4
5.203  0.240512  4690 6
61.376  0.216438  365 4
63.985  0.236264  728 6
6.282  0.25  3504 6
-345.249  0.331461  356 4
134.155  0.306273  271 6
15.908  0.101796  167 4
-127.453  0.271107  1066 4
-110.202  0.272866  656 6
-298.219  0.204268  328 6
15.531  0.169565  230 4
-1.687  0.123288  146 6
41.593  0.252203  1475 6
72.843  0.387524  529 6
15.532  0.260204  392 4
-129.186  0.235583  815 4
-356.923  0.239782  1101 4
-371.905  0.270943  1325 4
53.483  0.231132  212 4
0.876  0.255461  1053 4
14.907  0.235294  221 6
41.359  0.28481  158 4
-16.906  0.287356  261 4
55.313  0.366607  1683 6
59.313  0.34242  2678 4
70.204  0.386266  1398 4
11.749  0.202614  306 6
123.156  0.354478  268 6
60.906  0.377358  1378 4
-59.061  0.221884  329 4
15.593  0.0945946  148 6
50.623  0.325914  3774 6
56.563  0.322912  2335 4
-42.592  0.157407  216 6
10.157  0.238716  997 4
10.094  0.269573  1124 6
91.406  0.367769  484 4
141.578  0.435  400 6
15.939  0.168317  202 6
62.861  0.351598  438 4
64.406  0.35291  1907 6
-22.375  0.0991379  232 4
-242.969  0.179487  195 6
12.25  0.227879  825 6
191.924  0.187726  277 6
71.655  0.357925  1369 4
13.266  0.252285  547 4
20.218  0.256724  409 4
15.25  0.190476  252 6
15.093  0.241176  170 6
9.969  0.261161  448 4
84.03  0.352847  2494 6
308.14  0.24568  1852 4
11.875  0.237072  1257 4
45.499  0.177489  231 6
-321.11  0.229508  183 4
70.189  0.390319  971 6
52.657  0.366878  1262 4
82.782  0.413084  535 4
-268.406  0.253776  331 6
56.594  0.360115  2091 6
51.422  0.33725  2298 6
-313.779  0.31746  252 6
7.657  0.253055  2537 6
-363.471  0.181572  369 4
72.797  0.271459  932 4
42.47  0.251162  3874 6
68.469  0.345785  1044 4
-35.456  0.254805  1821 4
-183.283  0.225601  1414 6
11.251  0.202065  678 6
-327.438  0.230942  446 6
77.626  0.370277  794 6
14.97  0.234828  379 6
71.437  0.378897  834 6
62.874  0.347866  1078 6
-343.751  0.258373  2717 6
57.345  0.267143  700 4
69.423  0.357094  1459 4
-396.501  0.235341  1245 6
4.032  0.268156  537 4
5.499  0.255097  3924 4
216.125  0.141176  170 4
-291.189  0.25228  329 4
12.844  0.282645  605 6
83.046  0.377125  647 4
9.845  0.237785  1842 4
12.64  0.234615  520 4
-117.282  0.27163  497 4
51.719  0.334209  2666 6
-279.28  0.259786  843 4
151.407  0.389646  367 6
130.032  0.396783  373 6
12.658  0.310861  267 6
-382.47  0.236092  737 6
142.798  0.266061  1432 6
-18.86  0.256471  425 4
-268.503  0.287719  570 6
11.595  0.211165  412 6
-322.406  0.273684  380 6
211.891  0.370739  704 6
10.033  0.243105  979 6
62.875  0.263679  1718 4
153.344  0.171206  257 6
0.263  0.254468  3749 4
-169.843  0.223735  514 6
-164.47  0.2368  625 4
14.532  0.267943  418 4
10.844  0.247134  785 4
61.282  0.350546  2382 6
259.563  0.239583  480 4
-103.891  0.224231  553 6
-73.908  0  119 6
96  0.198171  328 6
-382.625  0.275605  537 6
58.968  0.363825  481 6
-381.657  0.337705  305 4
-266.97  0.256881  436 4
-61.406  0.270588  255 6
18.673  0.213793  435 4
78.719  0.342493  1019 4
15.812  0.374101  278 6
22.469  0.304348  230 4
10.281  0.233645  1070 6
8.733  0.23502  1719 6
53.875  0.372661  1924 6
6.514  0.234655  1564 6
-192.438  0.204461  269 6
4.658  0.255349  2898 4
148.328  0.402377  589 4
24.875  0.170732  164 4
53.78  0.32804  2771 6
12.063  0.234266  858 6
50.25  0.392157  1479 6
-56.438  0.244533  503 4
16.031  0.25  204 4
-372.782  0.239316  819 6
114.719  0.27305  1410 6
248.86  0.343325  2502 6
11.843  0.22179  514 6
61.28  0.338137  902 4
137.922  0.27245  1637 4
311.469  0.286822  645 4
61.704  0.35883  889 6
5.922  0.2562  4879 6
7.031  0.249084  546 4
14.031  0.229391  558 6
14.845  0.255952  168 6
110.657  0.307054  482 6
5.601  0.241863  6421 4
113.845  0.258328  1711 6
-34.609  0.242553  235 4
-177.897  0.0788622  16383 4
117.156  0.249659  3669 4
59.5  0.39485  1398 6
-215.608  0.157895  209 6
70.876  0.304029  273 6
107.625  0.213178  258 4
10.126  0.272358  492 6
5.829  0.263769  3704 4
15.249  0.324627  268 6
13.407  0.218894  434 6
15.187  0.319149  188 6
61.188  0.462006  329 4
-336.047  0.242273  2006 4
-43.155  0.254491  334 4
63.469  0.384824  369 6
-355.875  0.206349  189 4
-303.782  0.276289  485 4
14.313  0.228628  503 6
175.688  0.271028  642 6
-76.593  0.245347  1182 4
149.5  0.214022  271 6
73.125  0.421922  666 4
12  0.276215  391 6
-66.219  0.221622  370 4
-215.25  0.35  200 4
-190.031  0.239832  713 6
168.376  0.25462  487 6
9.188  0.244898  539 6
80.595  0.365079  315 6
-1.407  0.219048  420 6
91.47  0.437888  322 6
-158.656  0.25  176 4
70.938  0.374052  1187 6
212.671  0.256078  1851 4
180.109  0.240748  2513 6
128.126  0.231293  735 6
20.78  0.19086  372 4
116.563  0.374088  548 6
107.687  0.233068  502 6
19.063  0.221519  158 6
68.249  0.39576  1132 4
17.406  0.240602  133 4
11.375  0.277778  180 4
199.563  0.318349  1357 4
218.015  0.220536  1120 4
51.374  0.33234  4363 4
66.531  0.382747  1194 4
-124.781  0.243557  776 6
67.939  0.355957  1385 4
14.203  0.273038  293 6
66.532  0.363462  1560 6
119.501  0.352552  2723 4
-182.423  0.246589  3078 4
-192.595  0.311475  183 6
55.5  0.347942  2989 6
199.312  0.278302  636 6
-332.594  0.217478  1007 4
220.311  0.247348  1791 4
7.686  0.25174  6610 4
173.987  0.249345  1909 4
42.891  0.232044  181 6
10.719  0.239019  2527 4
126.437  0.195946  148 6
-102.875  0.198934  563 6
69.827  0.350683  1172 4
56.936  0.373814  1054 4
-4.221  0.259513  1314 4
142.847  0.171717  198 6
-30.704  0.277264  541 4
-368.031  0.202335  514 6
67.58  0.348322  1490 4
257.752  0.19898  196 4
14.671  0.226891  357 4
11.297  0.22807  1083 6
-359.75  0.360752  851 4
148.782  0.373256  1720 4
-89.562  0.277778  162 4
64.092  0.264957  468 4
68.374  0.381215  1448 4
77.564  0.274194  372 4
214.031  0.380952  1050 4
66.859  0.373599  1606 6
-347.375  0.210407  442 4
0.469  0.246642  819 6
72.109  0.366812  687 6
58.22  0.370068  1470 6
70.094  0.436006  711 6
211.155  0.180124  483 4
-367.5  0.262136  206 6
56.72  0.305374  763 6
268.216  0.352472  1254 4
6.186  0.288104  1076 6
98.062  0.311856  388 6
13.97  0.260331  242 6
77.533  0.40678  354 6
-235.079  0.253016  3233 4
70.251  0.394545  1100 6
78.248  0.322394  518 6
68.531  0.394942  1028 4
72.311  0.401361  294 4
69.657  0.403035  593 4
-256.516  0.254076  3987 6
10.687  0.214286  210 6
13.561  0.256684  561 4
14.783  0.206897  377 4
153.311  0.25817  612 6
8.306  0.258286  2474 6
204.36  0.238889  360 6
9.047  0.254703  4040 4
-322.781  0.25  696 4
13.407  0.281863  408 6
69.486  0.36481  1472 4
15.517  0.185393  356 4
11.813  0.239211  811 4
214.657  0.23689  1106 6
-219.53  0.219619  683 6
62.844  0.399103  892 6
71.015  0.268331  1923 4
65.717  0.410828  628 6
17.797  0.265306  196 6
76.72  0.393333  300 4
24.438  0.288095  420 6
207.594  0.267863  2897 4
-209.344  0.282609  322 6
14.998  0.21875  192 6
72.282  0.385779  661 6
14.344  0.258912  533 4
13.672  0.297521  605 6
-321.156  0.131488  289 4
60.97  0.378332  1163 6
11.344  0.217284  405 6
54.5  0.354028  2545 4
52.468  0.378378  1813 6
16.94  0.190217  184 6
-2.906  0.228232  758 4
-272  0.262475  15952 6
-167.188  0.264368  348 4
55.454  0.348975  1854 6
71.612  0.370091  1324 6
11.596  0.29471  397 6
-199.782  0.269693  749 4
65.922  0.285307  701 4
136.624  0.221116  502 6
-308.5  0.243243  222 6
185.312  0.282366  896 4
15.092  0.245902  305 4
223.438  0.364672  351 4
25.188  0.253521  284 6
-75.47  0.230769  208 4
-370.248  0.200893  224 6
58.624  0.362736  1111 4
14.374  0.316176  272 4
-396.626  0.241895  2406 4
-157.312  0.262332  892 6
-81.36  0.271828  1718 6
64.936  0.240586  478 4
91.656  0.339912  456 4
9.766  0.229294  1304 6
244.97  0.28877  1122 6
89.22  0.392544  456 4
63.876  0.414474  608 4
114.016  0.233255  1269 4
-100.216  0.295508  423 6
14.938  0.176471  238 4
-216.062  0.261261  222 6
275.252  0.296736  337 6
-350.374  0.180085  472 4
110.702  0.317972  217 6
-295.002  0.20362  442 6
-26.718  0.326531  245 6
-212.748  0.312268  269 4
16  0.237374  198 6
84.782  0.3902  551 4
-313.284  0.257064  1451 4
14.124  0.155488  328 4
-118.626  0.232558  645 4
112.952  0.228513  1466 4
249.716  0.154286  175 6
9  0.110895  514 4
3.812  0.252294  6540 4
62.968  0.347639  1631 4
13.28  0.264881  336 6
-88.72  0.258458  1803 6
4.624  0.244821  1062 6
86.748  0.251566  5589 4
-90.406  0.206731  208 4
223.44  0.217304  497 6
-51.062  0.187166  187 6
15.718  0.266949  236 4
13.344  0.313364  217 6
-352.812  0.0275862  145 4
-327.844  0.259392  559 6
62.092  0.400972  823 4
121.14  0.242105  190 4
-74.844  0.249741  965 4
-298.874  0.261501  413 4
178.952  0.258537  205 6
264.78  0.250194  1291 4
49.874  0.341544  2436 6
300.488  0.240664  241 6
-2.798  0.241486  1615 4
55.89  0.339191  3016 4
-189.594  0.27325  1043 6
14.252  0.267045  176 6
-298.968  0.224018  433 6
56.06  0.345783  2490 4
-370.924  0.251337  561 6
-120.28  0.26459  2022 6
168.468  0.22884  638 6
-214.812  0.275556  225 4
-63.656  0.238095  147 6
-230.124  0.218978  274 4
60.666  0.35799  1771 4
13.718  0.234286  175 6
74.998  0.382353  850 6
144  0.374707  427 6
-182.096  0.203927  662 4
-219.342  0.126506  166 4
-369.938  0.269341  698 4
122.216  0.4  255 4
221.156  0.316017  462 4
-67.516  0.260719  2892 6
176.92  0.413299  767 6
9.234  0.260929  732 6
-93.812  0.281124  249 6
55.284  0.332392  1062 6
185.312  0.225941  239 4
250.936  0.218487  238 4
15.092  0.25  320 4
11.03  0.239216  255 6
14.608  0.258398  387 6
-29.812  0.277045  379 4
-33.126  0.256684  187 4
53.062  0.397018  1073 6
-26.72  0.242101  2342 6
14.188  0.105263  171 6
-0.248  0.197819  642 6
62.092  0.330819  2651 4
182.312  0.104839  124 6
-250  0.263682  201 4
52.812  0.347808  2372 6
-44.86  0.217195  221 4
-338.5  0.2  175 4
15.812  0.157143  280 4
66.232  0.427788  547 4
-7.656  0.228528  652 6
14.47  0.234652  733 6
217.612  0.241758  1274 4
-213.56  0.300613  163 4
-33.938  0.245665  346 6
51.53  0.342045  880 6
71.468  0.41115  861 6
292.624  0.354839  992 6
-94.814  0.238255  298 6
154.406  0.392857  224 6
11.25  0.236246  309 6
-302.796  0.217877  179 6
13.094  0.266781  581 6
265.938  0.356148  862 6
178.472  0.419825  343 4
55.734  0.342222  1125 4
-232.268  0.243425  1483 6
-103.156  0.316406  256 6
-317.532  0.215812  468 6
-0.282  0.273128  1362 4
69.72  0.367532  770 4
51.406  0.207283  714 6
56.312  0.188552  297 4
26.78  0.255208  960 6
13.236  0.295039  383 4
7.686  0.254854  412 4
-185.718  0.241611  149 6
112.812  0.389655  290 6
42.812  0.260417  288 6
13.312  0.25  476 4
14.658  0.324324  333 6
79.422  0.341304  920 6
16.248  0.158824  170 6
-318.876  0.254582  491 6
73.408  0.426357  645 6
154.688  0.202703  148 4
-176.624  0.284553  246 6
264.468  0.233161  193 4
64.22  0.245283  1378 4
67.686  0.416999  753 6
54.874  0.347043  2164 4
55.502  0.342707  2667 6
16.766  0.264624  359 4
14.64  0.313019  361 6
128.128  0.353033  1286 6
69.782  0.361765  1360 6
65.984  0.312369  477 4
-11.156  0.26087  621 6
9.264  0.266223  1803 6
14.532  0.224014  558 4
189  0.254206  535 6
274.372  0.248804  1254 6
142.312  0.372776  1293 4
13.75  0.164634  164 6
124.25  0.208531  211 6
158.562  0.234103  3161 6
241.468  0.267584  654 6
14.986  0.268012  347 4
-312.188  0.342342  333 4
-66.002  0.12  150 4
69.404  0.344189  1566 6
-117.688  0.34076  2289 6
66.86  0.341098  601 6
-342.39  0.174312  218 6
-98.874  0.245499  611 6
254.31  0.150685  146 6
5.344  0.268293  1107 6
-2.406  0.259395  1091 4
60.454  0.247824  2413 4
12  0.103896  154 4
73.064  0.3917  988 6
15.156  0.143498  223 6
55.018  0.341476  1883 4
60.126  0.259947  377 4
-222.218  0.259677  620 6
194.374  0.371429  315 4
69.564  0.348238  738 6
-359.872  0.218354  316 6
10.468  0.283279  1232 4
15.376  0.334694  245 6
7.718  0.267766  2730 4
-308.312  0.0992908  141 4
6.342  0.258265  3055 4
-0.088  0.255363  11560 4
68.216  0.379175  1018 6
109.924  0.256047  1199 4
49.702  0.332262  3735 6
15.28  0.256849  292 4
30.076  0.252137  234 6
98.096  0.505525  362 4
266.312  0.244388  3163 4
-92.968  0.295918  588 6
-190.954  0.131068  206 4
-24.562  0.259901  404 6
4.842  0.231214  1384 4
11.186  0.208333  240 6
70.438  0.37641  975 4
10.202  0.253252  2614 4
-359.266  0.252921  1455 4
85.158  0.351064  564 4
-375.014  0.276699  206 6
159.438  0.23029  482 6
58.158  0.200913  219 6
-177.5  0.199336  301 6
61.28  0.333074  1285 4
55.78  0.329615  1972 4
-62.532  0.31929  451 4
47.844  0.365099  1616 4
57.814  0.373694  1627 4
-38.486  0.246394  3328 6
-161.436  0.208791  182 6
9.436  0.219718  355 6
-96.844  0.262032  561 6
224.236  0.28692  237 4
72.936  0.251986  881 6
59.186  0.368849  2093 6
10.326  0.275967  982 6
-109.314  0.242857  280 4
-266.782  0.127907  172 4
33.532  0.0847458  295 6
4.812  0.266447  304 6
236.64  0.374836  763 6
272.624  0.285354  396 6
15.594  0.306452  310 6
15.562  0.2  170 4
73.376  0.39783  553 4
60.344  0.342144  1362 6
54.344  0.322043  3543 6
-63.72  0.229268  205 6
62.342  0.340702  2307 6
49.436  0.247224  2071 6
64.546  0.357143  896 4
75.626  0.398026  304 4
81.72  0.423333  600 6
-130.594  0.247225  991 4
75.266  0.37961  461 6
23.314  0.163823  293 6
59.92  0.343643  873 4
-352.124  0.228395  162 6
12.608  0.234568  648 6
19.158  0.341121  214 4
67.124  0.328603  916 4
-371.718  0.273684  1615 4
13.062  0.277108  332 6
-319.968  0.277955  626 6
287.374  0.115854  164 6
77.108  0.395429  875 4
10.764  0.264311  3057 4
-340.814  0.252372  527 6
-346.5  0.238514  1480 6
76.716  0.273224  549 4
19.812  0.283154  279 4
-159.438  0.245358  754 6
-192.532  0.195382  563 4
176.28  0.40591  643 6
175.376  0.393798  645 4
155.704  0.214511  317 4
70.454  0.373153  1624 6
171.408  0.380734  654 4
54.064  0.345893  3238 6
5.224  0.247894  3562 6
82.656  0.401207  663 4
0.562  0.212435  193 6
55.108  0.383471  1210 6
-61.186  0.254958  353 4
54.672  0.32122  3247 6
66.624  0.369644  1377 4
80.094  0.396662  779 6
-154.094  0.235739  1455 4
8.124  0.263926  754 6
80.688  0.349388  1225 4
313.498  0.223333  300 6
56.658  0.34988  1249 6
-338.5  0.251572  318 4
136.626  0.25618  445 4
69.344  0.399731  743 6
119.314  0.248988  494 4
-2.716  0.249162  1790 4
301.968  0.274941  2135 4
25.358  0.165385  260 6
-39.264  0.24285  1923 6
53.752  0.277778  828 6
5.826  0.24887  2877 4
-131.624  0.232653  490 4
49.596  0.403037  2568 6
-151.156  0.228519  547 6
-0.564  0.190909  330 4
-100.718  0.258065  403 6
10.156  0.254441  2083 4
14.388  0.237581  463 4
284.128  0.242424  231 4
74.234  0.382534  813 6
229.888  0.244772  3730 4
-199.064  0.305785  242 4
2.936  0.27673  159 6
14.532  0.250482  519 4
12.592  0.214634  205 4
14.438  0.20679  324 6
110.486  0.346223  1112 6
-246.126  0.220339  118 6
54.156  0.352941  646 4
13.936  0.182674  531 4
43.972  0.241722  302 6
68.36  0.353503  1570 4
14.97  0.20339  177 6
58.892  0.405819  1306 4
98.188  0.0858896  163 4
10.374  0.234637  179 6
-91.78  0.0805369  149 4
10.812  0.370492  305 6
6.92  0.259321  10165 4
-307.28  0.329545  264 6
-110.092  0.268145  496 6
11.124  0.220149  268 6
8.908  0.272958  1579 4
-238.936  0.231343  536 4
59.516  0.354915  2533 4
-270.872  0.235897  195 4
18.156  0.206522  184 6
284.47  0.39801  201 6
-266.562  0.271845  309 6
185.58  0.238061  1403 6
64.968  0.401609  1367 4
-204.36  0.197761  268 6
16.672  0.172973  185 4
-6.626  0.14393  16383 4
53.642  0.342423  2567 6
69.564  0.383349  1093 4
15.936  0.108108  185 6
126.388  0.344725  2019 6
88.842  0.29249  253 4
224.188  0.309917  242 6
67.376  0.34188  351 6
66.388  0.370804  1281 4
57.172  0.165414  399 4
-109.656  0.235143  1952 6
17.158  0.152174  184 6
-135.248  0.237792  471 4
91.798  0.386861  685 4
-318.562  0.277262  862 6
72.094  0.417066  1043 6
5.25  0.10101  99 6
178.954  0.226859  1318 4
-288.408  0.222222  396 6
14.592  0.221987  473 4
71.388  0.372306  1531 4
101.594  0.351474  441 6
259.094  0.261128  674 6
-168.374  0.255946  1934 4
289.188  0.231438  1266 6
69.718  0.323944  355 6
16.83  0.315113  311 6
17.124  0.293194  191 4
229.81  0.168831  154 4
172.374  0.247126  1218 4
-218.436  0.340782  179 4
101.218  0.356028  705 6
3.17  0.257148  11227 6
81.844  0.409931  866 4
59.408  0.326122  1248 4
54.404  0.339714  3709 4
-144.374  0.282486  354 4
53.156  0.345217  1683 6
44  0.263393  224 6
67.688  0.385093  483 4
11.126  0.193069  202 6
13.232  0.227079  1876 6
-52.248  0.249695  821 6
-142.532  0.268852  305 4
57.188  0.415033  306 6
3.252  0.249739  2875 6
11.61  0.27529  603 6
14.938  0.208989  445 4
70.468  0.333578  1361 6
180.844  0.424893  233 6
59.782  0.263524  1867 6
71.69  0.417225  1045 6
14.702  0.231405  242 6
-170.062  0.207297  603 4
-373  0.232394  284 6
-96.622  0.22807  798 4
-111.844  0.265957  564 4
13.688  0.286325  468 6
14.688  0.282158  241 6
85.872  0.209302  430 6
-241.596  0.25074  3717 4
72.672  0.299107  224 6
71.28  0.356209  1224 4
269.936  0.263158  1748 4
294.358  0.170635  252 4
97.592  0.369942  346 4
12.124  0.332373  1736 6
86  0.409524  420 6
-322  0.207547  530 6
14.436  0.278761  226 4
214.704  0.359211  760 6
15.314  0.260101  396 6
50.874  0.325703  3451 4
186.406  0.382409  523 6
38.594  0.170213  188 4
-78.374  0.172043  372 6
77.562  0.375747  1171 4
285.904  0.404255  470 6
56.158  0.34839  2546 4
8.344  0.27192  2589 4
17.436  0.248908  229 4
17.532  0.311404  228 4
19.346  0.239264  163 6
104.156  0.193798  387 4
5.172  0.201068  562 6
286.408  0.429741  733 6
259.592  0.261416  876 4
8.358  0.226286  1613 6
38.81  0.248434  1437 6
-353.812  0.264706  306 6
102.686  0.363636  297 6
-193.736  0.20122  164 6
-3.5  0.182927  164 6
82.938  0.182796  279 6
12.876  0.249216  638 6
63.048  0.39447  1772 6
57.424  0.351963  1503 6
307.234  0.184834  211 4
15.216  0.241007  278 6
12.842  0.268  1000 6
12.764  0.28115  626 4
-115.484  0.229104  1340 6
124.204  0.208038  846 6
-121.908  0.244048  168 4
52.25  0.372385  1673 6
67.296  0.396721  305 6
63.842  0.256178  1214 6
57.404  0.359726  1604 6
-5.344  0.201117  179 4
-383.842  0.280822  146 4
50.312  0.333589  3909 4
167.564  0.213389  239 4
-274.062  0.251678  298 6
54.592  0.377399  1407 6
62.78  0.434783  529 4
-83.096  0.364982  811 6
-124.266  0.22735  585 6
52.092  0.0405298  16383 4
-237.594  0.241711  935 6
73.514  0.393082  954 6
14.892  0.224422  303 6
61.406  0.379235  1830 6
61.986  0.317073  451 4
78.658  0.392655  708 4
266.906  0.207843  510 4
59.858  0.377976  1344 4
-18.426  0.15156  16383 6
99.158  0.244514  319 4
12.186  0.266968  221 4
51.094  0.351003  2641 4
202.064  0.239238  1417 4
-35.5  0.133971  209 4
52.126  0.342375  1659 6
218.564  0.255747  2088 4
45.5  0.230303  165 4
4.128  0.255639  133 4
14.72  0.26097  433 6
-76.56  0.21256  414 4
115.032  0.287805  205 6
-311.872  0.269777  986 6
66.688  0.407993  1201 6
190.532  0.410359  251 4
14.188  0.241316  547 4
101.936  0.358871  248 6
190.218  0.248619  181 6
167.546  0.268817  279 4
0.312  0.268458  8560 4
210.28  0.2397  534 6
56.624  0.287402  254 4
17.234  0.22619  168 4
74.156  0.363383  1076 6
215.344  0.268775  1265 4
14.998  0.241573  178 4
91.376  0.205451  477 6
287.968  0.101124  178 4
159.032  0.26378  254 6
109.218  0.319693  391 4
59.842  0.352438  2338 6
74.906  0.371795  468 4
-46.484  0.263207  2139 4
58.252  0.342271  1268 4
-230.624  0.239732  1193 4
17.266  0.203822  157 6
-392.484  0.230526  950 4
121.656  0.281938  227 4
58.064  0.391916  569 6
14.124  0.201456  412 6
79.528  0.405117  469 6
-176.062  0.124378  201 6
10.782  0.239188  1133 6
12.624  0.3125  224 6
11.126  0.226691  547 4
1.622  0.219923  16383 4
13.376  0.201413  283 6
-137.608  0.253621  6214 6
13.53  0.276042  192 6
-205.438  0.224026  308 4
15.422  0.211382  246 6
56.78  0.396854  1653 6
52.358  0.325427  3921 4
-228.216  0.234483  580 4
107.08  0.361111  216 4
7.778  0.263912  4187 6
67.516  0.373106  1056 4
14.718  0.203947  304 4
-304.5  0.210191  157 6
54.218  0.350488  1846 6
54.716  0.344229  2937 4
-163.872  0.185811  296 6
-366.124  0.248148  270 6
12.344  0.225641  195 6
96.876  0.237094  1046 4
72.624  0.406433  342 6
132.47  0.177273  220 4
55.484  0.352941  2210 4
88.576  0.333683  2859 4
-368.062  0.254032  744 6
14.186  0.248101  395 6
59.516  0.359896  1920 4
167.876  0.276289  485 6
61.094  0.37253  1012 4
-118.048  0.25641  2106 6
195.596  0.325137  366 4
-348.608  0.265254  1180 6
248.78  0.40694  634 6
5.594  0.225386  1686 4
104.47  0.45481  343 4
56.64  0.35035  1998 6
52.752  0.345756  3193 6
12.876  0.256849  584 6
13.188  0.217557  262 4
-156.404  0.215517  580 4
-104.796  0.269424  798 6
-77.172  0.247312  186 4
14.47  0.222222  243 6
3.188  0.112994  177 4
163.75  0.371257  1002 4
-338.844  0.261146  314 6
-13.548  0.168385  291 4
87  0.343046  755 4
-376.47  0.282143  280 4
18.374  0.0779221  154 4
63.562  0.393075  491 6
101.312  0.383436  326 4
103.374  0.338762  307 4
17.904  0.281818  220 4
2.65  0.270937  7009 6
140.968  0.228473  871 4
-202.08  0.265537  531 4
62.954  0.32528  2235 4
68.5  0.402439  492 6
13.904  0.180723  249 6
11  0.28125  256 6
55.014  0.335769  2600 6
13.11  0.212079  712 4
70.706  0.351521  1118 4
9.314  0.227273  902 4
-125.504  0.211268  639 6
-300.686  0.233161  193 6
-320.454  0.240805  2583 4
-281.628  0.27439  164 6
-0.844  0.281195  569 4
9.874  0.21147  279 6
172.688  0.239306  865 6
63.672  0.380548  1059 4
12.532  0.219858  282 6
64.956  0.373536  1708 6
17.948  0.207792  154 6
-307.888  0.2125  240 4
11.25  0.247209  627 4
15.28  0.251429  175 6
15.156  0.275676  185 6
240.188  0.17866  403 6
82.89  0.415584  308 4
40.94  0.229665  209 4
-45.372  0.26457  3020 4
65.734  0.338724  2226 4
-339.688  0.219008  242 6
0.422  0.25673  2006 4
67.076  0.397059  340 6
-1.03  0.235333  1500 6
11.284  0.155556  270 6
56.204  0.35626  1294 6
214.406  0.367217  787 6
50.906  0.350578  1991 6
10.312  0.267813  407 4
2.89  0.243945  578 4
62.126  0.10219  137 4
69.344  0.357143  1232 6
73.782  0.391781  365 4
54.548  0.348628  2441 6
-307.998  0.24105  419 4
13.968  0.308271  266 6
13.72  0.262391  343 4
-49.314  0.263666  622 4
-131.564  0.217742  868 4
12.438  0.25105  952 4
283.312  0.245361  1940 4
55.562  0.344094  2633 4
286.844  0.233645  214 4
12.592  0.304659  279 6
2.096  0.252551  784 4
79  0.138075  239 4
-268.374  0.178571  252 6
67.44  0.30315  254 4
155.814  0.309237  249 4
62.25  0.364357  1891 4
208.172  0.245955  309 4
23.748  0.335135  185 6
60.11  0.344974  2119 4
79.094  0.38565  223 6
-254.344  0.331579  190 6
9.938  0.380682  352 4
15.17  0.254408  397 6
15.564  0.211921  151 4
-60.844  0.249719  889 4
-155.186  0.260304  922 6
14.828  0.194915  236 6
-332.998  0.204082  196 4
72.908  0.380137  292 6
176.576  0.18241  307 6
54.376  0.326287  3690 4
-61.844  0.282278  790 6
3.03  0.26083  1108 4
10.312  0.281179  441 6
129.094  0.204969  161 6
-321.812  0.186207  290 6
94.972  0.321981  323 4
6.944  0.252312  5624 6
183.376  0.0681818  220 4
-18.218  0.18543  151 4
-37.186  0.255193  2359 6
14.5  0.177419  124 4
58.326  0.342993  2312 4
161.014  0.329143  2625 6
11.874  0.259922  1285 4
-34.438  0.238806  201 6
271.486  0.10241  166 6
53.096  0.382902  1392 6
-199.624  0.29863  365 6
219.688  0.191257  183 6
12.34  0.287719  285 6
55.28  0.38038  1998 4
-18.876  0.251932  647 6
-120.22  0.261494  348 4
14.94  0.188976  127 6
-39  0.229572  257 6
18.312  0.247191  178 6
14.316  0.171348  356 4
1.844  0.176282  312 6
86.812  0.269231  1092 4
-107.628  0.249639  693 4
16.268  0.290566  265 4
-70.452  0.29582  311 6
16.28  0.176796  181 6
13.188  0.224138  174 6
13.188  0.323232  297 4
15.016  0.26499  517 4
17.144  0.0909091  143 6
15.812  0.170918  392 4
194.344  0.377215  395 4
-103.064  0.258858  1016 4
-369.66  0.268539  890 4
13.672  0.226821  604 4
14.216  0.270789  469 6
28.812  0.258586  495 6
15.936  0.261905  378 6
52.564  0.329749  279 4
-2.38  0.0571934  16383 4
16.312  0.228346  127 6
-248.516  0.256987  1646 6
-98.888  0.376081  1388 6
109.94  0.313253  249 4
11.188  0.284444  900 4
304.236  0.247249  1363 4
13.404  0.283302  533 6
-52.504  0.262357  1841 4
-319.688  0.252874  348 4
53.252  0.352455  1935 6
18.832  0.22293  157 6
60.312  0.37037  1296 4
-312.344  0.264591  257 4
61.232  0.346244  2143 4
62.452  0.357895  2185 4
55.528  0.3375  2080 4
-257.624  0.246387  1384 6
59.86  0.367296  795 6
228.776  0.209366  726 6
206.656  0.409968  622 4
14.784  0.27619  525 4
73.44  0.390036  823 6
65.8  0.37906  2063 6
62.876  0.328662  2212 4
66.732  0.381124  1939 4
9.904  0.222482  427 6
17.312  0.2625  160 6
-142.44  0.305344  262 6
12.5  0.297403  770 6
12.376  0.201681  714 4
10.876  0.238659  507 6
62.248  0.35682  1107 6
-55.188  0.0503597  139 4
-245.22  0.258883  197 4
-346  0.203297  182 4
-171.86  0.233443  1525 4
72.94  0.340726  992 4
64.064  0.386492  1599 6
-65.344  0.241935  868 4
7.36  0.254047  1606 6
-100.516  0.300546  183 4
59.688  0.394535  1171 6
63.532  0.356905  1499 4
68.128  0.354756  1167 4
64.528  0.317789  579 4
291.28  0.137652  247 6
-224.312  0.226006  323 4
-259.032  0.165605  157 4
70.78  0.361733  1385 6
12.684  0.26738  561 6
306.548  0.224138  290 4
16.952  0.315315  333 6
82.796  0.37469  403 6
-95.032  0.247328  655 6
12.968  0.242123  603 6
179.284  0.355465  979 4
4.816  0.252683  13325 6
255.72  0.249731  1862 6
-133.248  0.266169  402 4
70.312  0.361223  1243 6
-102.688  0.154762  168 6
47.408  0.354576  3562 4
87.812  0.343902  410 4
53.452  0.339744  3276 4
-233.032  0.0704225  142 4
7.908  0.250306  2453 4
60.94  0.348905  685 4
51.564  0.159744  313 6
88.264  0.216578  748 4
1.468  0  16383 6
68.048  0.303977  352 4
89.66  0.339237  734 4
199.656  0.225464  377 4
-346.608  0.224838  1232 4
52.808  0.292308  390 6
16.704  0.278351  291 4
69.14  0.37931  899 4
154.66  0.368049  1133 4
-32.672  0.307018  342 4
34.452  0.180672  238 4
68.404  0.226537  309 6
-365.936  0.341121  214 6
12.592  0.302839  317 6
180.124  0.367965  231 4
-103.204  0.0958084  167 6
-350.188  0.273183  1197 6
-260.484  0.24813  1604 6
54.328  0.22381  210 6
19.952  0.262712  236 6
13.372  0.251748  143 4
183.312  0.257097  1867 6
56.548  0.373957  599 4
60.156  0.384067  1682 4
257.78  0.249516  517 6
-180.812  0.246864  1993 6
51.256  0.33973  3856 4
-217.448  0.230088  226 4
14.096  0.20362  221 4
222.408  0  16383 4
-242.72  0.199357  622 6
64.408  0.330864  810 4
48.78  0.181347  386 4
-60.376  0.371703  417 4
14.156  0.277635  389 6
13.596  0.248677  189 4
-62.344  0.211009  218 4
305.496  0.195609  501 4
12.752  0.244519  593 6
15.28  0.223684  304 4
156.564  0.26513  347 4
-46.968  0.26361  349 6
134.22  0.253081  1055 4
12.376  0.264174  829 4
70.5  0.39678  1056 6
-280.376  0.355623  329 6
57.72  0.330262  1411 6
-306.84  0.260223  807 4
-83.908  0.221843  293 4
143.316  0.235928  835 6
54.564  0.146667  150 4
17.216  0.217822  202 4
9.752  0.234463  354 4
-91.232  0.122871  16383 6
18.312  0.20625  160 4
-51.184  0.286195  297 4
-259.716  0.200483  828 6
64.78  0.368619  1332 4
8.752  0.269535  2278 4
-300.156  0.231132  848 4
13.576  0.231023  909 4
8.812  0.242667  1500 6
57.688  0.34386  1710 4
8.092  0.254893  6795 4
-259.284  0.255917  676 6
56.188  0.363011  2617 6
8.22  0.253729  6235 6
148.372  0.292619  1138 6
-293.112  0.258657  1906 4
55.22  0.353829  2651 4
8.828  0  16383 6
73.968  0.267797  1770 6
118.608  0.419643  336 6
261.076  0.114583  192 4
85.468  0.342776  353 6
7.968  0.223014  982 4
-3.312  0.337838  222 6
309.656  0.277154  534 4
-210.452  0.206478  247 6
62.296  0.372093  1677 6
14.5  0.0324675  154 4
-116.624  0.211618  241 6
51.94  0.326095  2855 4
-118.58  0.233815  1869 6
105.408  0.248473  2129 6
-155.876  0.292866  799 6
199.032  0.240099  404 6
35.236  0.160714  168 4
14.748  0.255034  447 4
-99.092  0.231183  372 4
66.624  0.319249  213 4
87.216  0.246554  1886 4
3.716  0.265796  6505 4
10.812  0.234432  546 6
197.752  0.398467  261 4
-242.876  0.27027  444 4
67.012  0.410134  1046 6
-78.612  0.36799  1587 4
-66.264  0.203125  192 6
62.2  0.346815  2151 6
-5.452  0.240803  2093 4
-161.344  0.219807  828 6
158.376  0.26226  469 4
3  0.260943  594 4
-68.284  0.227331  783 6
70.124  0.218927  708 4
-0.344  0.216524  351 4
227.188  0.290441  272 6
-163.656  0.299674  307 6
11.748  0.233333  630 4
11.908  0.162011  179 6
249.484  0.270531  207 4
54.312  0.340761  3231 4
-261.796  0.241451  965 4
-121.888  0.256949  1619 6
75.14  0.405  800 6
-151.936  0.241379  203 4
118.972  0.272358  246 6
16.316  0.00909091  110 6
13.328  0.248619  543 4
-368.124  0.257576  198 6
11  0.270156  707 6
-46.816  0.258874  1155 4
54.064  0.35594  2256 6
10.312  0.208092  173 6
269.124  0.393069  1010 4
13.312  0.15508  374 6
62  0.397076  1710 6
225.752  0.25254  1378 6
-147.312  0.265957  188 6
-272.156  0.254109  1582 4
152.908  0.269006  171 4
-38.472  0.207865  178 4
79.344  0.37395  476 4
125.348  0.264431  1819 4
54.168  0.355956  2107 4
214.092  0.281337  1436 4
147.812  0.405018  1116 6
-135.22  0.243902  738 4
126.408  0.258438  1037 4
53.312  0.375102  2450 4
113.032  0.28125  672 4
66.36  0.411897  891 6
21.376  0.210191  157 6
66.72  0.404321  324 6
217.516  0.240359  1115 4
15.436  0.141079  241 4
52.376  0.261482  2199 4
-299.12  0.23382  479 4
-73.472  0.268729  1455 6
235.532  0.419725  436 6
-283.656  0.276932  1643 4
181.624  0.206897  145 4
-358.08  0.281407  199 4
168.904  0.269474  475 4
-102.248  0.266667  525 6
54.36  0.329545  2112 6
-266.936  0.221034  561 4
25.404  0.255366  2283 6
-127.532  0.259957  3239 4
55.672  0.356055  2494 6
-219.676  0.214876  242 6
-319.404  0.22488  836 6
270.876  0.18  250 4
56.78  0.351971  1395 4
-311.352  0.248994  5466 4
3.644  0.261416  10665 4
73.748  0.251534  326 4
225.92  0.257012  1533 4
157.248  0.235  200 6
266.248  0.249351  385 6
10.564  0.18323  322 4
13.628  0.2625  240 4
3.408  0.33935  277 4
112.564  0.258348  569 6
5.408  0.250543  5065 4
-379.264  0.259005  583 4
58.128  0.362282  1946 4
12.592  0.201754  456 6
54.248  0.36036  1443 6
70.64  0.247964  1105 6
167.672  0.231391  1733 6
-143.5  0.270195  359 4
-235.152  0.269565  575 4
-305.656  0.137584  298 4
72.076  0.353659  738 6
-0.452  0.270115  1566 4
21.656  0.157303  178 6
-251.188  0.312821  195 4
-32.564  0.271375  269 6
-267.7  0.251917  3521 6
108.656  0.348101  316 6
-42.5  0.21978  182 4
-166.184  0.0965909  176 4
-247.612  0.225532  235 6
14.34  0.169184  331 6
15.096  0.289003  391 6
90.812  0.211293  549 4
133.032  0.243612  1761 4
-277.624  0.281385  231 6
8.024  0.00164805  16383 4
78.608  0.351974  912 6
9.532  0.250802  2807 4
-168.812  0.299213  635 6
13.22  0.060241  166 6
-323.936  0.276753  271 6
-11.752  0.274725  182 4
-185.312  0.244156  385 6
54.532  0.338619  3027 6
15.156  0.176707  249 4
199.464  0.40625  384 6
-226.436  0.269572  1354 6
10.044  0.244706  2125 4
-0.736  0.243044  1222 6
-197.06  0.268868  212 6
54.2  0.364416  1748 4
55.548  0.336075  1702 6
-252.064  0.248447  161 6
51.72  0.366104  2431 6
-238.06  0.249874  1989 4
269.94  0.25283  530 4
68.808  0.3916  881 4
57.128  0.381643  1863 6
79.312  0.34748  754 4
-280.86  0.247675  3763 6
61.684  0.350565  2302 4
9.968  0.220339  885 6
296.22  0.314465  477 4
49.248  0.356546  1795 4
13.784  0.241279  688 4
-269.968  0.243207  736 6
51.408  0.333787  2939 6
-2.5  0.212991  662 6
-4.78  0.268172  1417 4
68.092  0.334643  1273 4
16.188  0.217391  345 4
54.656  0.345531  1421 4
-307.752  0.102564  156 6
67.436  0.383929  224 4
-206  0.241803  244 4
52.78  0.269504  423 6
12.984  0.297045  643 6
76.936  0.388102  706 4
70.924  0.388747  1173 4
216.156  0.253138  478 4
116  0.389459  1461 4
40.56  0.210332  271 4
58.716  0.348501  967 6
11.436  0.305085  295 4
57.848  0.349485  970 4
14.64  0.138095  210 6
259.844  0.223058  399 6
76.968  0.409171  567 6
-97.076  0.212644  348 6
8  0.2  150 6
-381.996  0.278511  833 6
-166.532  0.285888  822 4
-136.624  0.213115  183 6
56.844  0.327122  966 6
13.5  0.213974  687 4
122.124  0.218947  475 4
63.532  0.344794  2065 6
19.376  0.191489  141 4
158.72  0.269592  638 6
-396.064  0.0981595  163 4
-310.124  0.257143  490 4
102.408  0.305921  304 6
-255.064  0.315113  311 6
70  0.357252  655 4
60.984  0.360406  1182 4
11.596  0.234637  716 6
11.936  0.222323  1102 4
71.112  0.385335  641 6
133.028  0.398148  216 6
59.844  0.400936  1282 4
-71.752  0.0806452  124 6
220.736  0.416277  1069 4
62.452  0.336639  1714 6
-171.78  0.294416  394 6
62.608  0.247028  757 4
47.152  0.0833333  156 4
169.076  0.244124  1319 6
216.28  0.246753  693 6
13.16  0.180723  166 4
-207.668  0.228036  1013 6
10.408  0.197849  465 6
171.72  0.224138  348 6
-87.656  0.217573  239 6
6.876  0.26186  5270 6
-204.532  0.149068  161 4
10.376  0.245219  889 6
212.436  0.258398  1161 4
-216.86  0.236536  1894 6
-48.72  0.248485  165 6
177.28  0.310078  258 4
69.096  0.346875  320 4
-288.612  0.259259  270 6
101.688  0.286501  363 4
-392.596  0.245856  724 6
217.812  0.382178  505 4
-21.28  0.272011  1397 6
5.844  0.291667  744 6
80.248  0.381579  760 6
177.064  0.251806  969 4
-185.308  0.151832  191 6
107.532  0.189944  358 6
28.344  0.291822  538 6
168.78  0.272277  202 4
-259.252  0.273103  725 4
58  0.348507  1340 4
-230.128  0.264249  193 4
190.22  0.191892  370 6
11.688  0.237089  426 6
67.28  0.337195  1640 4
-192.844  0.244954  1090 6
-100.936  0.335366  164 6
11.748  0.31383  188 6
120.94  0.145923  233 6
74.392  0.384241  1028 4
101.748  0.31769  277 6
140.644  0.216791  941 4
-172.06  0.279279  222 4
59.656  0.383749  1243 4
32.56  0.0869565  115 4
13.34  0.258656  491 4
-155  0.387755  245 4
14.032  0.263027  403 4
65.128  0.387656  1847 6
10  0.258203  1402 4
-65.212  0.253887  10292 4
1.408  0.220551  399 6
-236.92  0.259155  355 4
-189.376  0.250836  299 6
77.076  0.231795  1799 6
-3.372  0.212  250 6
-254.984  0.233813  278 4
72.184  0.335853  926 6
8.888  0.263052  2969 6
13.436  0.22807  171 4
58.312  0.330963  1828 6
70.44  0.33543  477 6
79.736  0.365175  827 6
58.2  0.341348  2121 6
58.888  0.349574  2463 4
-26.252  0.18  250 4
69.44  0.329616  807 4
151.66  0.238926  745 4
210.488  0.380137  876 4
-201.312  0.255814  989 6
9.592  0.257938  2047 4
-60.376  0.338983  236 6
53.828  0.337766  2632 6
59.78  0.327133  914 4
-381.596  0.263115  2478 6
-370.06  0.211221  303 6
12.64  0.233115  918 4
-142.188  0.244724  2227 6
-104.716  0.208672  738 6
75.188  0.356643  429 4
79.86  0.393617  752 4
-58.248  0.1875  224 6
64.956  0.362354  1631 4
-192.748  0.236686  169 4
203.092  0.167808  292 4
12.688  0.236979  384 4
118.032  0.252809  178 6
-10.56  0.239153  945 6
17.284  0.144144  111 4
15.548  0.279874  318 4
-190.452  0.238905  1059 4
68.628  0.344961  258 4
10.312  0.2581  1821 4
204.204  0.378747  367 4
65.94  0.167464  209 4
13.22  0.243067  613 6
148.624  0.278719  531 4
-376.704  0.199134  231 6
10.7  0.259553  1387 4
-373.436  0.21727  359 6
-168.156  0.161972  284 4
-62.812  0.201581  253 6
13.032  0.158537  164 6
50.484  0.292576  229 6
54.376  0.246022  817 6
-90.968  0.334802  227 6
-61.36  0.247166  1323 6
11.064  0.186275  204 6
-234.968  0.271447  1562 6
-240.748  0.304762  210 4
18.784  0.272727  198 4
222.748  0.283708  356 4
-284.124  0.253378  1480 4
3.5  0.253553  1337 4
146.984  0.248235  2550 4
103.78  0.430712  267 6
-85.876  0.0892857  168 4
117.344  0.32  200 4
195.736  0.346099  1410 6
-205.436  0.208955  268 6
155.392  0.256969  1148 4
7.108  0.260565  13298 6
-286.596  0.25966  647 6
73.156  0.196429  224 4
12.532  0.243108  399 6
64.032  0.352455  1935 4
54.5  0.384906  1325 6
-111.78  0.257367  509 4
60.496  0.359671  1582 6
284.924  0.359685  2669 4
-10.64  0.251872  1469 4
61.624  0.355218  2041 4
50.532  0.222864  866 4
225.688  0.337592  1487 4
36.296  0.219512  287 6
-398.208  0.258042  10010 6
60.876  0.273458  373 4
-361.936  0.296443  253 6
74.344  0.393519  432 6
11.78  0.330749  387 6
-82.124  0.977416  16383 6
11.188  0.231183  930 4
-177.064  0.210526  171 6
8.316  0.252088  5268 4
-6.716  0.215  200 6
86.628  0.355705  298 6
12.888  0.260606  330 6
-11.564  0.102362  254 4
200.656  0.237685  812 6
126.404  0.38564  1727 6
-149.876  0.25  756 4
228.312  0.134199  231 4
9.34  0.28066  424 6
59.464  0.326503  2196 4
50.532  0.338001  2571 6
11.048  0.236486  1036 4
9.252  0.243534  928 4
14.032  0.131387  137 6
-344.876  0.0427807  187 6
66.596  0.383592  1353 4
-40.188  0.186364  220 4
16.36  0.283276  293 6
5.876  0.153846  91 4
-136.808  0.268041  582 4
7.892  0.246036  3406 6
-57.504  0.249669  1510 6
-64.5  0.264973  2638 6
-324.092  0.235079  821 6
-220.252  0.19697  198 4
40.408  0.242152  223 6
-210.936  0.248  1250 4
56.004  0.1625  240 4
53.548  0.345062  1620 4
-196.816  0.208255  533 6
214.796  0.306604  212 6
10.5  0.228216  482 6
14.312  0.258741  286 4
15.716  0.230769  182 6
87.812  0.240891  494 4
22.204  0.223958  192 6
-175.752  0.291667  456 4
161.264  0.385257  719 6
-263.856  0.295792  808 4
194.908  0.36107  673 4
9.188  0.273529  340 4
11.56  0.248369  1993 6
61.108  0.346493  2381 4
11.408  0.266804  1458 4
65.092  0.355835  874 6
12.496  0.107143  140 4
5.952  0.243371  2753 6
-236.688  0.247863  702 6
10.032  0.278161  435 6
89.56  0.390671  686 4
64.032  0.226619  278 6
13.128  0.294326  282 4
8  0.360704  341 4
97.56  0.333984  512 6
73.5  0.347251  982 6
56.312  0.322363  2522 4
12.22  0.172  250 6
69.44  0.381766  1404 6
6.812  0.255086  3736 6
-216.064  0.198675  151 6
66.592  0.365854  287 4
11.904  0.258883  394 4
5.688  0.181009  337 4
204.448  0.216301  638 6
60.172  0.203883  309 6
15.344  0.29064  203 4
-198.5  0.0724638  138 6
8.124  0.114504  131 6
-359.048  0.301493  335 4
56.064  0.368755  2522 4
-123.716  0.197297  370 4
57.7  0.243363  2486 4
18.064  0.319797  197 4
311.188  0.267083  2400 6
-284.872  0.36  175 6
10.56  0.235828  882 6
63.268  0.377171  1209 4
-393.936  0.119565  368 4
218.16  0.208241  898 6
14.344  0.253425  584 4
56.656  0.331646  395 4
14.5  0.172662  139 4
-317.468  0.252525  1089 6
59.984  0.334946  1654 6
16.184  0.165179  224 4
15.28  0.254355  287 6
-78.528  0.25  160 6
80.816  0.142857  287 4
-294.504  0.282609  230 4
81.812  0.415966  238 4
60.452  0.378867  1713 6
10.404  0.288251  732 6
11.468  0.279468  526 4
8.204  0.234775  2151 4
10.248  0.300412  243 4
81.408  0.378692  948 4
-126.956  0.255308  1931 6
111.436  0.205426  258 4
-26.28  0.226721  741 6
55.048  0.355306  2761 6
186.108  0.25523  1912 4
-251.404  0.258517  499 4
60.812  0.360395  1318 6
189.64  0.326923  1716 6
6.172  0.251563  4639 6
67.032  0.34179  1419 6
0.344  0.284452  566 6
91.184  0.190476  168 4
-46.5  0.207071  198 6
14.972  0.181159  138 4
164.752  0.24818  1511 6
11.408  0.279476  229 6
14.624  0.231293  147 4
8.132  0  16383 6
73.08  0.35181  884 4
150.064  0.210938  128 6
40.124  0.249158  297 4
12.904  0.268097  746 4
66.408  0.361592  578 6
14.156  0.195652  322 6
11.704  0.251529  1308 4
58  0.406193  549 6
63.84  0.372137  1572 6
55.752  0.343794  2868 6
-269.376  0.191781  146 4
-344.892  0.374302  358 6
14.408  0.300469  213 4
88.876  0.343434  396 4
-0.124  0.241042  307 4
14.656  0.28877  187 4
15.264  0.220588  408 4
93.876  0.139535  172 4
-23.656  0.232372  624 4
262.512  0.198813  337 4
62  0.336493  1477 6
13.7  0.236407  423 6
7.94  0.255776  606 4
65.656  0.214425  513 6
8.5  0.284768  302 6
13.684  0.298913  184 6
52.704  0.246809  235 4
10.72  0.282116  397 6
75.612  0.444293  736 4
14.216  0.285178  533 4
101.936  0.265306  196 4
-360.468  0.237768  1308 6
68.42  0.372523  757 4
125.748  0.259939  327 4
-2.812  0.224092  1129 4
-209.812  0.110429  163 6
14.408  0.251479  338 4
-351.204  0.214689  531 4
7.236  0.20597  335 4
189.924  0.240732  2131 4
9.188  0.242038  471 4
16.36  0.147368  190 4
-320  0.283262  233 4
-45.128  0.274715  1052 6
-226.968  0.25  320 4
13.124  0.240458  524 6
59.656  0.32  175 4
13.252  0.226164  451 6
-131.532  0.315556  225 4
12.092  0.247619  630 4
62.828  0.373708  1354 4
180.688  0.248893  1129 4
71.004  0.285047  214 6
29.768  0.289157  249 6
41.188  0.353571  280 4
7.784  0.231586  3014 6
6.748  0.288732  284 4
153.44  0.347826  230 6
16.748  0.241935  186 4
-368.78  0.260274  730 6
212.736  0.263538  1662 6
276.312  0.251838  544 6
15.032  0.225  200 4
13.812  0.259494  158 4
236.2  0.375486  514 6
-70.344  0.193388  605 6
208.564  0.237226  274 6
111.564  0.41349  341 6
14.064  0.208122  197 6
9  0.289575  259 6
72.128  0.258065  217 6
9.216  0.23247  1854 6
15.22  0.30212  566 4
-200.764  0.247591  1349 4
-204.876  0.251023  733 4
13.372  0.259756  820 4
-274.376  0.202247  178 6
92.252  0.231125  649 6
-336.672  0.21659  217 6
55.172  0.332145  3366 6
9.876  0.243115  2106 6
118.908  0.232143  168 6
17.072  0.264249  193 4
14.908  0.31672  622 6
58.656  0.251618  1236 6
-313.688  0.2509  833 6
279.952  0.275819  1588 4
81.22  0.228571  385 6
85.108  0.345646  379 6
-146  0.232394  284 4
14.22  0.217054  258 4
52.768  0.356873  793 4
-22.936  0.231752  548 6
-249.392  0.230337  890 6
-75.592  0.276236  829 4
6.752  0.260121  6916 6
14.532  0.328283  198 4
11.876  0.21745  745 6
15.58  0.254054  185 6
80.924  0.313433  268 4
5.768  0.243974  3070 6
8.016  0.265685  3124 4
53.532  0.391621  549 4
10.596  0.225275  364 4
76  0.333627  1136 4
13.592  0.276964  751 4
12.184  0.271739  276 4
14.704  0.2147  517 4
96.828  0.310277  506 4
10.72  0.216263  578 4
-3.576  0.240074  2720 4
-298.048  0.219078  954 6
68.608  0.387704  797 4
-26.656  0.207127  449 6
-192.516  0.230392  204 6
10.844  0.268775  1265 6
16.404  0.201183  169 6
-206.096  0.248877  1113 6
-270.752  0.231034  580 6
-316.188  0.159875  319 4
11.436  0.217308  520 6
11.812  0.222628  274 6
-60.592  0.270492  244 4
-176.876  0.359606  203 4
261.092  0.220641  281 4
266.216  0.257874  2032 4
-271.748  0.242671  1228 4
-312.972  0.242152  1784 4
13.192  0.2175  400 6
23.784  0.229911  896 6
55.812  0.379147  1899 6
200.264  0.263744  1346 4
61.016  0.35352  2031 6
291.736  0.305182  521 4
189.172  0.244151  1667 6
61.704  0.353278  1571 6
15.36  0.163717  226 6
-172.624  0.238311  663 4
-44.72  0.251799  417 6
278.016  0.236618  1999 4
-5.128  0.259259  2592 6
19.94  0.163205  337 4
182.564  0.277273  440 6
-8.86  0.213483  178 6
-344  0.228426  394 6
42.528  0.270677  266 4
64.096  0.358142  1572 6
-311.092  0.257143  805 4
221.188  0.365177  649 6
-251.624  0.141593  113 4
10.516  0.281828  1838 6
-151.348  0.241102  871 4
76.372  0.294444  180 4
11.064  0.270552  1630 4
-256.312  0.214286  154 4
15.316  0.316109  329 4
14.096  0.240854  328 6
82.204  0.346237  465 4
92.28  0.356942  1426 4
-162.968  0.077381  168 4
16.44  0.188776  196 6
67.904  0.313969  1532 4
144.784  0.391658  983 6
-301.984  0.22973  296 6
85.44  0.350158  317 4
67.968  0.352809  890 6
-234.56  0.220253  395 4
52.872  0.37124  1363 4
4.92  0.233526  2595 4
17.188  0.287449  247 4
-3.312  0.237705  1098 6
74.748  0.4  445 6
-89.688  0.253119  561 6
12.66  0.227083  480 6
96.06  0.381156  467 6
14.764  0.271523  302 6
13.66  0.232996  691 4
104.044  0.40625  352 6
19.236  0.323864  176 6
-142.404  0.25876  371 6
-11.36  0.295203  271 6
8.624  0.27116  1276 6
12.404  0.243542  271 6
109.312  0.0794702  151 6
58.808  0.372313  1907 6
216.876  0.426606  218 4
10.404  0.283186  452 6
16.716  0.123457  162 4
-176.832  0.256951  1043 6
51.812  0.35793  2724 6
10.56  0.27451  510 6
-235.22  0.25672  744 4
16.908  0.270833  192 4
-212.952  0.246416  1116 6
11.688  0.232301  452 6
-97.692  0.213974  229 6
66.968  0.374522  785 6
220.064  0.152439  328 6
19.908  0.204482  357 4
-87.5  0.267606  213 6
213.064  0.27762  353 4
216.328  0.250513  974 4
13.78  0.29932  588 4
16.656  0.292793  222 4
-129.28  0.187146  529 6
72.624  0.388415  1640 4
-163.868  0.244881  2344 6
80.376  0.190141  142 4
98.844  0.232506  443 6
160.908  0.252143  1400 4
56.22  0.375442  2264 4
-81.844  0.234086  487 4
10.592  0.235099  302 4
53.876  0.357302  1349 6
74.028  0.35585  829 6
-87.704  0.308411  321 4
67.388  0.325909  853 6
26.56  0.243667  1658 6
169.424  0.229677  1550 4
-233.184  0.213699  365 4
-383.44  0.324211  3581 6
-32.08  0.232508  929 6
139.94  0.137313  335 6
309.044  0.256616  2494 6
12.688  0.188406  138 4
-236.124  0.288591  596 4
-273.496  0.249398  4150 4
130.64  0.243684  2573 4
-113.424  0.280335  239 6
73.908  0.385458  1004 6
-32.78  0.206667  300 4
107.372  0.330952  420 4
63.312  0.366548  843 6
-272.624  0.155378  251 4
60.504  0.360729  2908 4
7.432  0.257618  722 6
240.844  0.24477  478 4
78.124  0.41255  749 4
8.688  0.25614  285 4
12.796  0.246944  818 4
-108.72  0.214128  453 4
19.592  0.201342  149 4
66  0.36612  1647 6
66.564  0.396254  694 6
-394.816  0.278287  327 4
14.824  0.222222  360 4
53.316  0.323232  594 6
-194.812  0.258123  554 4
17.748  0.141892  148 4
15.688  0.205607  214 4
64.328  0.355568  1814 6
-85.812  0.157303  178 4
-35.404  0.19573  281 6
12.688  0.174312  218 6
11.096  0.246016  1004 6
90.624  0.203488  344 4
14.904  0.358268  254 6
-205.748  0.286486  185 6
83.22  0.336735  294 4
50.408  0.320593  2564 6
70.904  0.362069  464 6
61.624  0.361222  753 6
129  0.269019  1814 6
3.624  0.252252  2553 6
47.72  0.350021  2357 6
-293.14  0.278049  410 4
-257.688  0.0933333  150 4
9.016  0.251202  1664 4
124.564  0.278535  1174 6
12.06  0.209677  434 6
9.22  0.227794  698 6
-395.504  0.273723  274 4
280.624  0.415761  368 6
93.5  0.395257  506 4
66.904  0.40248  887 4
29.812  0.241771  881 4
54.36  0.31339  3159 6
-385.128  0.152542  118 6
194.156  0.300499  802 6
11.72  0.246377  690 4
81.968  0.333879  611 6
294.592  0.270042  711 4
-176.248  0.190955  199 4
-267.78  0.356784  199 4
-134.108  0.297017  771 4
14.608  0.280702  342 6
-229.124  0.281938  227 6
99.58  0.391011  445 6
3.924  0.25306  4738 4
6.232  0.243328  4122 6
9.048  0.240013  3129 6
-331.312  0.248619  181 6
71.472  0.422414  696 6
-348.532  0.258252  515 6
-255  0.252598  1251 4
105.72  0.441687  403 6
54.464  0.361133  1271 6
8.44  0.239024  205 4
-130.94  0.201646  486 6
7.672  0.256647  865 6
15.248  0.146269  335 4
88.844  0.219298  570 4
209.156  0.191617  167 4
168.124  0.409686  764 4
-163.656  0.350195  257 4
-151.72  0.257279  2301 4
-140.92  0.243836  365 6
58.156  0.400679  589 4
289.376  0.336505  1156 6
82.48  0.402277  527 6
-128.312  0.223529  170 6
64.812  0.362454  1923 4
195.628  0.272792  2797 4
-387.312  0.216216  555 6
271.64  0.134694  245 4
13.872  0.243619  431 4
298.888  0.240193  1453 4
69.704  0.345856  1677 6
10.408  0.261886  2482 4
13.5  0.285047  214 6
55.468  0.34029  2827 6
107.816  0.340741  2025 6
-36.936  0.0714286  140 4
-299.656  0.219707  751 6
271.376  0.182109  313 4
12.22  0.183333  240 4
20.236  0.167742  155 4
249.08  0.363636  3047 6
-342  0.0382166  157 6
-197.844  0.238542  960 6
60.732  0.364815  2160 6
-62.844  0.276012  1605 6
8.124  0.168421  190 6
-192.312  0.267091  629 4
142.532  0.239496  476 4
7.812  0.243448  1984 6
89.468  0.37628  1172 6
68.076  0.387987  1232 4
77.032  0.403141  382 6
14.592  0.291066  347 4
14.548  0.200608  329 6
58.672  0.355575  1139 4
176.172  0.363329  1478 6
13.596  0.33677  291 4
16.08  0.0576923  104 4
15.108  0.202128  282 4
84.344  0.377261  387 6
-307.936  0.296875  320 6
23.152  0.217699  565 6
13.14  0.162393  234 6
-30.28  0.27707  314 4
59.64  0.347686  1858 6
12.156  0.213983  472 6
59.86  0.251131  3317 6
90.388  0.320624  577 4
-231.936  0.436364  275 6
135.704  0.247196  2407 4
14.36  0.245238  420 4
11.392  0.231872  1186 6
12.16  0.189474  285 4
8.232  0.257162  1501 6
11.124  0.277778  198 4
-8.796  0.244539  3296 4
65.16  0.410751  986 4
19.456  0.239583  192 4
-378.136  0.262427  2736 4
-36.876  0.212928  263 6
25  0  120 6
301.688  0.246479  284 4
-229.376  0.381463  1586 4
157.092  0.344758  496 4
25.188  0.294872  234 4
16.312  0.276151  239 4
64.824  0.326656  649 6
-296.94  0.24055  291 6
-139.376  0.300971  206 6
57.78  0.349887  886 6
12.656  0.287037  216 6
90  0.391892  222 4
-2.704  0.234694  1666 6
233.28  0.259277  4096 6
263.408  0.3125  208 6
-189  0.243523  193 4
-274.248  0.239535  430 4
54.048  0.440476  420 4
118.472  0.381323  257 6
14.844  0.141026  156 6
190.564  0.356564  617 6
213.628  0.274667  375 6
-317.972  0.296482  199 6
13.876  0.248731  197 6
9.336  0.253998  6878 6
-267.752  0.25  316 4
170.58  0.208672  369 6
61.344  0.378033  783 6
-183.532  0.233937  607 6
41.388  0.243631  628 6
-208.936  0.202658  602 4
93.22  0.320635  315 4
-313.796  0.225633  1303 6
13.108  0.182195  483 6
182.604  0.425781  512 4
8.676  0.261  5318 4
-81.032  0.226601  609 4
51.64  0.330727  2558 4
133.092  0.273868  1833 6
10.252  0.255546  1127 4
9.064  0.245134  2158 6
310.532  0.246296  540 4
-83.564  0.255007  749 6
54.2  0.36853  1449 6
6.312  0.255541  1534 6
-109.608  0.228606  818 4
2.528  0.236629  3702 4
13.688  0.269417  412 4
-227  0.311966  234 6
-3.188  0.175373  268 6
7.28  0.241304  1380 4
56.576  0.343121  2929 6
8.208  0.25769  2926 6
69.936  0.342227  1724 4
-35.06  0.158416  202 4
65.468  0.386398  1338 4
103.22  0.389722  467 4
-2.684  0.229258  458 6
15.668  0.283843  229 6
-38.064  0.214286  812 6
86.78  0.348544  1030 4
13.564  0.277143  700 4
146.676  0.382353  680 6
14.796  0.310127  316 6
203.732  0.24581  1253 6
-257.56  0.262376  202 4
11.252  0.31383  188 6
9.376  0.220544  993 4
123.84  0.269504  141 4
8.392  0.231366  1932 4
75.372  0.343164  373 6
51.796  0.365683  1999 6
51.748  0.360103  2341 4
-337.344  0.195402  174 4
-38.56  0.266565  1962 4
-312.596  0.273316  772 4
71.688  0.291803  305 6
65.248  0.37665  985 6
58.44  0.408852  1333 6
58.36  0.363848  1289 6
85.56  0.309524  210 4
65.968  0.414557  316 6
318.028  0.28877  374 6
-272.94  0.155556  315 4
-361.188  0.25391  1087 6
-383.908  0.304799  771 6
56.548  0.336194  3263 4
260.5  0.257509  2031 4
18.532  0.227053  207 6
13.028  0.165899  217 6
72.156  0.316358  1296 4
-178.504  0.228018  671 6
84.188  0.377574  437 4
-220  0.262218  11643 4
4.848  0.251464  2390 4
162.032  0.247934  2057 4
105.152  0.253138  478 4
204.312  0.23195  1759 4
59.592  0.355347  2347 4
56.3  0.403526  1021 4
276.72  0.238655  595 4
66.188  0.334821  448 6
52.72  0.341699  3626 6
14.092  0.22067  358 6
47.768  0.357111  2243 6
58.72  0.397572  659 4
183.312  0.373606  538 4
6.344  0.259899  2374 4
11.436  0.307407  270 6
17.344  0.180851  188 4
-320.156  0.246771  2168 4
-281.36  0.237589  282 6
16.404  0.25  280 4
79.5  0.276986  982 4
13.472  0.209192  631 6
118  0.282167  443 6
-96.968  0.273821  1081 4
15.624  0.315175  257 6
-215.564  0.270531  207 4
148  0.242188  640 4
133  0.25  236 4
66.56  0.380086  934 4
5.656  0.210201  647 4
14.904  0.260474  549 4
50.284  0.320627  2361 4
14.824  0.21148  331 4
-63.564  0.234442  1173 4
243.72  0.226277  685 6
-202.192  0.151515  165 4
56.56  0.341652  1683 4
218.248  0.220588  272 4
59.328  0.342176  2601 6
9.608  0.263017  4859 6
-322.42  0.308235  1275 4
207.344  0.251534  489 6
-130.564  0.209607  229 4
33.188  0.244048  168 4
-229.468  0.25086  3779 6
11.808  0.211066  488 6
-82.656  0.264177  723 4
65.844  0.33764  1161 6
-319.376  0.272135  1841 6
-292.404  0.196203  316 4
195.08  0.376361  1286 4
10.124  0.199187  246 6
249.876  0.227768  2204 4
247.968  0.222377  1439 4
-310.032  0.253086  486 4
6.064  0.272343  1656 4
155.968  0.405685  774 6
-216.908  0.27249  1912 4
106  0.286275  255 6
-268.408  0.299625  267 4
19.68  0.226027  146 4
-19.5  0.377778  225 4
-119.764  0.259188  1034 4
4.844  0.25237  6645 6
9.248  0.244224  303 4
127.984  0.235357  939 6
54.984  0.333333  1242 4
161.504  0.23683  2221 4
11.968  0.215753  292 4
13.424  0.240964  332 6
-97.06  0.309735  226 6
91.812  0.203822  157 6
-206.064  0.268421  380 4
133.248  0.225  200 4
236.252  0.245427  1968 6
269.468  0.190641  577 4
-342.812  0.246319  747 4
12.672  0.224404  713 4
9.672  0.260916  1878 4
9.516  0.227104  1889 6
16.772  0.287313  268 4
-48.068  0.254692  1119 4
86.936  0.405941  303 4
-124.376  0.228137  263 4
65.296  0.378657  581 4
95.22  0.361386  1818 6
66.484  0.386792  424 6
9.908  0.220779  385 6
20.66  0.0196078  102 6
-386.312  0.23221  267 6
-196.128  0.217877  537 4
0.076  0.240809  1088 4
-296.952  0.254118  1700 6
59.016  0.373848  1736 4
50.516  0.36162  3382 6
67.78  0.242127  1429 4
51.936  0.397901  1048 6
-3.044  0.259788  6309 6
14.972  0.266491  379 4
-243.172  0.24826  862 4
62.56  0.365591  1302 6
-67  0.245223  942 4
58.436  0.363006  865 4
130.592  0.28692  237 4
8.376  0.297436  195 6
56.888  0.248594  1778 4
28.656  0.302128  235 6
-305.72  0.238329  407 6
1.344  0.223565  331 4
-159.672  0.20903  598 6
-4.548  0.252757  1088 4
-228.376  0.29695  623 6
98.28  0.300676  296 4
-140.312  0.229437  231 4
13.312  0.267148  277 4
9.328  0.253003  2581 6
18.08  0.22409  357 4
91.64  0.218855  297 4
160.888  0.262679  1538 4
-119.064  0.236311  347 6
53.908  0.337891  2779 6
-369.112  0.234991  1166 4
-300.872  0.247926  1085 6
67.74  0.364233  1219 6
11.436  0.217617  386 6
69.5  0.370953  1081 4
126.592  0.169903  206 4
13.284  0.243655  591 4
8.06  0.191489  282 6
-239.252  0.243354  489 4
14.188  0.219048  210 4
189.5  0.224638  276 6
-63.86  0.256862  3461 6
125.936  0.146739  184 4
10.908  0.219269  602 4
-278.876  0.254613  271 6
-21.844  0.225151  1328 6
62.264  0.347887  2153 4
147.344  0.268535  1106 4
6.812  0.216312  282 4
49.908  0.340027  2191 6
175.512  0.262961  11245 6
-12.812  0.271557  1786 4
14.452  0.170029  347 6
63.188  0.259542  1179 4
143.248  0.283797  2086 4
60.252  0.389949  1572 4
236.812  0.216667  120 4
12.284  0.25  388 6
14.596  0.142012  169 6
17.076  0.169082  207 4
6.472  0.221698  212 4
-222.436  0.21147  279 6
207.156  0.125  112 4
-120.904  0.253333  450 4
-5.264  0.285266  638 4
11.248  0.304878  164 4
-65.904  0.233799  787 4
73.672  0.257886  3424 6
13.448  0.246667  450 6
9.88  0.254958  353 6
-8.032  0.257759  1901 6
181.468  0.390909  330 6
71.624  0.279883  343 4
71.088  0.308287  905 4
53.86  0.382108  2761 4
-393.356  0.227462  1442 6
-167.592  0.238854  314 4
8.344  0.209052  464 6
-37.032  0.237512  1061 4
14  0.154717  265 4
58.592  0.355685  2744 4
131.908  0.253602  1041 4
308.656  0.23435  623 4
110.532  0.293023  430 6
-176.876  0.275  200 6
15.456  0.211454  227 4
-167.172  0.253902  1922 6
8.216  0.19633  545 6
63.552  0.346608  2285 4
52.704  0.353939  2475 6
8.812  0.263551  1070 6
-245.816  0.327411  394 6
13.316  0.22807  285 4
76.656  0.401806  443 6
64.28  0.326087  598 4
18.344  0.194595  185 6
120.248  0.340586  2252 4
13.86  0.243094  362 4
209.796  0.382946  645 6
13.528  0.238261  575 6
158.672  0.276471  510 6
12.688  0.265462  1439 4
11.252  0.316092  174 6
85.94  0.40678  354 4
64.076  0.382766  499 6
57.188  0.38381  2100 6
55.592  0.397275  1835 4
-199.86  0.276527  3732 6
-371.284  0.139241  158 4
16.716  0.0201342  149 6
12.812  0.193548  434 4
103.72  0.132948  173 4
193.624  0.306977  215 6
147.188  0.23127  307 6
61.672  0.32893  1514 4
70  0.37013  616 6
-110.596  0.168317  202 6
19.152  0.169935  153 4
-12.36  0.248967  968 6
74.608  0.397087  1030 4
17.092  0.327189  217 4
5.512  0.254782  3921 4
147.688  0.199357  311 6
240.436  0.251064  235 4
14.156  0.262195  164 6
69.704  0.191964  224 4
80.512  0.369775  311 4
59.096  0.355616  2573 6
54.404  0.25401  3429 4
83.716  0.310044  229 6
-88.72  0.257075  848 6
107.184  0.183761  234 6
-142.624  0.264706  204 6
54.664  0.360494  405 4
10.816  0.238683  243 4
-142.128  0.154472  246 6
79.536  0.392603  703 6
17.016  0.117978  178 6
9.128  0.195238  210 4
-97.936  0.252874  1392 4
14.16  0.262599  377 6
-293  0.19242  343 4
67.496  0.325758  264 6
11.656  0.27707  314 4
143.736  0.265117  4432 6
273.4  0.230088  791 4
-283.84  0.253086  162 4
183.752  0.126582  158 6
4.688  0.363636  286 6
58.152  0.376344  837 6
13.096  0.216981  636 6
79.976  0.300781  256 4
-101.552  0.315556  675 6
39.312  0.173516  219 4
60.184  0.0239521  167 6
-4.144  0.243547  1511 4
12.656  0.221854  302 4
63.784  0.247238  5792 6
313.184  0.259714  489 6
9.28  0.250348  2157 6
45.144  0.345361  194 4
257.624  0.255495  364 6
68.472  0.403287  791 4
155.344  0.344219  2664 4
-151.592  0.250471  531 6
-75.056  0.272727  253 6
-220.248  0.130282  284 4
94.28  0.248509  503 4
-314.544  0.24845  1936 6
8.496  0.242815  2401 4
9.472  0.247863  1053 6
-365.216  0.262032  561 6
-19.816  0.24505  808 6
51.328  0.345591  3209 6
95.248  0.312918  898 4
116.784  0.211849  557 6
2.464  0.181395  215 4
58.488  0.373127  1935 6
171.592  0.241993  1124 4
61.672  0.369496  1567 4
138.4  0.389583  480 6
144.408  0.244382  356 4
10.816  0.197183  213 6
-220.784  0.20904  177 6
15.128  0.17  400 4
65.008  0.23647  1201 6
14.872  0.28655  513 4
10.624  0.219895  191 6
17.64  0.282927  205 4
-231.28  0.172285  267 4
-120.232  0.420354  226 4
15.312  0.25  356 4
126.416  0.41206  398 4
-96.56  0.282857  350 4
103.624  0.371981  414 4
204.984  0.436975  476 4
-2.248  0.206522  276 6
13.2  0.255778  649 4
13.72  0.242967  391 6
62.544  0.370673  1589 6
57.312  0.391653  623 4
61.344  0.23511  319 6
-134  0.264628  5264 6
56.064  0.355094  2405 6
11.752  0.271233  365 4
-358.216  0.273769  873 4
-307.624  0.235294  442 4
13.312  0.249531  533 4
62.408  0.333663  2020 6
15.536  0.32899  307 6
-183.72  0.240058  2062 4
53  0.332777  2996 6
72.984  0.379873  1103 6
205.688  0.257143  3920 6
144.072  0.353169  1546 4
59.048  0.362437  2199 4
-226.032  0.264431  1282 6
1.408  0.265184  4676 4
-1.968  0.275224  1675 4
225.064  0.372372  333 6
15.432  0.168776  237 6
97.008  0.432432  444 4
12.696  0.281566  792 6
10.216  0.241529  1151 6
61.064  0.349307  1732 4
13.248  0.280672  595 4
65.248  0.374165  1347 6
0.4  0.266129  496 6
124  0.315789  266 4
204.064  0.242035  1946 4
83.896  0.37046  413 6
12.312  0.290155  193 4
15.128  0.25445  12246 4
253.432  0.217742  620 6
9.936  0.263398  1754 4
-308.96  0.236287  1185 4
-106.032  0.274566  1384 4
11.632  0.246795  1248 4
-204.936  0.247696  1736 4
-374.016  0.131868  182 4
6.16  0.255049  6140 6
6.36  0.245774  2189 6
-115  0.212418  306 4
-364.432  0.11976  167 6
54.872  0.385856  806 6
58.16  0.370811  1850 6
53.08  0.376031  2545 4
75.72  0.379045  649 4
13.952  0.261231  601 4
14.848  0.207071  198 4
59.848  0.413105  702 4
12.032  0.235294  867 4
299.288  0.248927  233 6
55.456  0.334159  2825 6
92.752  0.363354  322 6
-68.376  0.253333  225 4
-102.448  0.246944  409 6
187.184  0.213115  427 4
-73.808  0.255319  235 6
58.768  0.363924  316 4
-152.392  0.273256  172 6
13.064  0.257642  229 6
14.328  0.238683  486 4
13.888  0.259475  343 4
-195.312  0.037037  135 4
15.36  0.21028  214 6
-272.736  0.169591  171 4
-153.4  0.230103  1847 6
53.408  0.33816  2555 4
14.544  0.223776  143 6
-98.776  0.168161  446 4
164.624  0.379956  908 4
62.72  0.390411  584 4
11.712  0.207407  270 6
71.28  0.375  768 6
15.408  0.205405  370 4
68.528  0.285714  168 4
13.224  0.248996  249 4
15  0.267148  277 4
108.8  0.306507  584 6
13.072  0.285714  420 6
109.048  0.357006  521 6
16.84  0.126638  229 4
-257.768  0.256338  1065 4
266.904  0.266187  278 4
2.216  0.271462  862 4
-9.616  0.24607  6616 6
67.48  0.378869  937 4
247.216  0.233494  621 4
-197.872  0.23564  1532 4
12.936  0.213768  276 4
-334.032  0.275862  290 4
-336.936  0.191336  277 6
-365.744  0.230154  1625 4
-163.344  0.27663  629 6
184.848  0.237624  3232 4
-170.656  0.276817  578 4
-336.504  0.252632  475 6
-216.56  0.25  1644 6
63.192  0.373041  957 6
-102.288  0.209451  783 4
-60.656  0.22973  518 4
15.656  0.218543  302 6
58.72  0.351449  828 6
270.344  0.275862  174 4
64.672  0.362463  1705 4
-198.624  0.158228  158 4
27.688  0.255892  297 6
83.872  0.384615  494 6
12.832  0.237389  674 6
-288.376  0.240458  262 6
-102.128  0.241703  1386 6
103.576  0.244222  1298 4
14.528  0.221239  339 6
170.752  0.431548  336 6
-25.376  0.247283  736 4
62.064  0.350154  1942 6
13.44  0.185  200 6
0.08  0.264628  752 6
306.432  0.269784  278 6
236.704  0.223443  273 4
178.976  0.257737  2068 6
16  0.264822  253 4
-98.192  0.246475  1773 4
64.872  0.358883  1396 4
-208.248  0.191083  157 4
-356.176  0.25  1916 6
312.528  0.233817  1792 4
48.408  0.258783  2875 4
68.84  0.426966  356 4
236.312  0.242152  223 4
13.184  0.220859  163 6
283.28  0.164103  195 4
58.784  0.19186  172 6
25.904  0.124294  177 6
50.04  0.244086  4777 6
68.976  0.365617  413 4
58.064  0.33483  1559 6
-299.968  0.237812  841 6
-290.504  0.27095  358 4
-236.096  0.267094  468 4
220.048  0.218182  385 6
57.008  0.387162  1480 4
-343.832  0.265729  1351 4
9.432  0.253337  3371 4
-4  0.251185  422 4
76.872  0.15978  363 4
12.28  0.132353  204 6
-332.328  0.2162  16383 4
0.752  0.14  200 4
-195.28  0.215172  1450 4
238.936  0.204969  161 4
-152.376  0.258427  178 4
308.688  0.21542  441 4
-289.736  0.233302  1063 6
-111.368  0.172775  191 4
-0.56  0.249625  3998 4
61.784  0.333333  546 6
58.312  0.377656  1459 6
52.968  0.375749  1336 6
62.192  0.373026  823 6
54.28  0.251451  2756 6
11.792  0.239527  931 6
-126.12  0.12766  141 4
-102.56  0.330472  233 6
207.664  0.24673  2829 6
197.72  0.256983  179 6
57.376  0.369528  2330 4
18.304  0.181818  154 4
69.16  0.358674  1539 4
69.904  0.34851  1208 4
15.664  0.188462  260 4
97.44  0.39798  495 4
-110.288  0.26372  1312 6
-311.872  0.275862  232 4
70.936  0.378472  864 4
-339.664  0.236094  809 4
76.248  0.366261  658 6
-16.624  0.256614  756 6
10.968  0.300261  383 4
207.968  0.246734  689 6
14.056  0.382488  217 4
283.376  0.206081  296 4
11.216  0.230769  312 4
-2.216  0.251572  159 6
17.064  0.294872  156 6
15.096  0.16875  160 6
57.176  0.342076  2707 6
138.632  0.252336  963 6
0.656  0.303571  392 4
-52.192  0.247899  238 6
21.688  0.252232  896 6
11.936  0.22912  886 4
69.28  0.378689  1220 4
-350.928  0.24481  1156 4
64.904  0.397516  805 6
191.448  0.3  200 4
-155.456  0.240486  1892 6
82.176  0.340094  641 6
13.52  0.235955  534 6
14.096  0.210256  195 6
-42.216  0.232764  1581 6
52.616  0.343121  2486 6
11.496  0.288321  274 4
13.424  0.293578  436 6
216.024  0.266279  860 6
10.656  0.258852  2090 4
-202.84  0.2309  589 4
259.44  0.185185  270 4
10.248  0.330206  533 6
147.12  0.258777  3532 6
-79.568  0.232026  306 6
20.8  0.269504  282 6
262.408  0.246088  703 6
55.936  0.341795  2718 4
12.744  0.236295  529 6
13.472  0.112  125 6
-291.184  0.0756303  238 6
0.088  0.246043  695 6
226.408  0.230435  460 4
15.344  0.193182  352 4
13.328  0.210714  280 6
11.176  0.251964  3310 4
73.192  0.34174  793 4
69.624  0.359459  1480 4
5.504  0.00840336  119 6
58.032  0.339255  2308 6
-49.72  0.225201  373 4
56.312  0.354388  1504 6
-201.072  0.248724  1371 4
10.032  0.255061  494 6
60.08  0.341603  524 6
18.936  0.27451  204 6
59.28  0.37178  1708 4
114.16  0.237712  1119 4
69.784  0.384749  1731 4
16.344  0.24911  281 4
64.608  0.370327  856 4
11.56  0.270502  817 6
-226.064  0.21608  199 6
-113.944  0.259635  986 6
140.28  0.234672  473 4
-6.832  0.177013  16383 6
-152.504  0.152  125 4
-361.888  0.274399  707 6
207.88  0.26943  193 4
-106.984  0.273043  575 4
-386.656  0.321739  230 4
307.928  0.254679  6679 6
-207.816  0.221374  524 4
-283.408  0.252828  1503 6
-224.232  0.329749  279 4
-42.688  0.354922  386 6
57.16  0.289474  152 4
58.512  0.367036  722 4
13.88  0.294613  594 4
-61.408  0.233236  343 4
-21.528  0.242958  284 6
57.416  0.363486  1813 6
70.624  0.335731  417 4
30.496  0.26848  1434 4
64.92  0.391781  365 4
59.216  0.380859  512 4
317.792  0.393238  1124 4
-27.936  0.103093  194 6
-361.936  0.21547  181 4
-91.872  0.257899  2722 6
12.704  0.206593  455 4
-109.424  0.298765  405 4
8.776  0.252218  2930 6
-363.432  0.315068  219 4
73.52  0.390773  1474 6
-191.656  0.218254  252 6
69.72  0.208925  493 4
74.264  0.354714  1294 6
231.312  0.194656  262 4
72.872  0.375207  1210 6
10.16  0.274478  1246 4
64.312  0.380789  1166 6
291.488  0.370421  737 4
69.064  0.412844  327 4
264.376  0.270331  1328 4
242.448  0.256472  1236 6
21.304  0.271028  214 6
52.496  0.303571  392 6
109.16  0.377273  220 4
14.624  0.165775  187 4
-21.344  0.251458  1372 4
44.264  0.233607  244 4
56.776  0.351759  1592 4
114.376  0.232558  215 6
14.096  0.255172  290 6
303.312  0.19209  177 6
91.344  0.250438  571 6
3.12  0.190608  362 4
-202.312  0.28594  633 4
81.912  0.400289  692 6
255.528  0.345692  917 4
-153.408  0.167173  329 6
53.392  0.344765  3324 4
312.28  0.27428  937 4
61.928  0.36195  1887 4
-331.168  0.262063  1202 6
56.216  0.42619  840 6
18.344  0.25  132 4
59.968  0.344543  1576 6
55.544  0.351806  1606 6
-24.296  0.224274  1137 6
6.04  0.243837  3002 6
76.232  0.38668  1006 4
279.608  0.254867  2260 4
-251.616  0.218182  385 6
128.576  0.434505  313 4
14.496  0.217391  161 4
6.408  0.269086  5567 6
67.376  0.359722  720 6
72.912  0.359354  743 4
74.216  0.244131  639 4
160.688  0.258883  197 4
184.328  0.338759  983 4
19.56  0.316667  240 4
26.968  0.268333  600 6
-382.064  0.230126  239 4
-1.904  0.22756  791 4
-13.24  0.228526  1886 4
15.44  0.185455  275 4
-253.872  0.282051  273 6
160.768  0.400756  529 4
114.84  0.40281  427 6
15.88  0.249383  405 4
-126.592  0.235507  276 6
64.592  0.457192  584 6
-213.872  0.274627  335 4
19.648  0.205714  175 4
93.984  0.219462  966 6
-0.528  0.251607  1089 6
-27.248  0.23301  206 6
291.688  0.215645  473 6
3.16  0.270003  2937 4
76.512  0.304762  420 4
209.784  0.229581  453 6
221.408  0.3  360 6
-127.84  0.248705  579 6
51.552  0.332007  1759 6
-163.52  0.227855  1795 4
-106.472  0.254174  539 6
-148.936  0.267943  418 6
13.744  0.19375  160 4
20.12  0.183824  136 6
69.16  0.41791  402 4
49.488  0.314809  3437 4
30.896  0.257086  2011 4
13.376  0.198885  538 6
55.152  0.324723  271 6
202.776  0.166667  168 4
-106.096  0.198598  428 4
-392.808  0.243243  222 6
11.816  0.210191  157 6
158.656  0.366379  696 4
10.456  0.243161  987 6
57.896  0.382609  805 6
287.16  0.415541  592 4
152.12  0.353047  558 6
61.72  0.388764  445 6
13.376  0.243421  152 6
55.84  0.370253  1896 4
76.12  0.358445  823 6
53.504  0.346341  2255 6
14.288  0.108434  166 4
64.304  0.350548  1278 6
69.464  0.358185  1234 6
13.128  0.235537  242 4
72.736  0.346414  1478 6
-330.224  0.208955  335 6
6.048  0.259929  8737 6
74.096  0.257749  613 4
6.608  0.229822  2193 6
187.312  0.257143  315 6
-373.184  0.239175  485 4
-255.816  0.283069  378 6
8.032  0.249762  1049 6
14.032  0.19598  199 6
11.432  0.244961  645 4
35.096  0.248227  705 6
64.688  0.385965  1026 6
62.872  0.295547  494 6
51.16  0.350365  2740 4
-86.744  0.254762  420 6
13.968  0.263658  421 6
13.128  0.231405  363 4
10.968  0.257033  782 4
77.088  0.4  495 4
-7.816  0.180698  487 6
-209.472  0.252071  845 4
-375.688  0.21134  582 4
12.256  0.221267  1279 4
63.2  0.370656  1036 4
13.28  0.222222  198 6
59.936  0.357788  1881 6
8.64  0.205757  938 6
7.344  0.249139  1742 6
-200.848  0.264069  462 4
86.512  0.224894  707 6
-3.096  0.270677  665 4
-10.016  0.250983  1781 4
-366.56  0.277992  259 4
3.136  0.262705  9406 4
-8.52  0.232384  1334 4
12.28  0.293893  524 6
172.912  0.227692  325 6
-295.248  0.267016  382 6
82.656  0.367764  881 4
-214.064  0.126984  189 6
