86.343  0.380282  355 6
68.655  0.324  250 6
11.844  0.229743  1049 6
83.313  0.207692  390 6
16.219  0.277533  227 4
14.187  0.272727  275 4
186.219  0.239872  938 4
-44.875  0.243993  541 4
-141.516  0.265385  1820 6
36.251  0.188482  191 4
12.093  0.246875  320 6
58.156  0.356118  2370 6
8.595  0.23666  1593 6
11.126  0.23507  787 6
61.03  0.384615  845 6
12.97  0.254335  346 4
12.031  0.288719  523 6
-268.063  0.219638  387 4
-217.53  0.280488  164 6
182.376  0.266279  3609 6
11.968  0.286441  590 4
80.033  0.380334  539 4
88.313  0.382051  780 4
-80.766  0.236025  322 6
-185.5  0.221018  923 6
-389.641  0.25313  4073 6
61.704  0.372549  1428 4
62.966  0.348823  1614 6
51.906  0.34306  1405 6
-302.78  0.266779  596 4
71.28  0.355626  942 4
220.454  0.42522  341 4
66.812  0.367347  392 6
14.751  0.210256  195 4
59.937  0.350788  1967 6
15.093  0.205882  408 4
11.251  0.323024  291 6
57.765  0.340876  2033 4
-269.781  0.187234  470 6
82.352  0.251838  9792 6
-175.75  0.248791  1861 4
11.439  0.244499  818 6
13.921  0.263754  618 4
16.344  0.181034  232 6
-253.375  0.254517  2601 6
-218.124  0.215753  292 6
-37.376  0.260417  192 6
11.813  0.278761  226 6
56.532  0.385903  1972 4
-156.28  0.253545  1763 4
-7.25  0.215686  561 4
140.75  0.367589  506 6
11.032  0.19933  597 6
-108.406  0.249828  1457 4
238.813  0.388693  566 6
-190.312  0.263566  129 6
15.736  0.236842  304 4
127.999  0.222488  1254 4
-173.032  0.261905  126 6
-218.469  0.254265  1817 6
286.188  0.172  250 4
75.233  0.302721  294 6
-152.659  0.2208  625 6
-373.109  0.24271  2332 6
65.532  0.429812  691 6
-381.032  0.244588  2633 6
9.251  0.244731  854 4
-78.846  0.234783  690 6
-396.062  0.277992  259 6
284.659  0.252066  242 6
-16.251  0.261137  651 6
52.813  0.346939  3234 6
252.235  0.21753  1255 4
93.202  0.444816  598 6
64.33  0.387695  1024 6
15.187  0.119048  168 4
13.734  0.303167  221 4
-267.342  0.265948  2226 4
-141.5  0.22235  868 4
-139.376  0.316854  445 4
94.78  0.438559  472 6
109.936  0.240175  229 4
8.468  0.235465  344 6
69.217  0.383202  1143 4
83.468  0.237668  223 4
109.344  0.247244  3992 6
112.593  0.370833  240 4
-375.078  0.282051  390 6
78.361  0.246835  316 4
67.531  0.407925  429 6
-191.016  0.248888  5621 6
7.056  0.247335  4597 4
14.28  0.223118  372 4
-273.468  0.188679  159 4
228.655  0.2311  1164 4
141.5  0.266423  548 4
-398.001  0.223563  1409 4
59.736  0.344116  2906 4
-2.094  0.282748  626 4
-383.531  0.238403  927 6
-388.688  0.251366  549 6
15.735  0.147059  272 4
215.39  0.21256  414 6
13.655  0.240672  536 4
59.75  0.332552  2559 6
58.281  0.353254  2259 6
63.624  0.381503  865 6
16.406  0.229947  187 4
89.657  0.288747  471 6
110.234  0.178404  213 6
-195.53  0.339703  471 4
-1.062  0.293651  378 6
10.907  0.262308  2600 4
-345.875  0.265795  459 4
54.846  0.343515  1997 4
203.25  0.215385  195 6
64.703  0.361111  2088 4
-52.564  0.250412  607 6
315.749  0.250765  327 6
-31.891  0.111511  278 4
15.376  0.303167  221 4
180.937  0.25  1092 4
-108.953  0.22381  210 4
54.844  0.359375  704 4
310.813  0.242918  1165 6
-374.842  0.286517  178 4
61.499  0.334245  1463 6
-197.563  0.239631  651 6
68.517  0.239883  1705 6
-201.032  0.24547  1821 6
123.859  0.3585  1947 4
-230.594  0.292763  608 4
131.218  0.225  920 4
82.533  0.403042  526 4
-207.22  0.288431  631 4
8.937  0.257447  940 4
-170.986  0.249227  1617 6
216.579  0.352071  676 4
65.376  0.256608  908 4
57.577  0.331252  2883 4
310.312  0.245399  652 6
-151.796  0.25347  1945 4
151.313  0.260381  1156 4
21.062  0.247525  404 4
-231.626  0.223128  1349 4
77.5  0.377444  665 6
-160.751  0.314  500 6
13.281  0.27957  186 6
195.53  0.273469  490 4
66.503  0.319588  194 4
52.781  0.358339  2866 4
5.689  0.240067  3574 6
13.844  0.278937  527 6
75.469  0.387019  832 6
13.125  0.109195  174 6
282.845  0.38543  755 4
-376.843  0.241667  480 6
247.814  0.441964  672 4
69  0.344595  444 4
14.25  0.232745  623 4
13.265  0.217094  585 4
182.971  0.35119  336 4
138.218  0.370478  691 6
273.03  0.250669  1121 4
-218.155  0.29375  320 6
10.484  0.215305  771 6
7.11  0.254312  2725 4
12.093  0.266708  1616 6
84.953  0.186301  365 4
33.049  0.245248  1631 4
15.11  0.244382  356 4
91.75  0.203065  261 4
60.156  0.33753  2065 4
15.719  0.0441176  136 4
-332.122  0.109804  255 6
57  0.244344  221 4
234.813  0.37165  2575 6
-45.309  0.236641  393 4
190.128  0.234375  192 4
16.281  0.262931  232 4
60.423  0.359072  2370 4
141.751  0.242424  363 4
109.218  0.346561  1134 4
-61.686  0.176101  159 6
-164.391  0.246126  2194 6
-193.064  0.293532  201 6
17.922  0.191489  188 4
-85.845  0.314286  175 4
66.202  0.352617  363 6
59.516  0.363458  2036 4
224.107  0.254667  2089 6
106.001  0.322581  465 4
9.376  0.173077  156 4
6.689  0.25632  4549 4
-181.437  0.267717  1270 4
8.811  0.23913  138 6
316.454  0.277778  180 4
14.639  0.217722  395 4
216.592  0.276692  665 4
10.624  0.203966  353 6
30.328  0.239968  2467 6
-278.688  0.176923  260 4
12.905  0.218868  265 4
193.782  0.256831  915 6
144.876  0.240673  1367 6
74.093  0.240532  1505 6
12.688  0.251291  581 4
-20.844  0.209375  320 4
10.031  0.210375  347 6
12.001  0.26747  830 4
11.751  0.199005  201 4
13.219  0.254902  306 4
62.015  0.337741  1815 4
-341.062  0.24924  658 6
191.875  0.347953  1026 6
-193.719  0.27088  443 6
-84.501  0.221374  262 6
-381.5  0.286667  600 4
-316.844  0.204301  465 4
79.876  0.344444  1170 6
13.937  0.355882  340 4
-94.656  0.293269  208 4
11.626  0.25518  917 4
57.812  0.351548  1098 6
15.374  0.227053  207 4
-376.311  0.160377  212 6
69.126  0.383681  1152 6
64.031  0.359777  895 4
69.249  0.204188  191 4
95.406  0.404762  420 4
-326.422  0.304158  457 6
9.438  0.205945  471 6
86.656  0.383333  600 6
26.094  0.250526  950 6
66.876  0.346457  1270 6
14.172  0.27  700 4
54.251  0.358232  656 6
316.966  0.241886  3944 4
23.171  0.2249  249 4
67.75  0.370909  825 6
-227.626  0.263699  5840 6
-292.42  0.239353  2348 4
-1.266  0.251479  1352 4
-265.923  0.208211  341 4
16.689  0.142857  189 4
53.844  0.401732  1501 4
-309.766  0.261251  1711 4
-167.782  0.269006  171 4
-173.999  0.262411  282 6
3.25  0.175258  194 6
-62.721  0.345161  310 4
167.312  0.26601  203 4
306.345  0.257953  2609 6
-85.908  0.383784  185 6
14.312  0.226027  146 4
62.923  0.360093  1719 6
-387.374  0.155771  16383 6
7.781  0.22335  394 4
-222.843  0.274319  514 4
14.093  0.0137931  145 6
12.329  0.263613  4738 4
15.391  0.247368  380 6
9.905  0.268734  1161 4
287.814  0.11215  107 4
65.157  0.370321  748 6
-205.032  0.237143  700 6
276.795  0.256934  1370 6
-19.608  0.219917  1205 6
122.171  0.247826  230 4
-169.219  0.145594  261 4
96.468  0.269683  1105 6
51.838  0.327819  3627 6
-178.231  0.249099  1943 6
-273.249  0.176817  509 4
63.483  0.355701  1982 6
175.907  0.282178  404 4
11.955  0.254215  771 4
-382.56  0.222222  234 6
67.876  0.376  750 4
-273.077  0.286316  475 4
56.718  0.332179  2598 6
231.125  0.364842  1206 6
11.939  0.236895  1984 4
-68.015  0.219064  598 6
14.844  0.212707  362 4
-4.408  0.297297  666 6
-317.812  0.247742  3653 4
30.092  0.264392  469 4
17.031  0.359375  256 4
-187.328  0.246401  5974 6
254.922  0.340081  247 4
57.656  0.336896  2526 4
63.578  0.36588  1864 4
119.392  0.241679  691 4
68.751  0.249231  325 4
48.906  0.384407  1475 4
306.328  0.365934  910 4
13.874  0.216216  481 4
-261.469  0.249731  1858 4
18.516  0.167464  209 4
66.125  0.21544  557 6
88.203  0.376328  659 4
-158.751  0.195652  184 4
12.204  0.285505  683 6
-22.452  0.259574  705 4
188.311  0.141361  191 6
-141.017  0.24418  2019 6
156.071  0.242334  6066 4
17.531  0.306977  215 4
53.938  0.363765  1413 6
19.467  0.223256  215 4
197.126  0.266187  278 4
272.656  0.357234  781 4
0.936  0.254279  409 6
15.311  0.17757  214 4
188.408  0.249191  309 6
62.782  0.376659  1808 6
-383.062  0.25  140 4
-388.015  0.286408  206 4
150.11  0.383142  522 4
314.5  0.295302  447 6
-29.951  0.240741  1944 6
-72.156  0.228212  1113 6
55.968  0.235659  1935 4
-171.516  0.244962  2233 4
12.438  0.281201  633 6
8.407  0.237519  1983 6
-395.437  0.263804  163 6
15.533  0.103226  155 4
12.656  0.180791  177 6
-4.691  0.261603  237 6
5.689  0.202749  582 6
68.624  0.352785  1131 4
-11.751  0.268473  406 6
250.936  0.266968  1105 6
92.844  0.45098  510 4
11.282  0.255793  3366 4
11.593  0.2375  480 6
-297.656  0.251323  378 4
14.251  0.288488  721 4
75.778  0.353061  980 4
-228.062  0.256447  698 6
87.844  0.321526  367 6
202.422  0.259615  208 4
8.11  0.250395  1266 4
13.734  0.237795  1270 4
188.282  0.362011  1790 4
71.314  0.398463  911 6
-13.687  0.245877  667 4
77.688  0.393715  541 4
13.967  0.215613  269 4
16.592  0.236301  292 6
14.078  0.239669  363 6
14.453  0.234286  525 6
88.92  0.38664  494 6
15.967  0.206897  261 4
67.874  0.35418  1519 4
100.468  0.391892  444 4
-130.36  0.261084  5481 4
13.124  0.203065  522 6
-329.252  0.184358  179 6
115.532  0.0125  80 6
77.376  0.314159  226 6
-55.141  0.23962  1999 6
58.608  0.237248  843 6
-43.923  0.270315  603 6
63.155  0.329268  1476 4
264.843  0.252646  2173 4
125.688  0.267206  247 4
13.937  0.21968  437 4
12.75  0.242248  516 6
258.422  0.192233  515 4
13.22  0.229358  218 6
98.031  0.306522  460 6
-344.596  0.262973  2563 6
6.513  0.246704  5537 6
8.156  0.235417  480 6
79.439  0.358925  1042 6
314.313  0.369529  1188 4
68.295  0.333333  1158 6
59.126  0.357888  1534 4
-376  0.252161  694 4
241.187  0.236162  1897 4
11.124  0.296154  260 6
11.624  0.259868  304 6
15.313  0.421053  228 4
-340.546  0.305369  596 6
8.059  0.120773  207 6
-379.657  0.258537  205 4
9.749  0.250342  731 6
69.999  0.371477  1171 6
-91.953  0.269093  1676 4
14.75  0.229167  240 6
80.936  0.31405  242 4
-290.283  0.214876  1089 6
-277.624  0.254911  15170 6
13.969  0.106838  234 6
60.657  0.349288  1546 4
63.562  0.336646  805 6
28.063  0.25331  1737 6
-241.75  0.246  500 6
73.814  0.360215  558 6
314.061  0.256219  402 6
66.345  0.327533  977 4
151.687  0.356546  718 6
-224.718  0.196937  457 4
311.593  0.241573  712 6
10.438  0.248485  330 6
65  0.375127  981 6
-343.906  0.244576  1521 6
-262.75  0.2  145 6
20.907  0.22381  210 4
187.656  0.257767  1191 4
253.437  0.246429  840 4
74.095  0.419652  977 6
12.562  0.251526  819 4
55.563  0.381659  1145 4
138.688  0.211806  288 4
-293.687  0.252201  1590 4
-386.594  0.198697  307 4
12.688  0.168  250 4
58.626  0.375762  1477 6
-19.625  0.217778  225 4
-207.251  0.34375  160 4
13.968  0.247232  271 6
224.437  0.353425  365 4
13.656  0.262003  729 4
-163.658  0.350244  1025 4
250.377  0.377317  917 4
19.406  0.232824  262 4
-48.234  0.24364  1769 4
12.438  0.281553  206 6
91.562  0.173145  283 6
74.342  0.381496  789 6
-369.564  0.204545  176 4
-175.968  0.264811  1114 4
-212.657  0.272251  764 6
65.562  0.355533  976 4
9.186  0.264798  321 6
-1.75  0.247592  1038 4
240.626  0.342561  289 6
209.125  0.266355  642 4
93.906  0.362637  546 6
231.72  0.0340909  88 4
15.282  0.181818  165 4
283.375  0.241935  186 6
65.907  0.336213  1505 4
81.563  0.313559  590 6
37.908  0.235294  595 4
-43.53  0.257202  486 6
-209.626  0.277174  184 6
86.531  0.361502  852 6
-224.126  0.265487  226 4
-66.718  0.253376  1259 4
256.249  0.410926  421 4
-18.936  0.23855  524 6
-346.187  0.296089  179 6
64.062  0.374917  1507 6
-14.063  0.221932  383 4
-270.42  0.0561798  178 4
157.189  0.308411  321 4
-238.094  0.213068  704 4
-37.625  0.258017  686 4
69.531  0.407104  366 6
50.468  0.237119  1708 6
52.118  0.330199  3722 6
14.281  0.311224  196 4
-385.374  0.415842  202 6
9.548  0.246445  2110 6
-198.686  0.264085  284 6
-194.655  0.236345  952 4
227.765  0.331999  2747 6
65.89  0.35511  1546 6
184.094  0.277008  722 6
11.313  0.25187  401 4
65.781  0.397661  855 6
16.236  0.305825  206 4
11.843  0.20059  339 6
68.437  0.341954  348 4
14.954  0.222222  441 4
-237.092  0.373723  685 6
242.188  0.229622  1006 6
7.127  0.243398  4203 6
229.343  0.382022  356 4
-53.609  0.253197  1173 6
6.437  0.284672  685 6
-298.844  0.239092  573 6
14.922  0.316038  424 4
177.842  0.405714  350 4
166.392  0.26162  753 6
13.408  0.236975  595 4
9.39  0.247706  1308 6
15.031  0.278592  341 4
15.124  0.276423  369 6
-1.938  0.199115  226 6
15.485  0.201923  208 6
14.953  0.184818  303 4
-153.515  0.0916031  131 6
63.936  0.367248  1032 6
135.313  0.35206  267 4
79.626  0.207101  169 6
-128.158  0.257447  2820 6
310.842  0.239474  380 6
15.547  0.335766  274 6
-54.781  0.271429  980 6
191.939  0.219626  214 6
70.047  0.418136  397 4
62.219  0.331269  2261 6
87.203  0.297546  326 4
271.938  0.268072  332 4
-142.126  0.102041  196 6
297.999  0.250865  1156 6
57.092  0.240602  133 4
55.484  0.364053  1964 6
-130.688  0.164062  256 4
55.062  0.381622  925 6
-161.781  0.267644  1091 6
15.874  0.211429  350 4
74.001  0.380218  1102 4
174.75  0.345238  336 6
-4.796  0.243622  1999 4
221.405  0.190616  341 4
61.547  0.374259  1686 6
76.5  0.409302  645 6
-197.094  0.255896  2544 4
-240.343  0.188073  436 6
52.452  0.339721  1722 6
299.735  0.284133  271 6
9.501  0.26055  2583 6
25.015  0.136646  161 6
54.618  0.336864  2455 4
80.374  0.35122  410 4
55.673  0.362319  1794 4
76.937  0.362805  656 6
72.736  0.360313  383 4
272.031  0.184615  390 4
43.875  0.356814  2172 4
9.096  0.255  1000 6
85.36  0.453731  335 6
-3.828  0.240448  1518 6
-210.217  0.253165  2054 6
57.001  0.348921  1946 4
13.312  0.179825  228 6
208.531  0.174905  263 4
52.406  0.389458  1954 6
74.719  0.390138  1156 6
-0.937  0.1875  272 6
198.686  0.396429  280 4
46.687  0.0245902  122 6
60.687  0.374111  703 4
87.937  0.434483  290 4
13.532  0.237288  413 6
90.109  0.385633  529 6
-136.594  0.227425  299 4
-125.812  0.25748  1270 4
10.375  0.025974  77 4
61.437  0.323404  1880 4
-330.967  0.226852  216 4
-175.015  0.230971  381 4
-329.454  0.225225  222 4
-82.14  0.261065  1559 6
13.891  0.231738  397 6
305.968  0.246947  1474 4
168.032  0.380882  680 6
13.812  0.27897  466 6
72.781  0.325932  1261 4
102.719  0.236806  739 6
14.516  0.235474  327 6
155.343  0.212766  188 4
-71.125  0.351259  2622 4
158.72  0.40856  257 4
-353.375  0.245622  2341 6
-286.344  0.225688  545 4
-259.937  0.262108  1755 6
-30.767  0.248829  1708 4
8.741  0.251662  7069 4
-60.75  0.10219  137 6
5.5  0.260297  607 4
-159.968  0.258145  1197 4
5.781  0.253185  1256 4
-0.977  0  16383 6
58.906  0.340052  1538 4
116.845  0.189815  216 4
62.124  0.348985  788 6
63.343  0.389969  1595 4
-226.718  0.253391  1843 4
64.969  0.403748  587 6
81.531  0.399707  683 4
-319.202  0.239544  263 4
15.045  0.245714  175 6
105.624  0.340599  367 6
-253.436  0.227273  176 4
13.906  0.191304  115 6
13.313  0.161369  409 6
142.999  0.161074  149 6
19.251  0.326154  325 6
54.852  0.304303  3858 4
16.905  0.275701  214 6
-4.076  0.242353  1700 6
53.406  0.345877  3056 4
102.437  0.394737  494 4
12.813  0.228261  184 6
-60.344  0.2  360 4
12.094  0.196839  696 6
66.626  0.365366  1051 6
240.188  0.264151  159 4
76.03  0.393398  727 4
104.06  0.329412  340 4
167.97  0.324528  265 4
14.172  0.299694  327 6
165.81  0.350365  685 4
12.468  0.167742  155 6
-156.344  0.133971  209 4
12.532  0.313433  402 4
60.218  0.390173  1730 4
24.048  0.257157  2061 6
263.624  0.20944  339 6
79.344  0.39038  894 6
-79.876  0.243802  484 6
60.592  0.379291  1748 6
77.64  0.324955  1114 4
93.234  0.358974  390 4
262  0.260258  853 6
8.814  0.13125  160 4
-155.328  0.177515  169 4
62.734  0.380917  1352 4
54.312  0.353934  3317 6
239.388  0.255197  1395 4
50.952  0.37556  2234 4
-221.03  0.315634  339 6
78.374  0.475836  269 4
57.22  0.361224  980 6
112.94  0.214511  317 6
8.076  0.244224  1515 4
78.374  0.224793  605 6
-138.218  0.380952  210 4
138.84  0.362162  740 6
272.876  0.19375  320 6
13.58  0.272  1125 4
-122.404  0.288462  312 6
54.564  0.328778  2561 4
9.374  0.253521  284 4
14.5  0.294821  251 4
-61.876  0.238961  385 4
-25.284  0.271676  692 4
69.764  0.356241  713 6
-77.952  0.27025  1358 6
80.502  0.389189  555 6
-216.844  0.234388  1169 6
2.342  0.269297  1166 4
-391.47  0.250921  4073 4
14.532  0.299748  397 4
14.188  0.221402  542 4
-223.248  0.174847  326 6
-76.656  0.220838  883 4
-376.376  0.259542  524 6
62.624  0.342441  549 4
13.436  0.270463  281 6
111.14  0.344896  2537 6
-120.624  0.261993  271 4
-47.22  0.284823  481 4
64.454  0.421429  840 4
98.796  0.337696  382 4
1.376  0.26898  461 4
1.876  0.25885  452 6
218.064  0.291845  233 4
14.44  0.0403226  124 6
-143.906  0.306075  428 6
13.688  0.210884  441 6
15.752  0.327354  223 4
0.188  0.228448  232 6
12.908  0.0853659  246 4
203.5  0.413223  242 4
74.156  0.407514  346 6
87.188  0.243762  521 6
14.814  0.119186  344 4
12.392  0.264175  776 4
62.376  0.349673  306 4
14.376  0.335244  349 6
15.124  0.239057  297 6
12.922  0.24326  1595 4
-342.03  0.230432  1367 4
7.844  0.253117  2406 4
281.014  0.214677  913 6
136.408  0.330396  227 4
-341.64  0.246994  3826 6
37.252  0.188073  218 4
119.454  0.272222  180 4
64.784  0.345165  817 4
77.812  0.371869  1038 4
-200.936  0.250412  1214 4
135.514  0.246889  2009 6
56.28  0.393897  1442 4
69.842  0.395105  572 4
132.374  0.349916  1789 6
202.374  0.148699  269 4
-308.906  0.259452  2116 4
1.686  0.184397  141 6
68.282  0.36391  1995 6
51.658  0.342823  2529 6
268.314  0.242424  231 4
51.638  0.323183  2463 4
89.968  0.218479  1039 4
67.94  0.362015  953 6
1.064  0.176471  187 6
195.216  0.362974  1372 4
246.236  0.259478  2031 6
66.97  0.368906  1518 6
16.216  0.157447  235 4
-177.876  0.159204  201 6
15.094  0.271062  273 6
10.22  0.241715  1026 6
171.548  0.292605  622 6
284.484  0.380544  699 6
65.608  0.325359  836 6
71.656  0.349293  2193 6
24.548  0.231552  786 6
233.624  0.427365  592 6
30.592  0.180723  166 6
11.842  0.260684  234 6
276.282  0.387665  454 4
52.078  0.357613  2430 6
16.328  0.16  175 4
10.17  0.242601  2568 4
-46.516  0.261633  1139 4
-177.562  0.241379  812 4
67.644  0.384892  834 4
50.844  0.348948  3373 6
13.782  0.270408  196 4
60.484  0.355779  1990 6
10.438  0.259238  1759 6
15.768  0.178218  202 6
12.532  0.216738  466 4
-336.28  0.295122  410 6
14.25  0.316583  199 4
16.326  0.244615  1300 4
-113.596  0.17316  231 6
60.56  0.362523  1633 6
-139.438  0.341667  240 4
-139.268  0.251822  1509 4
0.094  0.24  725 4
58.248  0.337687  1608 6
-19.626  0.196172  209 6
9.876  0.251015  1231 6
43.702  0.270282  4425 6
63.156  0.341818  1650 6
-195.608  0.246185  983 4
70.626  0.365062  893 6
100.032  0.260575  591 6
144.812  0.234973  183 4
-242.156  0.268698  361 4
-76.154  0.258123  1108 4
15.062  0.240326  491 4
5.906  0.2427  1541 6
299.516  0.238023  1315 4
65.936  0.267346  12755 4
229.594  0.246512  430 4
61.61  0.378698  1014 6
12.53  0.253125  640 4
-14.156  0.219149  470 4
-232.938  0.24567  2194 4
11.092  0.325879  313 6
11.812  0.233288  733 4
-20.61  0.247951  1464 4
239.328  0.24375  1120 6
304.06  0.179724  217 4
-0.094  0.264052  765 4
-19.936  0.225383  457 6
71.592  0.362664  1216 4
77.53  0.364821  307 6
-314  0.271186  472 6
192.312  0.229965  287 4
11.656  0.251857  2692 4
-375.312  0.116402  189 6
163.784  0.297297  333 6
66.812  0.326772  254 4
53.344  0.240363  441 4
50.14  0.361603  3219 4
121.676  0.240028  1429 6
72.764  0.383663  1212 6
-126.156  0.226257  358 4
-102.61  0.242054  409 4
-125.218  0.169139  337 6
-82.812  0.100671  149 6
-97.702  0.223979  759 4
-339.69  0.219277  830 4
262.406  0.371002  469 4
-158.578  0.0526316  114 4
-389.782  0.145833  144 4
13.688  0.23224  366 6
56.656  0.337459  2424 4
66.248  0.384443  1337 6
113.016  0.380537  1490 6
8.064  0.224026  616 4
-271.72  0.151079  139 6
-105.56  0.230252  595 4
53.36  0.36601  2336 6
6.422  0.254018  3858 4
11.22  0.267416  890 6
5.624  0.262314  4426 6
-200.08  0.245429  2461 6
11.314  0.106897  290 6
65.204  0.344712  1787 6
-68.96  0.255285  2460 4
-356.344  0.281307  551 4
-364.516  0.261818  550 4
-124.188  0.18593  199 4
-314.296  0.26824  466 4
-156.422  0.259574  235 6
11.626  0.0973451  226 6
-203.25  0.265018  283 4
19.468  0.24486  535 4
30  0.304813  187 4
100.72  0.404598  435 4
56.94  0.416058  274 6
-154.328  0.160305  131 4
-256.408  0.261011  613 4
17.94  0.134199  231 4
104.846  0.429333  375 6
269.266  0.289617  183 4
-228.5  0.256369  628 6
-153.438  0.22619  168 4
13.36  0.261438  2601 4
58.158  0.360124  647 4
313.656  0.292776  263 4
129.562  0.241803  244 6
-255.596  0.262366  7379 4
9.032  0.25  4592 6
11.94  0.344828  174 6
57.296  0.336238  1951 6
21.406  0.218332  971 6
16.812  0.228216  241 4
-326.216  0.235019  1285 4
182.124  0.362416  298 6
-232.922  0.195804  286 4
54.376  0.334799  1819 4
-196.564  0.232044  1448 6
19.81  0.101449  69 4
7.092  0.238752  1378 6
181.188  0.168367  196 6
143.28  0.253303  1741 6
11.846  0.220238  336 4
63.248  0.28972  214 4
-186.812  0.192982  171 6
-118.782  0.268421  2090 6
-312.406  0.226368  804 6
-3  0.243781  201 4
59.516  0.35031  1453 4
80.156  0.390909  880 6
280.814  0.277778  378 6
-45.124  0.178378  185 6
30.248  0.203822  157 4
-209.096  0.183784  185 6
-239  0.397388  536 4
275.22  0.266085  917 4
138.126  0.321101  327 6
64.456  0.374334  1878 4
81.954  0.35041  488 4
65.124  0.382236  1002 6
64.468  0.394628  968 6
29.252  0.286982  338 4
64.408  0.389408  642 4
8.36  0.26406  1458 6
54.19  0.388766  1353 6
12.686  0.245253  632 6
16.624  0.204188  191 6
18.656  0.277419  155 6
159.062  0.279441  501 6
58.388  0.250859  582 6
271.814  0.242254  355 4
169.644  0.307843  510 6
7.752  0.117188  128 6
219.284  0.226174  703 4
56.874  0.36147  2014 6
8.234  0.261596  6166 4
28.796  0.311404  228 6
-153.688  0.0987124  233 6
-2.656  0.251546  485 6
111.124  0.244186  258 4
57.796  0.3711  609 6
-192.624  0.155844  154 6
15.5  0.304124  194 6
10.922  0.244418  3359 4
10.764  0.22526  768 6
29.156  0.198718  156 4
79.72  0.263566  774 6
71.25  0.36015  1330 6
-358.438  0.111111  180 6
58.312  0.352681  2033 6
108.688  0.268546  674 4
75.952  0.301653  242 4
60.032  0.221764  1213 6
-200.406  0.225926  270 6
-341.906  0.130312  353 6
63.25  0.347079  291 6
-372.64  0.259868  1520 6
5.062  0.234568  243 6
163.8  0.411111  270 6
267.126  0.265025  1015 4
140.532  0.353727  2321 4
-44.624  0.200743  269 6
8.688  0.251962  2548 4
288.598  0.0872246  16383 4
82.436  0.25  344 6
-310.44  0.275862  232 4
11.188  0.231092  952 4
0.14  0.206944  720 6
191.124  0.381872  673 6
14.936  0.315789  152 4
14.594  0.235294  493 4
54.064  0.381595  1630 6
-4.78  0.249604  1262 6
217.42  0.386525  846 6
259.624  0.240188  637 4
15.984  0.225455  275 4
-41.578  0.237624  707 6
116.688  0.253165  237 6
35.876  0.256195  2260 6
-284.47  0.241935  434 6
-284.47  0.213836  159 4
-266.766  0.24517  1501 6
4.976  0.246486  8325 4
-72.284  0.252427  1545 6
136.984  0.342481  1749 6
14.486  0.30402  398 6
11.562  0.154762  252 4
309.186  0.1375  160 6
-234.906  0.174051  316 6
9.716  0.2525  800 4
-1.196  0  16383 6
62.096  0.368543  1297 6
19.656  0.293436  259 4
-201.938  0.256457  7124 6
6.626  0.29899  495 4
-130.78  0.221053  760 6
-394.594  0.242812  626 4
66.062  0.403333  600 6
71.656  0.365471  892 4
300.218  0.246285  471 6
95.096  0.23964  555 4
1.3  0.262816  12465 4
57.578  0.339479  1844 4
-51.39  0.251161  2154 4
58.814  0.367126  1016 4
-158.688  0.108527  129 6
-72.794  0.281106  217 6
86.924  0.393316  389 4
27.56  0.235119  336 6
-382.25  0.235514  535 4
239.282  0.272727  1837 4
84.406  0.4  810 4
69.408  0.380492  1138 4
14.718  0.187166  374 6
11.924  0.276423  984 4
-326.092  0.0596026  151 6
-2  0.244992  649 6
51.922  0.320946  3848 6
-320.796  0.242424  825 4
-224.842  0.211765  170 4
21.046  0.315789  209 4
109.062  0.244841  1066 6
10.216  0.256318  831 6
60.624  0.335714  420 4
171.97  0.240741  648 6
10.842  0.23488  711 4
212.172  0.248893  1129 6
-16.888  0.251852  810 4
2.594  0.294243  469 4
11.374  0.25208  1202 4
16.422  0.101911  157 4
57.218  0.390485  1114 6
53.954  0.330288  1423 6
75.128  0.414784  487 4
-77.406  0.265918  267 4
71.248  0.381609  1305 6
8.232  0.241099  1966 4
-1.562  0.255231  5544 4
13.362  0.298817  338 4
-203.33  0.176471  136 4
137.376  0.2496  625 6
182.748  0.394872  585 6
-283.656  0.229075  227 4
12.908  0.232794  494 6
-221.624  0.310757  251 4
210.704  0.343195  338 4
-48.438  0.303468  346 6
-21.314  0.333918  3992 4
58.656  0.34963  1759 4
-11.186  0.248111  794 6
87.876  0.437126  334 4
59.202  0.332246  1839 6
-145.03  0.254444  900 6
-309.704  0.253774  1060 6
7.936  0.355263  228 6
-336.248  0.213439  506 6
-35.528  0.254075  2086 4
152.22  0.403704  270 6
56.75  0.336634  3535 4
29.408  0.234043  235 4
-344.562  0.2134  403 4
146.672  0.363208  212 6
78.532  0.383758  628 6
-60.532  0.217172  198 4
41.844  0.264069  231 4
51.154  0.354731  3583 6
-1.42  0.249463  2794 4
80.86  0.296875  192 4
-171.252  0.293286  566 4
99.312  0.232394  568 4
-161.704  0.277372  274 4
-126.158  0.26087  529 4
20.672  0.298475  459 6
-173.468  0.247549  1224 4
-352.438  0.244413  716 6
193.096  0.42284  324 4
68.562  0.251256  199 4
303.562  0.239521  334 4
13.064  0.389908  218 4
17  0.294931  217 4
9.484  0.215847  1098 6
42.374  0.251155  5845 6
-293.704  0.265924  1884 4
84.812  0.216606  831 6
69.328  0.184  625 4
17.548  0.248619  181 4
87.156  0.178571  336 4
-12.882  0  16383 6
67.562  0.40981  632 6
283.782  0.200855  234 6
-207.612  0.228313  1879 6
15.39  0.251337  187 6
85.75  0.277778  198 6
118.624  0.348993  298 4
9.374  0.289157  166 6
20.5  0.273684  190 4
-380.532  0.253147  1430 4
14.456  0.248804  209 6
257.624  0.313084  214 4
-358.734  0.233411  1281 6
86.704  0.186364  220 4
-138.5  0.235556  225 4
231.812  0.267196  756 6
-302.626  0.252941  170 6
63.984  0.31775  1369 4
136.312  0.237871  1484 4
101  0.254341  979 6
14.546  0.238462  260 6
-5.548  0.24304  1329 6
7.626  0.223333  300 6
-30.734  0.252329  1181 6
111.8  0.30292  274 6
-74.906  0.260355  14534 6
-187.624  0.238949  837 4
11  0.282154  1003 4
53.512  0.351132  1723 6
31.734  0.243523  772 6
62.906  0.317881  604 6
216.048  0.244671  2252 4
12.188  0.27459  244 6
-155.658  0.345528  246 4
72.156  0.385593  236 6
66.548  0.324948  477 4
16.032  0.121951  205 6
-0.842  0.218341  687 4
12.718  0.181395  430 4
58.25  0.367953  1011 6
-65.688  0.2827  237 6
11.752  0.235412  994 4
67.44  0.386511  771 6
-333.936  0.29003  331 6
307.436  0.30137  219 6
16.908  0.137725  167 4
14.312  0.237288  236 4
58.922  0.324128  688 6
126.03  0.393939  264 6
5.28  0.242664  886 6
-263.134  0.253476  7192 4
-41.5  0.133333  150 6
261.188  0.220602  1097 6
11.374  0.251592  314 4
67.408  0.356322  435 6
119.596  0.346021  289 4
-378.72  0.249183  2753 6
233.282  0.311905  420 6
-82.454  0.21098  929 4
66.908  0.38341  1085 4
174.44  0.322835  254 6
56.544  0.347584  538 6
66.094  0.420415  578 6
-201.672  0.255179  13226 6
68.22  0.385729  967 6
-144.406  0.365482  197 6
66.764  0.36255  251 6
8.532  0.262799  1758 4
69.156  0.338384  198 4
66.03  0.315126  238 4
270.312  0.248918  1848 6
52.408  0.346584  2415 4
50.344  0.215971  551 6
-313.092  0.281746  252 6
260.888  0.242105  1710 4
-354.626  0.358852  209 4
49.376  0.367221  2764 6
-390.654  0.198675  151 6
297.876  0.276106  565 4
203.126  0.258929  224 4
-373.22  0.212454  546 6
-332.064  0.292181  243 4
-126.092  0.190751  173 4
9.14  0.249702  2519 4
77.108  0.381179  1052 6
12.86  0.222798  193 6
235.014  0.24461  1345 4
-317.124  0.171429  245 6
29.64  0.195918  490 6
67.344  0.393443  732 4
184.972  0.402332  686 4
148.42  0.220657  1065 4
3.846  0.287582  765 4
-156.718  0.27866  567 6
12.404  0.211144  341 6
70.376  0.416352  795 4
65.186  0.360724  1436 6
51.858  0.356614  2162 6
-267.874  0.312618  531 6
11.562  0.303318  211 4
297.248  0.272727  231 4
253.124  0.244105  2884 4
15.264  0.254144  362 4
262.938  0.412  500 4
58.908  0.389303  804 6
10.814  0.225131  191 4
-318.876  0.225557  1033 6
15.968  0.158333  240 4
12.78  0.304527  243 4
12.968  0.301408  355 4
17.25  0.22  200 4
-353.076  0.263199  1288 4
10.75  0.28863  343 6
235.72  0.350394  254 6
62.828  0.345387  2406 4
-87.936  0.227273  242 4
-159.484  0.227716  1436 4
-103.5  0.149194  248 6
9.812  0.305785  363 4
-210.828  0.209924  1048 6
18.516  0.262781  978 6
76.092  0.378151  714 6
-152.062  0.288  625 6
-149.812  0.252646  756 4
57.846  0.343922  2361 4
14.236  0.224944  449 6
65.188  0.391641  646 4
58.234  0.224466  842 6
11.032  0.237519  1983 6
-136.188  0.35082  305 6
150.408  0.253049  328 6
-225.688  0.265625  1664 4
65.436  0.375224  1114 4
13.564  0.204819  249 4
163.654  0.246377  414 6
58.064  0.353797  2199 4
206.782  0.389319  1292 6
12.674  0.25  648 4
12.876  0.228125  640 4
4.358  0.233236  343 6
51.392  0.33306  2435 6
10.968  0.24552  558 6
-334.032  0.240215  1303 6
58.032  0.366481  2333 4
18.716  0.231707  164 6
57.032  0.390523  1224 6
184.092  0.261119  697 4
52.736  0.229663  2016 4
18.342  0.167939  131 4
186.376  0.402269  1146 6
1.968  0.232441  598 6
11.86  0.204918  610 6
14.468  0.234742  639 4
-291.626  0.133721  172 6
-365.708  0.327034  4498 4
76.716  0.384293  955 4
11.47  0.235577  624 4
85.502  0.315217  184 4
158.844  0.370443  1536 4
184.296  0.265527  1111 6
298.968  0.245209  2557 4
234.718  0.257692  520 6
-197.436  0.396491  285 6
-251.142  0.206235  417 6
83.5  0.442308  312 6
-149.298  0.210256  780 6
-90.438  0.295337  579 6
266.718  0.135714  140 4
74.28  0.299003  301 6
8.906  0.238653  683 6
11.062  0.320557  287 6
87.032  0.352941  663 6
14.472  0.256024  332 4
16.982  0.105263  152 6
10.748  0.236398  1066 4
12.092  0.23913  460 4
-171.186  0.192118  203 4
49.688  0.346226  3749 6
11.86  0.261494  348 6
9.28  0.245  1000 4
101.264  0.368511  1175 4
9.636  0.247762  2458 4
62.22  0.384527  1732 4
-218.532  0.267876  937 6
12.438  0.247611  1151 6
-4.248  0.225929  1319 4
77.876  0.327869  305 4
-86.562  0.207547  212 6
55.97  0.39034  2526 4
8.47  0.255125  5903 4
-377.548  0.241379  406 4
65.502  0.350993  453 4
9.266  0.227688  1423 4
11.624  0.318681  182 4
-183.312  0.271268  623 6
82.252  0.225352  213 6
61.578  0.450237  422 6
-285.47  0.241779  517 6
15.642  0.24735  283 6
72.28  0.366868  1322 6
-173.624  0.382845  478 6
59.03  0.34507  1420 6
64.156  0.345082  1901 6
-307.872  0.201133  353 4
14.222  0.298413  315 6
-108.342  0.299048  525 4
11.656  0.246683  2939 6
295.94  0.210526  247 6
35.236  0.281437  167 6
14.78  0.26699  206 6
70.97  0.340708  904 4
56.872  0.363636  308 6
87.658  0.155039  129 6
141.564  0.216606  277 4
-319.248  0.282051  156 6
-113.812  0.219512  328 6
248.656  0.210227  176 4
23.608  0.254826  259 4
29.172  0.192708  192 4
5.984  0.251821  4257 6
73.096  0.173611  288 4
9.872  0.276824  466 6
9.732  0.237616  1292 4
-40.372  0.262458  301 6
75.468  0.366162  792 4
-55.468  0.238806  536 6
60.472  0.334316  2375 6
54.984  0.33192  2359 6
127.92  0.342604  791 6
69.436  0.375648  772 6
18.624  0.152174  138 6
88.908  0.369176  279 4
104.752  0.2  235 4
-301.376  0.261107  4029 6
-240.624  0.140625  192 6
-222.624  0.305011  459 4
50.344  0.233701  997 6
289.376  0.301158  259 4
-372.64  0.212766  235 6
14.768  0.184549  233 4
14.532  0.103896  154 6
-19.372  0.27381  1344 4
53.452  0.220421  617 6
-349.656  0.242331  326 4
14.844  0.281863  408 4
-92.628  0.234114  598 6
-33.096  0.294393  428 6
32.16  0.244531  3337 4
-296.064  0.16726  281 6
-162.312  0.264756  7014 4
16.656  0.179104  201 6
-259.752  0.25  716 4
-103.188  0.239766  171 4
82.584  0.237304  1083 6
-155.188  0.00884956  113 6
82.968  0.360856  327 4
-107.94  0.230537  1323 6
77.032  0.394161  548 6
-214.876  0.211382  246 6
-339.564  0.195455  220 6
61.312  0.29695  623 6
283.216  0.27911  584 6
54.848  0.34097  1484 6
307.624  0.283582  268 6
109.876  0.266703  3697 4
-286.984  0.276054  1257 4
34.376  0.198347  242 6
7.436  0.252259  2767 4
5.28  0.221503  772 4
96.436  0.319479  1997 6
7.124  0.23683  2183 6
65.296  0.221854  604 6
-94.376  0.307692  312 6
-188  0.30137  219 6
13  0.272109  294 4
251.688  0.16  275 4
-146.5  0.278618  463 6
-46.484  0.233921  1757 6
114.44  0.228402  845 6
10.216  0.286353  447 4
-178.236  0.312868  7981 6
9  0.191939  521 4
-64.812  0.247619  315 6
-54.624  0.171642  268 6
57.376  0.377188  1885 4
2.656  0.267606  1136 6
307.156  0.236785  2289 6
7.564  0.25  344 4
-91.656  0.248392  2021 6
13.56  0.185714  210 6
-238.968  0.218884  233 4
67.92  0.356105  1376 4
-17.28  0.207006  314 4
76.496  0.342857  385 6
-88.06  0.269406  438 6
-262.452  0.246515  1578 6
68.532  0.325604  1035 4
-211.968  0.195238  210 4
28.876  0.248451  1775 6
-251.792  0.245755  1119 6
312.312  0.264706  238 4
-90.032  0.234932  1626 6
9.56  0.26971  723 6
-392.672  0.259239  1867 4
59.064  0.376972  634 4
-97.688  0.249238  4265 4
-144.624  0.247392  671 6
-251.532  0.193182  176 4
-339.064  0.189112  349 4
59.672  0.366872  1461 4
2.34  0.246163  6581 4
72.908  0.350394  762 6
12.792  0.260052  3880 6
198.94  0.24186  215 6
72.812  0.337963  648 4
-278.764  0.231  2000 4
-60.532  0.266376  229 6
-380.048  0.243053  2411 4
-362.5  0.186235  247 6
52.312  0.284698  281 6
80.812  0.436563  1001 4
7.94  0.244253  696 6
8.22  0.264336  715 4
9.596  0.242259  549 4
9.376  0.248062  258 6
287.828  0.227405  686 6
11.156  0.218069  321 6
17.628  0.217857  280 4
60.624  0.350158  1902 4
68.328  0.371728  1146 6
-204.28  0.193662  568 6
294.684  0.26087  184 4
-85.312  0.323077  195 6
14.216  0.256158  203 4
15.124  0.22956  318 4
-249.64  0.261176  850 6
-284.204  0.187793  213 4
-121.612  0.228487  337 6
12.356  0.237288  1003 4
-343.872  0.119048  252 6
164.936  0.350053  937 6
63.064  0.409423  1507 4
59.188  0.375123  2034 6
93.848  0.354369  1030 4
59.628  0.27121  1438 4
65.22  0.416107  745 6
-299.94  0.285455  550 4
14.84  0.252033  246 6
267.968  0.376696  1253 6
19.316  0.168539  178 6
-212.184  0.360704  341 6
223.316  0.28084  381 4
-290.004  0.312088  455 6
241.156  0.257434  1177 4
14.784  0.258586  495 4
-40.564  0.234522  1066 6
-18.688  0.260375  14771 6
57.512  0.356958  2314 6
58.252  0.355202  2576 6
66.156  0.370609  1708 4
13.064  0.233051  708 4
9.064  0.215429  687 6
14.188  0.197279  294 6
53.876  0.370436  1698 4
9.528  0.284983  586 6
59.972  0.36036  888 6
-170.328  0.249615  649 6
11.156  0.230061  326 4
-110.248  0.237938  1513 4
107.44  0.39738  229 6
95.032  0.396429  280 6
-370.564  0.248425  1111 6
147.312  0.258065  155 6
56.656  0.357294  1419 4
83.668  0.367063  504 6
-52.316  0.269113  654 4
-245.796  0.239028  1276 6
-288.296  0.259615  208 4
62.096  0.365361  1634 4
14.472  0.299065  428 4
-197.624  0.136646  161 6
-62.576  0.239362  1880 6
-357.564  0.284866  674 6
71.064  0.354386  570 4
-275.528  0.231608  367 6
-253.284  0.221455  1594 4
66.736  0.376214  824 4
8.644  0.221414  1513 6
16.668  0.225806  248 4
-180.58  0.216842  950 4
-6.94  0.205479  292 6
312.168  0.395181  830 6
3.748  0.240566  212 6
-2.58  0.25346  1373 6
-3.02  0  16383 6
303.64  0.163043  184 4
-315.3  0.300216  463 6
-290.704  0.242808  2051 6
115.5  0.35  260 6
12.748  0.281659  458 6
29.188  0.192771  166 6
-230.064  0.245428  1039 6
8.688  0.249687  1598 6
-65.66  0.142857  203 6
-3.404  0  16383 4
256.504  0.239576  1415 6
161.436  0.24409  3765 6
69.096  0.346154  260 4
142.528  0.185379  383 6
-46.936  0.252632  1235 4
-62.436  0.251969  254 6
-198.188  0.271777  287 6
61.752  0.330435  345 6
26.732  0.248337  2255 4
155.968  0.278388  273 4
307  0.191892  370 6
56.608  0.355377  1618 4
-214.188  0.228041  592 6
140.124  0.232234  2153 4
-15.748  0.205696  316 4
98.656  0.382429  387 6
15.048  0.130435  345 4
7.468  0.256257  839 6
56.656  0.375381  983 4
155.72  0.296296  189 6
12.392  0.21  500 6
147.608  0.369198  948 6
17.532  0.21659  217 4
-226.404  0.213333  225 4
44.78  0.332786  1217 4
5.124  0.236607  224 6
-246.252  0.240223  179 6
106.876  0.247987  3105 6
68.528  0.402105  950 4
148.36  0.165049  206 6
45.996  0.331224  474 6
63.348  0.39823  339 4
-35.252  0.23494  166 6
8.56  0.243164  1024 6
55.764  0.327837  2608 6
-209.78  0.294915  1180 4
-242.404  0.271186  236 6
11.44  0.280702  171 6
-308.748  0.281787  291 4
11.124  0.26  600 6
56.824  0.345506  712 4
-274.496  0.0783133  166 6
-285.372  0.179487  234 6
13.936  0.29697  165 4
8.312  0.247419  5036 4
163.344  0.277228  606 4
14.704  0.303241  432 6
26.5  0.313901  223 6
77.904  0.375131  957 6
67.076  0.351206  1865 4
62.748  0.334638  511 6
58.128  0.341873  2498 4
-192.688  0.259766  1024 4
3.492  0.160898  16383 4
-158.284  0.275168  298 6
120.124  0.351412  885 6
201.624  0.344262  427 6
-267.248  0.0486111  144 4
67.156  0.369604  1112 6
63.5  0.374302  1611 4
63.344  0.338245  1561 4
63.496  0.363636  759 6
-51.404  0.206897  580 4
50.596  0.331851  2923 6
65.328  0.351551  1354 6
-106.44  0.236735  490 6
11.128  0.279221  154 6
221.468  0.215953  514 6
-187.408  0.260949  548 6
128.516  0.269404  1997 4
14.844  0.272727  143 6
-220.408  0.234647  1726 6
70.472  0.416013  637 6
17.716  0.2  175 4
13.124  0.314488  283 6
8.06  0.0217391  46 6
208.904  0.0810811  148 6
285.376  0.366972  327 4
47.468  0.27686  242 4
-331.456  0.258944  1761 4
-280.748  0.135294  170 6
19.092  0.129032  155 4
14.876  0.275109  229 6
10.924  0.239688  3467 4
239.872  0.323457  405 4
297.828  0.205247  648 4
-2.532  0.249057  530 6
123.624  0.251295  386 4
-101.172  0.223975  317 4
-3.156  0.263566  774 4
88.064  0.369767  860 4
-325.624  0.176101  159 4
74.092  0.302752  436 6
17  0.249023  1024 6
5.032  0.195876  485 6
-2.844  0.228448  464 4
179.656  0.267157  408 6
94.972  0.329749  279 4
249.592  0.349918  1226 4
-316.108  0.340659  273 4
-205.816  0.289963  269 4
54.064  0.363339  611 6
77.652  0.347826  322 6
-269.484  0.233607  488 6
9.356  0.231628  1075 6
72.872  0.367257  226 6
-347.748  0.0862069  116 4
-293.344  0.212121  132 4
317.06  0.108696  138 6
42.984  0.221445  429 4
-79.628  0.275109  229 4
59.688  0.369379  1868 6
76.096  0.346324  1129 4
80.984  0.360784  255 6
77.252  0.313433  335 4
9.968  0.263398  877 6
56.536  0.379473  2124 6
222.56  0.262765  803 4
-266.264  0.244619  1905 6
9.78  0.254364  401 6
-256.56  0.296875  448 4
12.284  0.222222  243 6
30.956  0.245261  844 6
68.716  0.347746  1087 4
-173.692  0.316456  237 4
15.908  0.113475  141 4
80.376  0.34157  688 4
280.16  0.234973  183 6
78.484  0.248469  2286 6
62.06  0.27483  3977 4
55.296  0.240434  1934 6
64.892  0.336739  2153 4
64.312  0.391566  996 4
63.748  0.402399  917 4
279.78  0.216749  609 4
-27.688  0.266055  218 4
13.504  0.194384  463 4
290.952  0.327307  1051 6
33.22  0.266323  1164 6
66.688  0.37004  1008 6
23.436  0.104575  153 4
-208.092  0.279735  1959 4
12.408  0.232249  676 4
15.42  0.212389  339 6
266.548  0.275862  551 4
-63.872  0.168421  190 6
-127.064  0.243363  226 6
-367.128  0.265442  599 6
112.904  0.372812  1714 4
-39.872  0.260504  238 6
68.704  0.257353  1360 4
-307.504  0.282748  626 6
-308.344  0.23494  332 4
-376.36  0.363107  515 6
-374.028  0.278037  856 6
53.452  0.35541  1978 4
-368.124  0.254098  1098 6
9.744  0  16383 4
18.376  0.156627  166 6
297.328  0.412008  483 4
93.94  0.23904  958 6
14  0.143519  216 6
129.236  0.241055  531 4
-350.224  0.26601  1624 4
17.704  0.204819  166 6
-77.812  0.264624  359 4
307.44  0.311573  337 6
15.016  0.252396  313 6
149.596  0.168966  290 4
10.268  0.239734  2557 4
0.968  0.210526  266 6
16.872  0.203187  251 4
29.156  0.388278  546 6
-89.248  0.245098  612 4
65.048  0.381546  1203 6
5.992  0.253066  5544 6
-103.092  0.285235  596 4
-354.424  0.156863  153 6
-111.44  0.246217  727 4
67.372  0.230469  256 6
-130.56  0.36646  322 4
13.172  0.261128  337 4
69.952  0.346003  763 4
13.688  0.255924  422 6
-95.172  0.240874  3753 6
298.448  0.364183  2161 6
82.72  0.415638  486 6
126.576  0.162011  179 6
-251.908  0.189474  190 6
10.436  0.204188  191 4
65.628  0.380062  642 6
15.956  0.239899  396 4
6.376  0.256952  6149 6
9.904  0.249807  2594 4
-148.064  0.220395  608 4
-6.344  0.235828  882 6
11.248  0.164706  170 4
-164.216  0.313131  297 6
61.828  0.345074  2101 4
-196.252  0.285714  231 4
18.656  0.108527  129 4
-240.532  0.20442  362 4
-255.064  0.312741  259 4
40.236  0.16055  218 4
92.032  0.394231  208 6
-145.156  0  16383 4
-225.376  0.138158  304 6
-118.376  0.202247  178 6
-233.28  0.250891  1403 4
-60.156  0.230556  360 4
68.88  0.403596  1001 6
71.172  0.370497  1166 4
63.22  0.371826  1221 4
61.596  0.365343  1385 6
-33.264  0.143617  188 4
64.952  0.337493  1923 4
1.984  0.225806  589 6
-298.14  0.248485  330 4
-116.656  0.271386  339 6
56.252  0.391653  1869 6
70.032  0.252511  697 4
-303.528  0.166667  252 6
28.792  0.236471  850 4
-134.064  0.259709  412 4
62.248  0.31457  302 4
83  0.336134  357 6
140.504  0.342377  1843 6
15.404  0.310541  351 4
98.72  0.16  325 4
-303.876  0.266444  897 6
12.688  0.245361  485 6
-156.376  0.320946  296 4
74.312  0.353488  860 6
-22.344  0.238004  521 6
14.924  0.235294  306 4
282.624  0.201258  159 4
-137.56  0.252137  468 6
13.128  0.156904  478 4
110.388  0.329843  1146 6
15.048  0.162393  351 4
72.968  0.352727  275 4
60.752  0.345485  2359 6
65  0.356796  412 6
-13.064  0.248863  2419 6
14.22  0.22191  356 6
56.184  0.353853  2193 4
63.376  0.38756  836 6
252.752  0.081761  159 6
86.88  0.258661  433 4
31.22  0.239003  682 6
-257.128  0.175141  177 6
246.94  0.242146  3597 4
15.124  0.268139  317 4
-189.296  0.222141  1373 4
237.684  0.265193  362 6
74.828  0.390351  912 6
284.296  0.231975  319 6
-53.608  0.18578  436 4
12.248  0.273632  402 4
-155.94  0.25195  2179 6
4.128  0.28382  377 6
17.14  0.108597  221 6
12.688  0.241121  535 6
-174.844  0.267974  306 4
112.652  0.434343  297 4
53.5  0.349098  2939 6
-394.468  0.248097  1971 4
-323.436  0.243818  2022 4
-52.684  0.247312  186 4
53.064  0.424925  666 6
67  0.348089  497 6
-5.592  0.243972  705 6
259.28  0.266116  605 4
-312.532  0.233999  1953 4
-197.56  0.25533  4081 4
14.968  0.293362  467 4
129.86  0.379468  1091 4
67.784  0.353741  1029 6
57.032  0.32693  2915 4
14.532  0.341709  199 6
102.064  0.25592  1098 6
13.752  0.18254  252 4
120.968  0.228571  210 4
64.252  0.371385  657 4
97.44  0.209607  229 4
10.468  0.196989  797 6
108.876  0.41502  253 4
5.596  0.266484  6931 4
62.452  0.364391  1567 6
55.28  0.38494  2603 6
197.58  0.27459  244 6
57.776  0.35004  2474 6
57.284  0.34657  554 6
141.672  0.256801  1838 6
68.952  0.358609  1754 4
9.188  0.253088  3157 6
15.716  0.32381  315 6
77.828  0.316406  768 4
50.124  0.329143  3023 6
6.984  0.21223  278 4
-313.7  0.241935  434 6
201.78  0.383648  318 4
11.252  0.206349  189 4
-168.5  0.239645  338 6
-152.252  0.253906  1024 4
274.496  0.252252  222 6
293.72  0.273043  575 6
76.596  0.365132  304 4
-7.096  0.259059  1297 4
-176.748  0.23662  355 6
55.128  0.330426  2064 4
13.564  0.263514  296 4
-34.436  0.244706  425 4
152.096  0.337143  1050 4
19.58  0.339844  256 4
18.468  0.145594  261 6
13.736  0.281579  380 4
4.032  0.252929  4780 4
-344.752  0.11976  167 6
-314.688  0.422442  303 6
70.356  0.376972  1268 6
93.844  0.427957  465 6
165.876  0.355272  1489 4
-121.596  0.261905  168 4
-218.344  0.174242  132 6
19.656  0.179775  178 4
13.328  0.274441  849 4
-305.42  0.259259  243 6
-4.892  0.198895  181 4
-137.936  0.237736  530 4
-342.78  0.271084  1162 4
149.28  0.270677  266 4
-84.344  0.243074  1119 6
-79  0.223377  385 4
86.44  0.4  1765 4
-172.408  0.202614  153 6
187.44  0.329457  258 6
10.748  0.234286  175 6
10.296  0.244594  1341 6
177.22  0.171521  309 4
59.532  0.355786  1737 4
62.408  0.359358  935 4
14.344  0.21256  207 4
-279.048  0.245451  2913 6
237.004  0.261364  2376 4
-83.876  0.249123  285 6
50.888  0.380872  2384 6
57.812  0.386684  2268 6
12.296  0.208852  723 6
-356.248  0.177665  197 4
166.248  0.257686  1789 6
103.656  0.242673  853 4
109.376  0.272085  283 4
111.248  0.3625  160 6
-165.124  0.218579  366 6
53.048  0.347263  3087 6
176.332  0.388778  499 4
-194.468  0.212963  540 6
54.844  0.34213  1061 6
147.812  0.10231  303 4
14.188  0.189189  222 6
-165.844  0.229572  257 6
150.512  0.246334  341 4
-387.496  0.238636  176 4
19.972  0.280645  620 4
-3.592  0.186047  516 6
59.204  0.325655  1259 6
283.592  0.227152  1127 4
-65.532  0.17619  210 4
124.876  0.370614  456 4
15.216  0.132353  136 4
9.408  0.24026  616 6
14.876  0.0625  128 4
13.896  0.203822  314 6
210.592  0.283096  982 6
-65.22  0.25498  502 6
-64.56  0.243499  423 4
-230.876  0.187898  314 4
79  0.419753  243 4
2.56  0.221074  484 6
-42.544  0.27193  1368 6
7.908  0.241975  2430 6
69.5  0.421898  685 4
79.688  0.303191  564 6
68.172  0.393376  1238 6
53.032  0.347473  2216 4
112.516  0.347385  1281 4
24.612  0.24569  232 6
-104.92  0.263855  1660 4
-0.128  0.203509  285 6
132.424  0.257322  2390 4
68.36  0.355041  1597 4
5.408  0.211268  568 6
60.36  0.356455  1038 6
8.516  0.211161  1326 6
161.688  0.357513  193 4
267.076  0.364929  1266 4
-196.532  0.244009  918 4
85.908  0.221636  758 6
54  0.380115  2444 4
64.316  0.384498  658 6
-219.472  0.255954  2813 4
258.188  0.160784  255 4
221.748  0.258264  968 4
11.624  0.174757  206 6
-291.844  0.2975  400 6
-1.54  0.258215  15247 6
73  0.0479452  146 6
12.812  0.249221  642 6
75.736  0.340498  884 6
98.156  0.415755  457 4
18.156  0.232877  219 4
12.184  0.273109  238 6
159.124  0.375  224 4
20.876  0.307692  273 6
-323.64  0.260684  936 4
-33.968  0.278409  352 4
9.748  0.240924  303 4
96.624  0.218605  215 6
302.22  0.225  360 4
-336.532  0.287958  573 4
53.768  0.317901  3240 6
57.332  0.343373  2158 4
-3.236  0.250067  3723 6
71.532  0.359813  1070 6
29.108  0.312849  179 6
14.156  0.222222  225 6
82.5  0.345992  237 6
12.404  0.265239  607 6
55.828  0.35257  2374 6
13.5  0.238806  268 6
69.2  0.349666  1796 4
-313.876  0.181395  215 6
14.748  0.25046  543 4
-326.812  0.273438  768 4
180.532  0.250956  2092 4
-370.484  0.247987  621 4
168.032  0.25282  2128 6
168.532  0.170833  240 6
-34.436  0.224512  922 6
299.032  0  16383 6
123.844  0.306122  245 6
-16.328  0.240964  166 4
-78.888  0.196429  168 6
-255.064  0.237374  198 4
65.924  0.38189  508 4
59.72  0.357102  1739 6
-94.096  0.302158  417 6
129.08  0.232673  202 6
7.896  0.243658  1695 6
-267.624  0.241546  207 4
227.252  0.233957  748 6
72.156  0.363083  1479 6
59.876  0.386726  1130 6
245.596  0.279874  1908 6
13.044  0.20436  367 6
-309.952  0.280523  688 4
64.72  0.354276  573 4
3.084  0.146127  16383 6
-14.844  0.364691  776 4
30.092  0.153846  156 6
63.184  0.354244  271 4
56.44  0.321893  845 6
-42.784  0.266816  892 4
13.312  0.183333  180 6
65.936  0.347288  1696 6
128.456  0.236889  1697 6
13.064  0.310044  458 4
92.764  0.29128  539 4
203.716  0.174242  132 6
61.844  0.387791  1720 4
109.544  0.387454  271 6
13.908  0.266129  248 4
12.736  0.236419  1307 4
80.44  0.256198  242 6
176  0.253659  615 4
54.112  0.359899  1192 4
68.844  0.390698  1075 4
-21.44  0.267409  359 6
-340.536  0.279874  318 6
106.748  0.198675  302 4
76.504  0.405152  854 6
2.812  0.252525  99 6
97.248  0.384434  424 4
61.064  0.227754  1888 6
-1.012  0.260052  15370 6
13.748  0.285211  284 4
-254.284  0.23785  1358 6
67.72  0.369668  1266 4
68.672  0.381176  425 6
51.372  0.190037  542 6
306.984  0.386448  1343 6
53.076  0.324843  3651 4
-64.344  0.235495  293 4
-238.14  0.239787  563 6
-12.968  0.283828  303 6
-250.032  0.274744  586 4
-153.856  0.198052  308 4
4.532  0.262295  1037 4
61.952  0.310458  306 4
240.844  0.0980392  102 6
-59.124  0.236181  199 4
12.452  0.201439  417 6
-165.668  0.331316  661 6
70.58  0.371972  1156 6
107.812  0.216152  421 4
50.204  0.349621  2640 4
5.892  0.242556  4131 6
12.62  0.290698  430 4
-387.752  0.237705  244 6
18.94  0.220779  154 4
13.704  0.267925  530 4
-165.688  0.265193  362 4
62.328  0.358311  1468 4
8.524  0.25703  4552 4
-186.328  0.168627  255 4
-35.436  0.248538  342 4
174.72  0.413093  443 4
56.924  0.322727  1540 6
12.748  0.227806  597 4
60.628  0.237237  333 4
-208.5  0.151515  198 4
307.812  0.274319  514 4
8.576  0.225201  746 6
16.968  0.230599  451 6
-178.28  0.245335  1447 4
-90.064  0.297659  299 6
265.592  0.193309  269 4
93.108  0.319018  326 4
172.344  0.217213  488 6
-358.076  0.248874  888 6
99.032  0.259259  837 4
-14.468  0.0331126  151 4
7.532  0.251727  5212 6
91.172  0.20332  241 4
58.296  0.391484  728 6
-50.312  0.264487  673 4
72.376  0.375887  564 4
0.888  0.24093  1764 6
55.912  0.358812  1583 6
11.752  0.330677  251 6
82.312  0.367174  591 6
177.888  0.224215  223 4
-394.376  0.235294  187 4
3.936  0.258967  10399 6
7.892  0.268226  3635 6
14.08  0.205438  331 6
7.84  0.234079  581 6
74.376  0.376058  827 6
17.176  0.240437  183 4
17.156  0.212766  235 4
14.22  0.308989  178 6
12.796  0.219565  460 4
20.688  0.124183  153 4
-88.908  0.258883  591 6
13.392  0.263158  342 6
219.404  0.261628  860 4
5.628  0.242272  4788 4
297.936  0.252976  672 6
-170.78  0.263339  581 6
-242.812  0.282895  152 6
75.252  0.433028  545 4
130.496  0.157692  260 4
11.468  0.277978  1662 4
277.404  0.373464  407 4
6.644  0.249874  3958 4
-146.28  0.259259  810 6
130.268  0.255234  2245 6
68.752  0.414925  335 4
29.564  0.265556  900 4
62.252  0.396453  1579 6
-68.516  0.245378  1190 6
251.14  0.381383  1547 6
62.2  0.349856  1735 6
11.28  0.261506  478 6
-40.812  0.306859  277 6
-118.484  0.263282  1694 4
101.28  0.289641  473 6
13.844  0.207547  212 4
14.704  0.229032  310 4
-7.56  0.313084  214 4
281.736  0.20197  203 4
58.936  0.419576  1461 6
14.856  0.206278  223 6
-153.436  0.147436  156 4
-355.592  0.156627  166 4
9.64  0.260064  1565 4
69.908  0.435986  867 6
8.248  0.263736  182 4
33.344  0.176471  153 4
281.468  0.267399  1365 6
-37.688  0.220503  1034 4
21.816  0.373272  217 4
61.892  0.362002  1279 6
130.656  0.340079  3805 6
16.872  0.292818  181 6
143.58  0.271493  221 4
12.468  0.286445  391 6
25.376  0.268098  2376 6
215.216  0.266594  919 6
299.748  0.274011  354 6
-365.612  0.256146  2034 4
14.128  0.222581  310 4
12.188  0.253503  785 4
-196.748  0.247059  340 4
300.736  0.145251  179 4
12.5  0.113445  238 6
152.656  0.219758  496 4
70.128  0.375173  1442 4
80.468  0.283951  162 6
-129.688  0.275735  272 4
37.904  0.246377  345 6
119.564  0.384211  380 6
82.348  0.401244  643 6
15.84  0.163043  276 4
-35.504  0.18  150 6
277  0.239362  188 6
24.156  0.380251  1833 6
60.812  0.320628  446 4
-277.34  0.212996  277 4
14.188  0.203883  412 6
145.984  0.3655  1171 6
225.84  0.112245  196 6
141.192  0.119171  193 4
6.844  0.170139  864 4
59.876  0.346415  1325 4
16.092  0.192857  280 4
68.032  0.345751  859 6
15.08  0.21267  442 4
128.408  0.292969  512 6
-181.876  0.157343  572 6
15.096  0.159794  194 4
8.828  0.26501  2415 4
-383.284  0.286232  552 6
-133.876  0.362637  364 4
17.784  0.138889  144 6
-147.624  0.349144  759 4
-246.672  0.22467  227 6
58  0.36582  2165 4
14.032  0.254144  181 6
277.64  0.196078  153 6
66.564  0.353315  1101 4
58  0.254098  2318 4
62.372  0.347649  1723 4
68.472  0.363762  723 4
-280.468  0.298182  275 6
13.452  0.170455  176 6
9.64  0.262445  2290 4
16.156  0.134146  164 6
77.592  0.404332  277 4
8.092  0.235577  624 6
72  0.387588  854 6
66  0.367803  851 4
-384.156  0.163743  171 6
-2.78  0.269568  3424 4
-103.404  0.23126  627 6
235.78  0.412817  671 4
13.124  0.247967  246 4
-85.648  0.251469  3404 6
6.188  0.255526  1131 6
61.812  0.392698  1123 6
-390.72  0.191111  225 4
-160.576  0.225  560 4
-81.94  0.285714  1043 4
-387.748  0.292  250 6
-92.972  0.237082  987 6
-24.968  0.205543  433 6
-35.204  0.257189  1843 4
8.968  0.254178  3171 6
140.236  0.371429  1085 6
51  0.218107  243 4
-260.592  0.254157  421 6
14.284  0.307692  299 6
55.952  0.218371  1154 4
93.188  0.175097  257 6
17.076  0.241573  712 6
194.688  0.148148  216 4
87.844  0.339483  271 4
89.532  0.21  200 4
-341.248  0.291667  480 6
10.624  0.0528169  284 4
-366.656  0.371732  1224 6
-329.408  0.238961  385 4
-178.828  0.165414  133 4
-162.064  0.162667  375 6
-252.204  0.246753  231 4
-224.812  0.237705  244 6
237.936  0.207031  512 4
11.752  0.177686  242 4
93.624  0.418312  557 6
-276.86  0.163934  366 6
7.452  0.231032  1173 6
-107.168  0.255881  1743 4
13.064  0.265306  686 4
216.716  0.258065  1798 4
260.452  0.335938  1024 4
69.688  0.265306  686 4
8.908  0.275995  779 4
87.376  0.357298  459 4
-83.78  0.250321  1558 4
15.656  0.258486  383 4
15.032  0.298673  452 4
53.156  0.377907  1376 4
146.656  0.248005  3258 6
280.656  0.235038  919 4
13.188  0.217877  179 4
11.156  0.256024  664 6
14.732  0.287037  324 6
74.936  0.364892  1014 6
241.784  0.278873  710 4
17.124  0.225532  235 4
63.656  0.374517  1295 4
-240.876  0.253709  674 6
54.14  0.366667  1830 6
18.048  0.245059  253 4
244.56  0.335648  432 4
134.808  0.3  410 4
12.596  0.217391  851 4
57.812  0.348551  2278 4
292.248  0.239669  1089 4
-117  0.134752  141 6
51.28  0.393839  909 4
87.528  0.407042  710 6
15.032  0.20398  201 4
14.36  0.192737  358 6
214.968  0.324859  354 6
53.904  0.351863  3220 4
22.112  0.228412  359 4
-0.516  0.255708  3723 4
59.404  0.368395  2025 4
194.8  0.245863  1692 6
-387.344  0.281879  447 4
296.064  0.455882  340 4
62.608  0.353203  2248 4
13.284  0.211009  218 4
-0.688  0.235977  517 4
66.876  0.272464  345 4
11.872  0.251799  278 6
13.436  0.316279  215 4
242.736  0.204503  533 4
73.456  0.371499  1214 6
62.216  0.352041  196 6
-59.032  0.228643  398 4
-196.624  0.245675  1445 4
-221  0.24465  1729 4
11.972  0.279576  1792 6
52.664  0.352887  2182 6
94.736  0.387701  374 6
50.968  0.361417  2908 4
11  0.297602  709 6
97.872  0.433544  316 6
6.252  0.262688  5044 4
177.16  0.261242  467 6
-95.528  0.189591  538 6
88.28  0.344533  1756 4
253.36  0.231387  1867 4
73.5  0.376147  654 6
67.904  0.246535  2020 6
262  0.393777  932 4
230.5  0.353274  1237 6
59.78  0.327789  1022 6
72.952  0.414831  1362 6
143.908  0.198502  267 6
198.752  0.3003  333 6
54.124  0.219814  323 4
137.2  0.359914  464 6
17.44  0.189189  148 6
87.72  0.227929  623 6
8.248  0.231343  804 6
-88.404  0.100775  258 4
12.348  0.228164  561 4
61.472  0.390879  1842 4
-299.44  0.314394  528 4
-225.22  0.291916  668 4
-379.828  0.242028  3669 4
-296.312  0.264045  534 4
-229.5  0.26738  187 6
68.156  0.356766  1138 4
-262.388  0.042328  189 6
-57.188  0.204611  347 4
303.204  0.410359  251 6
45.704  0.16129  124 6
182.172  0.326332  1333 4
-32.096  0.246154  195 6
88.112  0.370675  607 4
-93.284  0.2  210 6
13.504  0.216783  572 6
16.78  0.239669  242 4
14.156  0.224638  414 6
142.08  0.242773  3736 4
92.94  0.419301  601 6
54.5  0.392222  900 4
255.22  0.249344  1143 6
-351.972  0.254446  731 4
57.564  0.48  375 6
52.084  0.32606  4033 6
259.596  0.369439  517 6
5.016  0.230423  1111 6
-107.64  0.270544  1582 4
61.268  0.268868  212 4
240.048  0.25  1772 4
-28.344  0.250368  679 4
11.188  0.284047  257 6
58.86  0.333865  2510 6
74.392  0.358794  995 6
1.248  0.226721  247 4
85.844  0.373004  689 6
13.844  0.152074  217 6
-0.06  0.276923  260 4
-380.752  0.204433  406 4
86.464  0.35376  718 6
15.624  0.346749  323 4
-295.092  0.115152  165 6
280.192  0.204545  396 4
46.828  0.224101  1892 6
56.436  0.36013  2463 6
262.64  0.259314  3409 6
-52.248  0.251969  254 4
-32.672  0.365297  219 6
57.172  0.332505  3221 4
56.124  0.392775  2187 6
-88.688  0.178439  269 4
-0.124  0.258126  523 6
34.904  0.222222  126 6
14.804  0.292754  345 4
260.312  0.368537  909 6
12.252  0.19186  344 6
54.092  0.348184  3277 4
1.032  0.251918  782 4
55.58  0.373102  922 6
10.56  0.269006  513 6
93.016  0.237603  2420 6
295.36  0.247525  1111 6
56  0.431818  440 6
38.528  0.236407  423 4
8.624  0.23069  971 4
19.516  0.242775  173 4
193.456  0.244  3000 6
50.78  0.384956  1130 4
-29.92  0.211268  284 6
183.156  0.260128  469 6
-245.752  0.260745  349 6
73.124  0.381546  1203 4
10.404  0.268585  834 4
-210  0.0220588  136 4
50.344  0.358188  2186 4
289.752  0.045045  111 4
35.78  0.253095  727 4
10.064  0.285533  788 6
12.596  0.289433  653 6
76.984  0.403206  811 6
9.344  0.0539584  16383 6
13.752  0.247059  595 6
-0.168  0  16383 6
-363.656  0.265136  479 6
61.044  0.412288  1237 6
8.5  0.247492  897 4
87.5  0.171779  163 4
17.28  0.0736196  163 4
15.36  0.217391  253 6
15.156  0.187845  181 4
65.516  0.376829  1640 4
8.436  0.238342  386 6
263.688  0.353181  1226 6
12.16  0.266348  627 6
-4.684  0.297753  178 6
-309.032  0.240356  337 4
48.748  0.352044  2886 6
-296.22  0.135593  295 6
16.784  0.302041  245 4
4.048  0.256591  1138 4
-160.564  0.252441  717 6
2.628  0.256889  2141 4
56.184  0.343688  3026 4
281.624  0.32398  392 4
55.612  0.333083  1330 6
293.248  0.258219  1460 4
-360  0.227799  259 4
-266.468  0.32342  269 6
54.624  0.279935  618 4
16.532  0.17052  346 4
-382.156  0.239909  1759 6
15.688  0.227666  347 6
68  0.299191  371 6
65.908  0.360287  977 6
15.284  0.223982  442 4
277.72  0.348384  1794 6
5.876  0.184211  114 6
13.124  0.301527  262 6
14.404  0.170124  241 6
170.628  0.249131  863 4
-308.34  0.252669  843 4
55.216  0.357199  2556 4
252.248  0.246528  288 6
52.216  0.245309  2185 6
13  0.184834  211 6
14.404  0.274112  197 4
74.876  0.387324  710 6
38.372  0.272727  187 4
-81.78  0.240324  1111 6
54.124  0.426103  1678 4
50.108  0.361083  997 6
-16.404  0.208696  345 4
18.312  0.211765  170 4
85  0.418391  435 4
170.312  0.370662  634 6
8.94  0.2414  1657 4
14.5  0.248016  504 4
-342.628  0.223577  246 4
11.028  0.291536  319 6
-308.388  0.17801  191 6
-387.828  0.237776  2086 4
3.876  0.253266  995 6
-101.876  0.22561  164 6
-37.812  0.245487  277 6
16.312  0.239351  1479 6
101.188  0.262987  308 6
-10.156  0.294118  340 6
51.624  0.341957  889 4
58.344  0.257476  2575 6
-262.752  0.268097  746 4
248.268  0.363636  814 6
74.268  0.380914  1226 4
12.192  0.163743  171 6
14.296  0.216049  162 6
-133.888  0.250242  2066 4
69.828  0.240648  802 4
-126.996  0.212871  202 6
-339.892  0.233422  1508 6
-73.128  0.226727  666 6
-177.216  0.301205  166 6
154.528  0.235532  1728 6
56.184  0.369085  2219 4
-369.748  0.260204  392 6
239.688  0.277778  144 6
68.848  0.378559  597 4
15.22  0.288056  427 4
15.904  0.27897  233 6
64.56  0.371038  1830 4
98.5  0.218447  206 6
-257.812  0.244337  1854 6
-170.752  0.218045  266 6
61.608  0.402174  1104 6
-391.06  0.15625  192 4
13.064  0.295082  183 4
-36.888  0.247487  796 6
-304.996  0.246667  150 4
15.564  0.28626  262 6
12.764  0.234211  380 6
94.876  0.244898  196 6
-353.748  0.205263  190 6
-282.904  0.25641  507 6
-243.968  0.249664  745 4
-18.348  0.26971  964 4
-34.468  0.239959  1942 4
304.716  0.132231  242 4
225.064  0.0965517  145 4
7.156  0.253483  2584 4
62.22  0.330766  2597 4
59.716  0.371801  2227 4
86.472  0.360424  283 6
14.172  0.247649  319 6
15.28  0.330097  206 4
16.248  0.283951  243 6
-25.312  0.238677  1965 6
311.464  0.253112  482 4
178.596  0.270718  362 4
-196.44  0.331551  187 6
10.496  0.324895  237 6
187.124  0.324759  311 4
66.704  0.363897  349 4
-239.408  0.253901  705 6
64.316  0.363144  1107 4
67.032  0.305499  491 6
58.748  0.438433  536 6
12.472  0.299197  498 6
-180.372  0.25  716 4
9.984  0.242637  2275 4
55.624  0.418118  574 4
70.832  0.357531  1474 4
53.936  0.320238  3029 6
86.596  0.204878  205 4
-271.748  0.228659  328 4
72.548  0.369806  1444 4
-29.752  0.239892  371 4
12.996  0.222222  216 4
82.028  0.350438  799 4
158.016  0.340528  834 4
51.812  0.374286  2100 4
43  0.246102  898 4
79.136  0.246231  796 4
-137.284  0.245805  1192 4
63.032  0.427536  276 6
61.968  0.408654  416 6
127.264  0.37766  1692 6
-263.472  0.293729  303 6
-3.844  0.242857  210 6
66.532  0.343612  908 6
126.532  0.274621  528 6
92.376  0.375783  479 4
-2.356  0.141844  141 6
109.872  0.295139  288 6
62.5  0.278317  309 4
52.052  0.315557  3394 4
9.128  0.284685  1110 4
7.956  0.263412  1864 4
52.404  0.348383  3123 4
296.404  0.197531  162 6
14.688  0.246032  126 4
163.312  0.385305  558 6
-152.872  0.106145  179 6
11.396  0.235232  948 6
-386.624  0.288462  520 6
175.952  0.379661  590 6
-213.456  0.234418  1813 6
-380.44  0.245747  529 4
-234.472  0.246696  681 6
52.672  0.359649  2166 6
-356.872  0.262923  1567 4
68.34  0.367914  935 6
82.364  0.388321  685 6
11.784  0.196296  270 4
67.344  0.36406  1074 4
80.504  0.36837  1037 4
73.764  0.331984  494 6
9.284  0.250392  1913 6
-63.312  0.216253  726 6
13.436  0.22093  172 6
-208.872  0.239428  1608 6
-318.184  0.179641  167 4
-301.456  0.0916667  120 6
19.312  0.116883  154 6
222.892  0.275261  287 6
-386.156  0.265027  1098 4
75.532  0.352814  462 6
60.16  0.364785  1187 6
-16  0.426901  171 4
218.748  0.182353  170 6
103  0.257009  214 4
33.876  0.270929  1517 4
9.564  0.255814  731 4
14.408  0.319838  247 4
60.608  0.355207  2103 4
6.44  0.270492  244 6
-119.448  0.206897  406 4
121.252  0.224561  285 6
-319  0.262976  578 6
-221.94  0.218182  165 6
10.984  0.262443  1105 6
198.5  0.216069  1282 4
182.112  0.340541  370 6
12.752  0.255088  737 6
56.656  0.361404  2565 6
-272.096  0.301205  332 4
-216.7  0.246753  1078 4
141.952  0.35503  507 6
15.032  0.173333  225 6
55.94  0.230769  143 6
12.028  0.282776  389 6
-322.832  0.23348  454 4
176.28  0.445378  357 6
15.156  0.165919  223 6
-305.716  0.258254  1363 6
-54.76  0.248162  544 4
61.452  0.348565  2648 6
9.124  0.272285  617 6
-167.468  0.234834  511 6
72.968  0.304878  246 6
100.684  0.37251  502 4
-337.936  0.168514  451 4
-31  0.34188  234 6
15.316  0.255376  372 6
64.22  0.351137  2022 4
-59.264  0.224054  1031 6
-238.248  0.244444  495 6
-383.44  0.251208  414 4
288.224  0.325513  341 6
-304.564  0.273632  201 4
16.784  0.189516  248 4
71.592  0.263514  592 6
97.424  0.348066  362 4
70.672  0.362832  1356 4
156.592  0.208852  723 6
53.392  0.344295  2524 4
-325.816  0.301282  312 6
-110.824  0.251732  1299 6
64.424  0.328084  1905 6
69.56  0.231434  579 4
78.6  0.37486  891 4
111.608  0.29771  262 6
71.416  0.293548  310 6
-1.552  0.269159  535 6
-284.936  0.0725806  124 6
-348.064  0.144509  173 6
9.824  0.255682  2112 6
55.848  0.344159  2063 4
55.736  0.227184  515 4
52.808  0.38591  2555 4
74.4  0.272897  535 6
62.28  0.354647  1345 4
14.992  0.269147  457 4
14.92  0.268293  328 6
73.432  0.364372  741 6
86.688  0.262458  301 4
64.504  0.362543  1164 6
50.064  0.349315  4380 4
-69.624  0.00641026  156 6
217.816  0.275362  483 6
59.92  0.375489  1534 4
-20.248  0.295597  159 6
10.152  0.203187  502 6
11.552  0.189791  764 6
19.216  0.190608  362 6
46.152  0.352762  1973 6
15.432  0.19697  198 6
-334.464  0.239175  485 4
9.816  0.236364  275 6
15.928  0.221311  366 4
-4.928  0.266319  1915 6
129.432  0.0413223  121 6
216.736  0.249551  1114 6
12.104  0.237383  1070 4
285.424  0.364566  587 6
14.184  0.190871  482 4
-95.216  0.222586  611 4
263.568  0.233434  664 4
67.84  0.385009  587 6
-56.032  0.264706  680 4
83.648  0.358396  399 6
5.312  0.261594  4679 6
145  0.311475  244 4
-355.592  0.253731  871 6
90.184  0.476395  466 4
175.224  0.239754  488 4
9.128  0.329545  176 6
-213.872  0.214612  219 4
17.432  0.131387  137 4
65.624  0.411765  357 4
-193.984  0.267556  1125 4
2.728  0.259756  3203 4
15.472  0.238095  231 6
-135.232  0.171429  210 4
17  0.123656  186 4
20.464  0.258803  568 6
11.28  0.204188  382 4
203.296  0.268775  253 4
76.744  0.303614  415 6
-382  0.317308  208 4
65.096  0.324818  1370 4
6.752  0.234742  426 4
71.568  0.358773  1271 6
88.84  0.347443  567 6
107.192  0.19685  254 4
16.776  0.272727  176 6
-293.608  0.244713  993 6
305.576  0.353741  294 4
26.936  0.24263  1323 6
308.344  0.2194  866 6
14.904  0.292343  431 6
57.544  0.362121  2339 6
54.328  0.333598  2521 6
-115.808  0.334448  299 6
69.784  0.243009  1037 4
-220.944  0.222222  396 4
54.096  0.290633  3427 6
-270.984  0.344907  432 6
-89.344  0.235417  480 6
62.88  0.36031  902 6
57.888  0.350976  2305 4
-67.144  0.249751  2006 6
64.936  0.359712  834 4
12.664  0.235484  310 6
-3.776  0.256281  796 6
-313.968  0.271704  1244 4
53.968  0.326107  1061 6
300.84  0.232759  348 6
30.248  0.240122  329 6
-6  0.185185  216 6
-49.112  0.256933  1767 4
-17.312  0.256122  1960 6
-121.168  0.257848  4173 6
230.312  0.309696  691 4
-215.2  0.222561  328 6
-113.824  0.255208  2880 6
-243.784  0.287611  226 6
-240.912  0.271066  2243 4
15.504  0.250729  343 4
10.592  0.261297  509 6
11.032  0.38785  428 6
56.536  0.332429  3318 4
216.312  0.206186  194 6
278.92  0.21039  385 6
298  0.177778  135 6
4.944  0.240516  1318 6
-155.192  0.21519  316 6
60.776  0.347826  621 4
66.264  0.393773  1092 6
13.816  0.164894  188 6
-277.472  0.296588  381 4
7.984  0.249898  2445 6
16.544  0.20362  221 4
-311.488  0.225989  354 6
62.456  0.341149  853 4
254.44  0.213873  346 6
200.528  0.241514  766 6
293.84  0.277259  321 4
83.032  0.347732  926 6
13.624  0.185792  183 6
2.72  0.261941  1298 4
-76.328  0.261017  295 6
59.64  0.361418  2172 4
15.76  0.196481  341 4
9.624  0.231498  1689 6
-88.376  0.246499  357 4
67.472  0.33989  1271 6
76.432  0.350035  1417 4
-378.032  0.229193  1562 6
-76.248  0.278805  703 4
-100.512  0.196911  259 4
258.976  0.233512  561 6
-132.32  0.150538  186 6
11.84  0.276896  1134 4
-4.44  0.209615  520 4
16.64  0.109489  137 4
11.816  0.168449  374 6
10.328  0.203018  729 6
-159.904  0.227513  189 6
-17.936  0.141975  162 4
248.648  0.248101  790 6
-56.376  0.16263  289 4
68.592  0.381693  579 4
24.624  0.32398  392 4
69.872  0.395274  931 6
83.752  0.416481  449 6
78.872  0.22619  168 6
66.656  0.388274  904 6
-93.296  0.212658  790 4
15.328  0.274448  317 4
151.368  0.369811  1325 6
-3  0.338164  207 6
287.408  0.243878  980 4
-335  0.266423  274 6
-224.096  0.274194  310 6
61.016  0.395657  1658 6
10.688  0.120301  133 6
285.84  0.262815  1073 4
-227.8  0.273183  798 4
0.968  0.197397  461 6
11.312  0.206463  557 4
-304.936  0.21547  181 6
15.048  0.294118  289 6
-274.032  0.263345  281 4
11.376  0.246154  975 4
60.912  0.359217  1584 6
-179.28  0.195946  148 6
111.44  0.44898  294 6
269.72  0.348502  901 4
62.192  0.382463  1608 6
63.608  0.438017  242 4
59.904  0.36388  1495 4
49.92  0.322422  3666 6
67.592  0.336978  1006 6
12.816  0.258486  383 6
173.968  0.231476  1849 4
-324.496  0.261641  451 4
50.184  0.34715  1544 6
76.096  0.368187  899 6
16.88  0.283019  212 4
-82.064  0.128834  163 6
75.632  0.35851  993 6
-316.112  0.245817  1733 4
8.608  0.215716  1298 4
73.368  0.232456  684 4
246.064  0.230916  524 6
15.56  0.252294  436 4
-208.464  0.249073  2698 6
126.776  0.386482  577 4
252.936  0.239915  471 6
256.328  0.24158  4305 4
50.784  0.354736  2523 6
-377.248  0.232143  336 4
274.496  0.312281  285 4
69.592  0.334581  1336 6
11.624  0.278607  402 4
8.128  0.114094  149 4
63.568  0.313507  807 4
231  0.256333  3000 4
49.592  0.344406  2047 4
274.688  0.252796  447 6
9.296  0.267354  1455 4
-6.76  0.250397  1258 6
103.632  0.263804  163 6
22.752  0.222973  148 6
15.296  0.213992  243 4
58.064  0.364606  2249 6
13.808  0.278539  438 6
-341.056  0.333333  282 4
17.352  0.328947  228 6
70.064  0.294118  221 6
-13.904  0.288321  822 6
186.432  0.258654  15109 6
53.464  0.329117  3716 4
43.344  0.245989  187 4
59.44  0.265649  655 6
14.952  0.242424  462 4
14.088  0.260317  315 6
-165.704  0  16383 6
9.256  0.222951  305 6
9.976  0.212034  1047 6
71.688  0.213058  291 6
-217.216  0.253648  891 6
122.216  0.400602  332 6
18.568  0.294643  224 4
9.464  0.264192  458 6
182  0.24984  1561 4
1.264  0.244048  3192 6
54.592  0.356187  2392 4
52.464  0.373383  2164 4
-34.344  0.364542  502 4
-78  0.230769  299 6
134.944  0.332149  563 6
11.248  0.206897  348 6
64.296  0.399594  986 4
-71.936  0.3  440 6
260.88  0.269837  3365 6
13.032  0.239544  263 4
-209.456  0.257695  2534 4
18.504  0.223684  152 6
-268.216  0.292237  219 4
144.248  0.251938  774 4
71.152  0.364265  1013 4
-45.872  0.108974  156 6
-78.064  0.422303  547 6
20.824  0.255228  1626 6
-361.496  0.163636  165 6
53.704  0.365546  2380 6
12.088  0.254464  224 6
67  0.251326  943 4
-326.48  0.25772  1684 4
-278.192  0.196532  519 6
62.328  0.348183  1706 4
-4.832  0.0591716  169 6
6.688  0.249549  4989 6
92.496  0.340344  523 4
88.064  0.195804  143 6
53.28  0.349704  1181 6
-141.064  0.032  125 6
-261.72  0.239777  538 6
-367.904  0.280943  509 6
-139.736  0.239709  2065 6
11.624  0.189873  158 6
248.128  0.362934  259 6
-223.568  0.191617  334 6
-203.872  0  16383 6
-316.488  0.255121  1074 6
15.504  0.361702  188 6
-385.28  0.220676  1006 6
71.024  0.336245  1145 4
101.808  0.237097  1240 4
70.088  0.261484  849 4
164.808  0.235669  314 6
68.624  0.371191  1444 4
49.952  0.342953  3569 4
-127.528  0.253176  1102 6
199.376  0.260417  192 6
57.176  0.347927  2147 6
86.488  0.376662  677 6
59.984  0.33617  705 6
106.096  0.258706  1407 4
-186.984  0.221636  379 4
-224.224  0.207944  428 4
64.688  0.259091  880 4
-311.568  0.280977  573 6
68.48  0.358678  1210 4
18.968  0.217082  562 4
70.912  0.268182  880 4
55.224  0.331499  2362 6
-0.432  0.219608  255 4
-354.048  0.257732  291 6
-49.816  0.217009  682 4
166.72  0.225989  177 6
-77.936  0.226988  1119 6
67.592  0.227811  338 6
15.4  0.191176  136 4
-144.088  0.237864  412 4
-319.496  0.182156  269 4
14.608  0.258104  1635 4
-181.816  0.288043  184 6
13.376  0.200647  309 6
54.184  0.392015  551 4
-33.688  0.257688  943 4
58.856  0.368243  1480 6
112.968  0.410596  453 4
194.472  0.375532  940 6
9.312  0.249648  1422 6
238.72  0.278689  183 6
232.68  0.24105  419 4
-264.144  0.239855  1380 4
142.216  0.348747  1795 4
9.968  0.247339  2349 4
80.12  0.354415  838 6
-283.376  0.124528  265 4
55.472  0.365695  2606 4
14.248  0.287823  271 4
-29.656  0.255155  388 4
69.472  0.350457  876 4
13.744  0.27789  493 4
-319.12  0.254121  2912 4
12.128  0.20743  323 4
79.36  0.265197  2994 4
224.688  0.379947  379 6
267.184  0.252125  353 4
13.12  0.196217  423 4
64.624  0.352723  808 4
52.44  0.340796  2412 6
-325.096  0.247947  609 4
-23.064  0.221998  991 6
17.592  0.195652  138 4
-338.36  0.261261  1554 4
31.752  0.157258  248 4
-382.44  0.333333  180 6
8.368  0.195266  338 6
72.176  0.349593  1230 6
14.216  0.228205  390 6
-300.344  0.187166  187 6
16.048  0.195652  276 4
-6.24  0.269415  1674 6
79.968  0.362416  447 6
-154.848  0.246305  1218 4
51.584  0.390421  1378 6
-164.656  0.0980392  153 4
9.608  0.221736  1371 4
8.624  0.202765  217 6
-62.888  0.243056  2016 6
-212.4  0.240822  1362 6
6.712  0.254297  5934 6
-80.128  0.238739  222 6
54.904  0.302395  334 4
56.256  0.376224  2246 4
12.872  0.203046  197 6
-376.536  0.290503  358 4
14.28  0.240586  478 4
-10.28  0.223301  309 6
14.344  0.204545  484 4
213.376  0.257513  1697 4
57.688  0.36976  2004 6
183.6  0.229075  227 6
69.536  0.354354  333 6
-280.656  0.253623  690 4
55.584  0.366022  2325 4
-188.44  0.200573  349 6
-242.064  0.229665  209 6
10.4  0.252424  3094 4
-78.2  0.162896  221 6
-194.152  0.225806  155 4
57.56  0.312068  1301 6
13.92  0.279152  283 6
232.376  0.257812  896 6
16.32  0.276042  192 6
-252.296  0.209581  835 6
15.528  0.230769  260 4
-361.984  0.253264  383 6
-242.248  0.163462  208 4
133.112  0.262646  514 6
11.856  0.251559  962 6
-219.816  0.255208  192 4
-66.784  0.288066  243 4
18.032  0.25641  429 6
50.984  0.354215  2171 4
153.096  0.317276  602 4
14.424  0.313808  239 6
72.36  0.402754  581 6
-198.832  0.269091  275 4
51.808  0.356096  3412 4
178.504  0.241758  273 4
13.424  0.249004  502 4
260.344  0.346847  222 6
51.408  0.354597  3339 4
14.8  0.181435  237 4
-288.376  0.212355  259 4
55.36  0.380342  702 6
13.216  0.12  200 4
134.392  0.213134  868 4
13.712  0.236398  533 6
71.024  0.359098  1242 4
53.248  0.344871  3207 4
21.704  0.156716  134 4
22.096  0.188925  307 6
40.032  0.241325  1902 4
-294.656  0.287462  327 4
72.128  0.36194  268 4
-364.184  0.109677  155 4
15.4  0.18315  273 4
92.528  0.396581  585 4
11.752  0.245296  1488 4
64.184  0.389437  1420 6
-10.624  0.237209  1720 6
129.864  0.229117  419 4
-77.312  0.262003  1458 6
11.328  0.267253  1478 4
171.736  0.233046  16383 6
-119.904  0.255319  188 4
64.128  0.364092  997 6
297.528  0.243697  238 4
68.968  0.36485  899 4
108.408  0.317992  239 6
134.656  0.233888  962 6
14.592  0.311065  479 6
9.312  0.245993  1622 6
245.968  0.259259  324 6
-361.872  0.311037  299 6
13.88  0.219048  210 4
70.752  0.380105  955 4
239.296  0.418605  430 4
73.568  0.395604  819 6
1.904  0.182109  313 4
62.984  0.374907  1339 6
51.768  0.33713  2195 4
-143.248  0.292605  311 4
12.816  0.107296  233 4
59.496  0.355739  1934 4
287.12  0.246002  813 4
14.296  0.198068  207 4
13.096  0.223114  623 6
-307.408  0.26087  276 4
4.656  0.292431  872 4
279.016  0.220077  259 6
-101.096  0.272615  807 6
8.024  0.258967  14720 6
238.088  0.33526  346 4
-341.688  0.293878  490 4
62.952  0.396932  1043 4
14  0.147436  156 4
61.152  0.394393  535 4
-11.752  0.2257  607 6
38.264  0.242599  1216 6
98.624  0.231707  328 6
-91.736  0.226688  622 6
-189.216  0.376274  1374 4
35.504  0.210526  114 6
54.568  0.300395  506 4
150.816  0.38484  343 6
-161.032  0.283951  486 4
73.16  0.400662  302 6
12  0.162338  154 4
296.44  0.235862  1450 6
309.376  0.578692  826 6
-313.168  0.226286  875 4
9.968  0.28418  1024 6
83.624  0.372  250 6
-248.816  0.218905  402 4
239.704  0.258698  4024 4
81.936  0.425899  695 6
-183.816  0.257539  2089 4
11.592  0.233859  697 4
4.088  0.257228  5396 6
14.904  0.211581  449 4
-27.92  0.247694  759 4
258.968  0.348074  701 6
65.64  0.353522  1519 6
-272.984  0.239796  196 6
-348.872  0.220472  254 6
63.064  0.30695  518 6
0.608  0.260043  12521 4
14.752  0.272727  253 6
11.368  0.229885  174 6
52.712  0.376786  1680 4
63.808  0.117117  222 4
-1.344  0.265589  433 6
9.288  0.230444  946 4
-277.248  0.260126  1111 6
273.784  0.199074  216 4
80.512  0.379418  962 4
65.504  0.375986  1141 6
-343.568  0.263598  239 6
52.696  0.343762  2621 4
10.448  0.253872  1485 4
-371.904  0.229299  471 4
111.504  0.250366  683 4
77.128  0.412162  592 6
13.12  0.222672  247 4
59.624  0.365985  929 6
93.232  0.333945  545 4
10.216  0.24287  1087 4
10.44  0.261708  6171 4
172.344  0.25  244 6
