7.501  0.19697  132 6
2.812  0.253497  572 6
13.438  0.254167  480 4
-246.969  0.232283  508 6
289.156  0.300813  246 6
11.218  0.271676  519 4
9.065  0.202797  143 6
-226.796  0.0294118  102 6
-320.094  0.250164  1527 4
-304.249  0.239808  1251 6
-263.501  0.228353  1178 6
-255.501  0.186885  305 6
13.094  0.290141  355 6
204.344  0.350195  257 4
-244.156  0.152941  170 6
14.36  0.173709  426 4
51.907  0.216425  1035 4
139.188  0.131455  213 4
11.266  0.244318  1760 6
243.188  0.259427  663 6
-28.814  0.263285  1242 4
54.47  0.360825  2134 4
-386.188  0.147059  136 6
-277.499  0.180451  266 4
19.905  0.15122  205 4
238.346  0.391101  1281 6
160.751  0.391156  294 6
28.593  0.278788  165 4
263.313  0.247368  190 4
-192.015  0.239721  1435 6
53.375  0.36736  1587 4
78.094  0.368902  328 6
10.686  0.218919  370 4
-83.125  0.367647  272 6
-241.25  0.208531  422 4
4.976  0.248785  6998 6
7.687  0.250653  1915 6
-16.736  0.381443  679 6
14.562  0.3  330 4
-119.97  0.206406  281 4
22.125  0.26087  368 6
62.298  0.358224  2049 4
55.828  0.354902  510 6
-138.188  0.226162  1269 6
69.689  0.36342  842 6
54.5  0.347426  1088 4
81.438  0.384232  1205 4
-5.436  0.273343  14619 6
-255.531  0.248244  427 4
72.189  0.385696  783 4
68.718  0.420968  620 6
67.829  0.316742  221 4
11.093  0.258621  580 6
8.719  0.272535  2840 6
5.61  0.25243  3292 4
14.906  0.216263  578 4
-56.641  0.25  3712 4
13.439  0.256637  226 6
51.314  0.342173  3092 6
63.53  0.230101  691 4
-47.752  0.0137337  16383 4
-370.939  0.23445  209 4
-150.375  0.279891  368 6
63.969  0.355695  1431 6
299.735  0.361027  662 4
-170.281  0.219008  726 6
81.499  0.386014  715 4
53.578  0.329951  2661 6
-272.641  0.261644  2190 4
-311.373  0.2526  673 6
33.878  0.241176  170 6
28.218  0.208333  216 6
-114.719  0.216867  332 6
158.218  0.194991  559 6
-258.234  0.254355  1722 6
-377.501  0.284768  302 4
-182.97  0.26378  762 6
309.719  0.288462  208 6
53.486  0.355978  2208 4
124.499  0.396825  882 6
186.796  0.431412  503 4
121.766  0.353391  1047 6
55.485  0.352004  1821 6
60.094  0.388753  1227 6
0.625  0.251142  219 4
90.594  0.257895  380 4
13.344  0.21547  362 6
16  0.267559  299 4
-44.564  0.211288  691 4
6.062  0.263488  7006 4
-269.031  0.248544  515 4
136.89  0.241328  2681 4
78.314  0.373637  1009 6
12.531  0.210801  574 4
16.296  0.297189  249 4
-182.782  0.242291  908 4
-226.391  0.218421  380 6
-135.063  0.237822  349 6
-115.062  0.44058  345 6
99.906  0.395973  298 4
10.406  0.284663  815 4
11.905  0.24019  841 4
156.125  0.333333  351 6
7.547  0.260648  2160 6
12.812  0.182203  236 4
219.767  0.334646  254 4
4.75  0.254053  4873 4
260.251  0.322581  341 6
-199.279  0.245711  1632 6
-338.874  0.233221  596 6
53.594  0.369083  2387 6
56.937  0.351057  1655 4
9.812  0.254717  636 6
293.783  0.253846  390 6
7.53  0.253251  4229 6
12.782  0.18107  243 6
95.313  0.334495  287 6
-141.063  0.231023  303 6
-318.28  0.295567  203 4
124.875  0.36036  222 4
14.797  0.230321  343 4
101.938  0.383754  357 4
-20.624  0.259786  562 6
-137.314  0.252226  337 6
12.75  0.189655  232 6
-87.689  0.236988  903 4
8.779  0.206857  875 4
186.315  0.340675  681 6
14.765  0.270492  488 4
53.186  0.343992  4003 4
175.422  0.256637  565 6
6.378  0.153509  456 6
-1.688  0.211656  326 6
34.125  0.149091  275 6
108.11  0.340909  748 6
179.717  0.372591  467 4
60.923  0.373211  1747 4
-327.726  0.246751  6772 6
-279.624  0.278049  205 4
-246.093  0.230404  421 6
7.968  0.25289  3460 4
152.717  0.235765  1124 4
6  0.244152  684 6
15.187  0.210938  256 6
-178.251  0.300448  223 4
-241.029  0.305882  170 6
77.687  0.258687  518 6
296.437  0.318627  204 6
52.5  0.342282  2980 4
62.781  0.278652  445 6
14.092  0.276025  634 4
57.907  0.406491  647 6
229.28  0.433915  401 6
65.874  0.369048  504 4
-167.703  0.257463  2144 6
48.173  0.0258065  155 4
-68.969  0.268331  1282 6
224.968  0.436578  678 6
-390.375  0.286096  1496 6
-187.22  0.240578  1592 6
72.968  0.402359  763 6
13.686  0.247899  238 6
-53.438  0.237261  628 4
21.97  0.236948  249 4
-101.687  0.167539  191 6
-133.188  0.217441  883 4
303.906  0.254528  2098 4
310.657  0.355336  909 6
68.921  0.374031  516 6
48.219  0.220183  436 4
103.093  0.385675  363 4
-386.814  0.257489  1402 6
-130.593  0.172012  343 4
61.031  0.363704  1350 6
-80.968  0.150235  213 6
-179.844  0.149826  287 4
11.875  0.185771  253 6
-181.907  0.247934  847 4
72.735  0.365414  665 6
36.953  0.294906  373 6
-15.14  0.326969  419 4
-332.124  0.180905  199 4
-123.75  0.179245  212 4
141.952  0.257549  2252 4
65.437  0.342929  799 4
188.202  0.198795  166 6
88.5  0.348921  278 4
115.468  0.267857  1904 6
54.124  0.372563  1385 6
104.578  0.256043  2234 4
55.28  0.342657  2288 6
-380.874  0.347328  262 4
10.906  0.260931  1418 4
-71.814  0.228662  1570 6
-295.186  0.25897  641 4
20.626  0.259464  1083 4
58.312  0.350877  285 6
105.062  0.251572  318 6
255.22  0.356502  446 6
17.688  0.255814  172 4
111.216  0.258333  720 6
-3.594  0.25261  1916 6
61.5  0.351687  2579 4
142.814  0.265517  290 4
127.25  0.175097  514 4
194.627  0.231928  332 6
213.406  0.298561  278 6
82.499  0.330189  530 4
-140.781  0.246862  239 6
-392.218  0.162162  185 6
76.093  0.406151  943 4
-101.048  0.142465  16383 4
219.378  0.343115  443 4
67  0.348908  1648 4
-300.14  0.251244  1608 4
69.842  0.347656  256 6
4.093  0.261711  5166 6
55.171  0.238447  2164 6
306.999  0.248489  1654 4
263.999  0.193182  176 6
124.407  0.228571  1015 4
202.375  0.254032  496 6
15.407  0.228571  210 6
106.373  0.237348  2549 4
83.453  0.235417  480 6
14.436  0.225118  422 6
66.548  0.310219  274 4
157.406  0.366359  868 6
311.89  0.214058  313 4
290.093  0.254491  1336 4
157.251  0.293103  754 6
-247.625  0.144928  138 6
55.264  0.361446  2822 4
-231.469  0.224377  361 4
-251.281  0.241304  460 6
8.125  0.198556  277 4
79.89  0.254064  1661 4
13.062  0.14218  211 4
155.61  0.333333  303 6
-294.126  0.291237  776 6
9.188  0.240249  1769 4
183.251  0.376577  555 4
-143.562  0.161137  211 4
-86.094  0.25585  641 4
-272.685  0.152866  157 6
222.532  0.208999  689 4
-242.655  0.231013  948 6
-196.436  0.254839  310 6
52.468  0.230146  1234 4
55.046  0.335248  2786 4
-196.015  0.213552  487 4
9.484  0.258645  3499 6
60.845  0.350446  896 6
187.531  0.351852  324 4
16.063  0.216138  347 4
72.235  0.34578  1339 6
-349.094  0.192825  446 6
217.516  0.0963855  166 4
-160.783  0.297143  175 6
267.469  0.269014  710 6
56.266  0.417101  959 6
-318.999  0.321101  218 6
54.422  0.364881  2557 4
7.187  0.225397  630 6
67.187  0.352642  1571 4
15.374  0.25  296 4
20.155  0.0540541  148 4
169.845  0.227926  487 4
5.064  0.16875  160 4
54.47  0.288809  277 6
-183.999  0.23741  973 4
78.657  0.387952  415 6
51.688  0.344743  2863 4
-231.047  0.246984  1575 4
-385.125  0.262145  1091 4
11.843  0.189944  716 4
-4.594  0.250963  1817 6
86.595  0.257271  2888 4
17.453  0.295615  1414 6
17.44  0.164557  158 6
12.923  0.257926  1167 4
52.781  0.247144  963 6
-293.75  0.306034  232 6
37.814  0.182353  170 4
145.829  0.432268  657 6
10.047  0.266055  1417 4
9.298  0.240077  1562 6
9.656  0.248675  2642 4
181.391  0.342975  484 6
-247.688  0.23748  619 6
60.516  0.403599  389 4
7.343  0.235673  1396 4
3.532  0.252321  1185 6
-0.814  0.155405  148 6
-128.672  0.261841  2238 6
20.124  0.109489  137 4
304.315  0.228591  1483 4
69.029  0.386928  1530 6
64.125  0.368116  345 4
85.345  0.278431  255 6
104.219  0.385417  384 6
15.22  0.161137  211 6
16.439  0.252874  174 6
56.578  0.369624  1837 6
229.876  0.193227  502 4
264.906  0.260729  1235 4
11.296  0.255369  1723 4
186.125  0.129338  317 4
-128.31  0.26699  206 6
12.251  0.291291  333 6
-334.374  0.223464  716 4
12.889  0.279822  897 6
172.315  0.242084  979 6
17.968  0.215962  213 4
13.562  0.179894  189 4
-395.375  0.260788  533 4
13.407  0.229846  583 6
-154.156  0.261368  2793 6
-198.125  0.222922  794 6
14.063  0.235431  429 4
-235.626  0.26608  1477 4
-367.124  0.23126  627 4
32.78  0.267606  1491 6
-222.938  0.262774  274 4
-110.702  0.290123  162 4
16.281  0.244957  347 4
184.75  0.251198  2922 6
137.031  0.254237  708 4
11.593  0.25567  485 4
220.266  0.416901  710 6
-380.171  0.242321  586 4
65.592  0.371491  1817 4
-234.688  0.261838  718 4
-345.937  0.0636364  110 4
16.156  0.175966  233 6
119.875  0.230942  446 4
13.563  0.289823  452 4
11.953  0.241505  1913 6
10.219  0.240233  1203 4
251.501  0.264493  828 6
53.828  0.325812  1817 6
63.016  0.345826  587 4
4.594  0  16383 6
13.75  0.337386  329 6
156.186  0.413625  822 4
54.064  0.389952  2926 4
16.061  0.253968  315 6
55.718  0.371723  3013 4
-250.125  0.245564  2818 4
50.201  0.335668  1713 4
12.28  0.241135  423 6
-234.296  0.233514  1850 4
-239.937  0.253968  504 6
58.422  0.349008  2318 4
-81.468  0.246795  624 4
120.064  0.472924  277 4
88.89  0.384473  541 6
8.718  0.307517  439 6
-110.501  0.213904  187 4
13.14  0.264113  496 6
6.966  0.261628  2064 4
-250.313  0.204741  928 4
-279  0.233463  257 4
-313.124  0.177122  542 6
30.532  0.202073  193 4
-242.374  0.264447  1021 6
82.437  0.38961  616 4
75.941  0.327645  879 4
-5.344  0.225108  231 6
-0.252  0.25  836 4
-0.499  0.258671  692 6
70.187  0.371981  1242 6
32.094  0.257143  2520 4
-211.156  0.333333  186 6
282.563  0.380334  539 4
14.687  0.212014  283 4
15.876  0.317204  186 6
-165.188  0.259259  351 6
-47.625  0.237522  581 6
17.814  0.253074  1545 6
-139.656  0.219512  369 6
206.313  0.204461  269 6
-60.125  0.286648  1071 4
73.939  0.389193  1277 6
9.03  0.262404  1814 6
280.828  0.410256  312 6
21.687  0.283069  378 6
209.313  0.451991  427 4
-218.655  0.233042  914 4
12.28  0.254464  224 6
173.03  0.225743  505 4
55.828  0.34697  1980 6
307.422  0.244565  736 4
70  0.358599  1570 6
107.061  0.252185  801 6
11.561  0.213333  300 4
201.001  0.182336  351 4
269.155  0.236301  584 4
-85.5  0.221757  239 6
10.811  0.256364  550 6
-358.878  0.266376  229 4
316.97  0.120805  298 6
162.531  0.341709  597 4
55.124  0.368146  383 4
266.718  0.376984  252 6
13.157  0.169399  183 6
-342.189  0.281385  231 4
52.187  0.352189  2033 4
-260.218  0.236994  173 6
-12.344  0.232945  601 6
-40.016  0.247478  1487 4
220.984  0.227273  220 4
64.844  0.349415  684 6
22.093  0.252015  1365 4
-221.265  0.233309  1363 4
-204.905  0.255673  661 6
74.407  0.236364  165 4
98.157  0.340058  347 6
-3.359  0.255068  15094 6
-342.563  0.225741  1484 6
-152.782  0.235  1000 6
10.469  0.244916  3442 4
-234  0.254597  1414 6
11  0.267016  191 6
-218.657  0.229314  846 6
-99.469  0.242938  177 4
74.718  0.258514  646 6
-193.407  0.206019  432 4
136.374  0.25  536 6
58.89  0.363636  1408 4
-185.686  0.237288  472 4
14.423  0.270677  532 4
87.782  0.360092  436 4
-0.781  0.255906  508 4
10.969  0.31044  364 4
10.83  0.244695  2309 4
56.093  0.295082  305 6
-194.47  0.264365  15176 6
17.25  0.253333  225 4
102.907  0.241142  2032 4
-341.688  0.291304  920 4
71.453  0.394056  1043 6
-384.797  0.341949  2360 6
-242.375  0.231618  544 4
62.313  0.357143  1764 6
97.141  0.256379  1646 6
239.346  0.402397  584 4
-247.391  0.231685  1092 4
11.376  0.316923  325 4
54.767  0.352171  1681 6
11.625  0.190476  168 6
-319.532  0.271327  844 4
-120.373  0.257511  233 4
-223.063  0.272637  2021 6
73.017  0.350794  1260 6
66.141  0.346375  1917 4
67.25  0.355834  1037 4
-314.438  0.0614525  179 4
-2.811  0.218182  220 4
-104.967  0.276644  441 6
-324.859  0.275591  254 6
-153.844  0.157895  380 4
-3.297  0.262712  236 6
-185.781  0.196141  311 6
80.658  0.402685  745 4
119.158  0.156425  179 6
72.752  0.355638  807 4
-305.22  0.258268  635 6
133.563  0.134615  156 4
9.875  0.245486  2049 6
123.469  0.265734  1001 4
230.219  0.261043  5026 6
11.499  0.258145  399 4
-250.877  0.260714  280 6
80.531  0.340686  408 6
-333.969  0.257644  1995 6
-33.281  0.269231  832 4
-100.766  0.228718  975 6
10.297  0.194667  1500 4
139.062  0.362191  1132 4
16.313  0.333333  204 4
-186.312  0.200409  489 4
-342.219  0.236111  216 6
60.454  0.399076  649 4
270.093  0.255585  1522 4
70.119  0.321637  513 4
-170.936  0.250501  499 4
-27.969  0.230659  698 6
13.906  0.246154  650 4
-333.672  0.237677  1481 6
60.249  0.356881  2180 6
2.232  0.2703  899 6
54.438  0.357447  1645 4
225.563  0.164634  328 4
74.813  0.372428  972 4
-89.234  0.24701  1923 4
125.906  0.264151  424 4
81.71  0.244157  2781 6
-389.47  0.244604  556 6
-22.625  0  16383 4
11.578  0.185714  210 4
9.657  0.199422  346 6
-155.875  0.205  200 6
214.359  0.363392  1486 4
58.514  0.375  1264 6
-5.281  0.25812  1755 6
13.189  0.205  600 4
-184.126  0.236136  559 6
-6.25  0.0960452  177 6
193.218  0.312217  221 6
88.719  0.326266  849 4
21.375  0.175966  233 6
15.343  0.27685  419 4
-139.305  0.253551  3731 6
-72.515  0.276596  423 4
273.686  0.290698  258 6
-342.687  0.294606  241 6
56.954  0.370189  3066 4
296.126  0.34  300 6
-147.063  0.139896  193 6
58.655  0.385422  2099 4
-134.747  0.233871  992 4
227.812  0.258555  263 4
159.094  0.24491  1768 6
-209.64  0.164251  207 4
58.485  0.396934  1761 4
58.421  0.38796  299 4
148.251  0.0714286  182 4
125.156  0.352941  238 6
-29.751  0.258621  290 4
5.532  0.273834  3367 6
54.03  0.373603  1432 6
195.533  0.0361446  166 6
54.469  0.339889  3051 6
62.685  0.375296  1692 6
-235.469  0.254618  1245 6
-20.702  0.319583  4509 6
231.672  0.190698  215 4
-192.717  0.108911  202 4
11.532  0.241735  2813 6
59.625  0.363443  1882 4
17.766  0.137405  131 4
14.672  0.195572  271 6
-82  0.287582  459 4
15.657  0.254545  165 6
-19.868  0.234146  205 4
76.656  0.375  824 4
66.954  0.365035  715 6
297.093  0.283276  293 6
6.094  0.254717  636 4
13.717  0.2  525 4
90.25  0.0727273  220 4
92.657  0.376289  582 4
-119.125  0.247525  202 6
11.407  0.250467  535 6
82.172  0.355305  622 4
68.984  0.351375  1127 4
-142.218  0.140468  299 4
7.094  0.261164  2508 6
-258.546  0.357745  1898 6
26.391  0.240234  1024 4
31.247  0.206215  354 6
50.375  0.359242  2110 4
13.517  0.253049  656 4
11.657  0.292683  328 6
10.312  0.254853  2009 4
-206.75  0.238281  256 6
15.437  0.215054  279 4
55.344  0.377722  1975 6
45.185  0.185185  189 6
131.828  0.0803213  249 6
67.563  0.372796  794 4
72.812  0.128205  156 6
63.001  0.39292  1695 6
-381.109  0.257515  998 6
113.658  0.233251  403 6
-337.156  0.258212  1096 6
11.343  0.270588  765 6
64.155  0.418744  1003 4
-130.734  0.258182  1375 6
11.563  0.291262  206 4
9.969  0.251688  1037 6
69.218  0.419512  410 6
-289.187  0.220361  776 6
104.328  0.211823  203 6
76.593  0.400242  827 4
312.625  0.197605  167 6
13.844  0.227364  497 6
-1.405  0.24159  981 4
15.078  0.239035  912 4
92.125  0.396181  419 6
8.11  0.249099  2220 4
286.157  0.347826  184 6
70.999  0.342287  1303 4
12.469  0.275434  403 6
-312.5  0.270968  155 6
117.484  0.210468  898 4
-169.518  0.238933  1875 6
258.812  0.408791  455 6
84.75  0.387906  1356 6
3.75  0.144144  111 4
11.751  0.310219  274 6
-351.184  0.267442  258 4
61.657  0.350109  1371 4
59.36  0.361741  1631 4
283.751  0.389744  195 6
-338.064  0.263533  702 4
16.001  0.205263  190 6
228.688  0.252197  3073 4
6.374  0.254151  10840 6
11.561  0.275862  551 6
-213.937  0.246991  1745 6
-3.741  0.24552  5246 6
232.031  0.269978  463 6
-0.407  0  16383 6
11.44  0.220134  745 4
-201.127  0.203704  324 4
64.548  0.380497  1046 6
-186.329  0.0933852  257 4
272.499  0.345238  420 4
241.937  0.248  500 6
-281.296  0.24359  234 4
10.186  0.23415  1183 6
13.594  0.0895522  134 6
-319.501  0.19598  199 6
58.313  0.390501  758 6
-96.251  0.417143  175 6
10.126  0.250401  623 6
238.594  0.209765  553 4
10.049  0.244156  770 6
-223.842  0.0380952  105 4
13.987  0.232727  275 6
16.141  0.254396  8019 6
52.438  0.337798  2688 6
-3.906  0.256836  1024 4
293.813  0.239796  588 4
68.5  0.376611  1086 6
-34.78  0.271825  504 4
-375.938  0.296443  253 6
-295.75  0.168539  178 4
113.251  0.318  1000 6
-4.782  0.25  1296 6
103.719  0.2657  2070 4
220.468  0.396867  383 4
225.469  0.254806  2237 4
148.72  0.28169  142 4
13.001  0.240437  549 6
17.437  0.254545  220 6
210.281  0.231834  578 6
-321.094  0.203187  251 4
19.421  0.111801  161 4
11.845  0.24802  1641 4
10.032  0.256773  1624 6
59.842  0.331606  2316 4
3.341  0.246542  1663 4
-197.532  0.241935  310 6
11.454  0.266129  1612 4
219.719  0.217822  202 6
-77.28  0.2375  720 6
52.405  0.338328  2536 4
64.843  0.437659  393 6
9.171  0.248473  2129 6
10.999  0.223757  724 6
64.749  0.378182  550 4
32.344  0.235632  1566 4
193.75  0.265162  709 6
61.25  0.377143  700 4
50  0.355167  1771 6
-328.046  0.183908  174 6
15.842  0.248588  354 4
-28.344  0.223364  1849 6
-345.752  0.309322  236 6
193.686  0.236364  1210 4
11.688  0.148718  195 6
-201.42  0.201166  343 4
8.654  0.248577  527 6
-285.092  0.242081  884 4
55.172  0.241801  3110 4
11.158  0.239382  259 4
115.406  0.363296  267 4
-217.28  0.221951  410 4
66.438  0.450763  721 6
19.128  0.26776  183 4
14.626  0.215909  352 4
132.184  0.3391  867 6
-155.874  0.119497  159 4
13.908  0.242144  541 6
-25.376  0.150289  173 4
-81  0.262095  1881 6
53.61  0.349323  2585 6
5.908  0.259044  2405 6
127.014  0.372959  1531 6
15.424  0.235632  174 4
-291.232  0.229358  1744 4
57.532  0.376556  1928 4
-27.686  0.151125  311 4
58.688  0.39498  757 4
-165.002  0.291845  233 6
236.374  0.243268  2191 6
13.766  0.24374  599 4
87.61  0.39779  362 4
0.36  0.248197  1664 6
-126.388  0.366305  2214 4
10.564  0.174312  218 6
-339.72  0.0289855  138 6
83.484  0.370126  1667 4
-77.404  0  106 4
179.5  0.264214  299 4
58.64  0.28115  313 4
75.232  0.387996  933 4
11.266  0.252507  1097 6
11.548  0.243132  728 4
194.2  0.333032  1105 6
138.782  0.256933  2993 6
55.064  0.328189  972 6
10.124  0.23951  1144 6
76.406  0.439446  578 6
17.624  0.288809  277 6
13.752  0.243461  497 6
-273.044  0.244326  5419 4
-65.998  0.193634  377 6
-302.532  0.259955  1331 4
-125.64  0.254887  3939 4
12.904  0.219608  255 4
61.204  0.350202  2233 4
-96.808  0.140328  16383 6
36.968  0.330144  209 6
-245.388  0.187845  362 4
21.218  0.229508  671 6
-209.564  0.278388  273 4
6.672  0.24707  1024 6
59.108  0.376587  709 6
78.186  0.376652  908 4
-338.19  0.105556  180 6
58.076  0.348954  2198 4
82.438  0.385514  428 6
-1.498  0.0179641  167 4
15.75  0.261391  417 4
21.202  0.190184  163 4
14.064  0.244444  180 4
68.06  0.351107  994 6
14.438  0.182482  274 6
8.468  0.282334  634 6
68.342  0.237052  502 4
86.578  0.353057  1014 4
184.972  0.331522  184 4
53.218  0.367401  2270 4
-127.846  0.109649  228 6
-220.282  0.206061  825 4
6.346  0.268344  3775 6
-129.28  0.48737  673 6
187.814  0.361257  573 6
-137.032  0.207668  313 6
-104.094  0.235521  259 4
-76.874  0.234854  1337 4
-298.594  0.225806  217 6
8.312  0.235215  2232 6
71.952  0.341693  319 6
56.248  0.368284  1917 4
55.312  0.411946  971 6
57.484  0.288462  884 4
83.704  0.372439  537 4
21.498  0.209302  301 4
59.064  0.328696  1150 4
-69.11  0.303922  408 4
84.358  0.396088  818 6
-35.468  0.257812  512 6
11.624  0.305556  180 4
79.752  0.427574  573 4
12.906  0.263713  474 4
-40.436  0.276923  260 4
13.512  0.241453  468 6
12.048  0.269663  979 4
275.968  0.32438  484 6
71.342  0.361398  1259 4
15.188  0.244526  274 4
-226.86  0.238958  883 6
10.578  0.237991  1832 4
64.406  0.348655  892 6
-302.592  0.239057  594 4
-81.296  0.162651  166 6
-16.172  0.237369  1049 6
-13.248  0.262069  290 4
-137.28  0.258664  1183 4
175.298  0.273849  1216 4
-145.124  0.196296  270 4
11.654  0.241803  244 6
15.344  0.272455  334 4
22.826  0.320574  209 4
53.812  0.419355  961 4
178.376  0.353957  695 6
-38.656  0.251429  350 4
9.466  0.278202  2491 4
68.188  0.34462  1329 4
14.392  0.249097  277 6
-117.876  0.257156  2096 4
67.25  0.369176  558 6
-203.686  0.132979  188 6
58.618  0.34319  2401 4
69.422  0.400463  432 6
-201.188  0.238872  674 6
60.126  0.39577  331 4
8.78  0.247541  4270 4
266.766  0.287719  285 4
-119.766  0.241811  3358 4
-40.314  0.296296  297 4
-238.842  0.401778  1125 6
-88.468  0.275651  653 4
59.064  0.367434  1173 4
56.688  0.362249  1245 4
11.06  0.201005  199 4
-223.236  0.237387  1546 6
60.312  0.379793  1643 6
14.532  0.298507  268 4
13.83  0.259953  427 6
8.31  0.229911  896 6
11.204  0.182377  488 6
-339.78  0.251386  541 6
63.548  0.327586  464 6
264.5  0.262  500 4
13.404  0.279817  218 6
70  0.345499  822 4
202.002  0.214876  363 4
15.594  0.236967  211 6
7.906  0.214953  214 4
-353.498  0.399038  208 6
-325.936  0.21232  763 4
13.86  0.225  440 4
285.5  0.28436  211 4
20.532  0.240506  158 6
14.372  0.302053  341 6
219.5  0.374277  1384 4
266.312  0.444444  423 6
84.156  0.372642  1060 4
-1.128  0.261728  405 6
59.468  0.410072  1251 6
157.592  0.40991  666 6
288.844  0.238532  218 4
104.14  0.334648  1521 4
64.78  0.382979  893 6
11.002  0.236142  902 6
8.356  0.258919  3700 4
53.782  0.323031  2006 4
93.064  0.30163  368 6
8.516  0.268272  11671 6
11.438  0.237315  1892 4
71.844  0.222222  684 4
62.796  0.328366  1946 6
286.282  0.116162  198 4
-378.266  0.244003  1459 6
134.188  0.237544  1124 4
100.954  0.44898  490 6
-331.404  0.253061  245 4
-9.938  0.229748  753 6
-221.782  0.221095  493 4
78.188  0.403704  540 6
35.5  0.183761  234 4
53.408  0.232877  219 4
14.674  0.273764  526 4
11.094  0.247965  1597 4
12.498  0.215926  653 6
108.296  0.350446  448 4
-174.906  0.285714  301 6
175.516  0.278571  1120 4
68.032  0.373102  461 4
109.626  0.187266  267 4
69.61  0.338112  837 4
194.656  0.251928  1167 4
-1.316  0.151351  370 4
-356.752  0.240741  1080 6
62.78  0.219895  191 4
56.842  0.335984  503 6
-134.748  0.256831  183 4
-36.688  0.229592  196 4
-255.688  0.205882  204 4
-99.438  0.232558  172 6
-0.75  0.0902778  144 6
248.794  0.319392  263 6
13.998  0.227106  273 4
33.502  0.175532  188 6
63.906  0.404317  1390 4
-78.234  0.145833  192 6
13.204  0.284746  590 6
53.078  0.323906  2263 4
-3.248  0.170673  416 4
155.438  0.201389  288 4
14.092  0.233333  240 4
61.422  0.486154  325 6
13.002  0.251656  302 4
15.498  0.27673  159 4
249.296  0.393136  641 6
-292.218  0.27027  407 4
50.97  0.410163  1102 4
205.406  0.155172  232 4
62.78  0.258824  595 6
119.486  0.259572  6869 4
-320.672  0.258046  1740 6
15.032  0.181518  303 6
14.14  0.238281  512 4
13.968  0.244231  520 6
55.032  0.363234  2709 4
-278.938  0.286207  290 6
-284.672  0.257436  975 6
16.78  0.28836  378 4
13.752  0.183099  142 6
14.062  0.0674847  163 4
-325.592  0.26678  1177 4
-220.718  0.322314  242 4
-243.312  0.156379  486 4
60.22  0.384103  1950 6
117.252  0.250965  259 4
80.64  0.42094  468 4
65.312  0.382393  1454 4
61.388  0.359151  1743 6
-69.22  0.231618  272 6
11.812  0.0534351  131 4
62.392  0.325512  2003 4
145.344  0.24535  1129 4
-296.624  0.224599  187 6
249.5  0.389744  195 6
-215.876  0.323197  6281 6
53.514  0.236546  1598 6
134.142  0.23959  1561 4
213.454  0.361147  1534 4
15.688  0.25641  234 6
177.72  0.223514  774 6
4.36  0.230047  426 4
-372.108  0.255904  3599 4
79.248  0.413306  496 6
29.03  0.221601  537 4
156.75  0.286957  230 4
12.846  0.235808  229 6
13.5  0.283912  317 4
-179.936  0.239362  188 6
11.78  0.221311  732 6
-2.078  0.240895  1565 4
13.718  0.210526  399 4
133.768  0.0837989  179 4
54.688  0.379845  2451 6
6.858  0.245661  5992 6
303.062  0.278761  226 4
277.812  0.200319  1253 4
155.296  0.266304  368 6
296.532  0.265446  437 4
272.218  0.242009  1314 6
11.766  0.246212  1584 6
122.248  0.284639  664 6
-145.5  0.311049  7494 6
54.562  0.211364  440 4
14.782  0.242958  284 6
169.596  0.395604  273 6
-234.002  0.167247  16383 4
120.282  0.257955  880 6
-22.686  0.216216  185 6
115.5  0.280675  652 6
-143.768  0.230719  1517 4
159.054  0.250909  1100 4
-27.25  0.222552  337 4
56.288  0.345479  2223 4
202.844  0.381859  893 4
109.406  0.357328  1542 4
-68.188  0.233918  342 4
168.874  0.358434  1328 6
-101.44  0.301075  279 6
15.626  0.343434  297 6
81.406  0.346598  779 4
14.5  0.25  508 4
94.248  0.329137  556 6
14.188  0.251559  481 4
14.812  0.156923  325 6
-205.456  0.252955  1269 6
10.422  0.257937  1008 6
11.75  0.232472  271 6
136.438  0.346056  393 6
78.56  0.402802  571 4
72.204  0.344294  1034 4
-277.156  0.235556  900 4
8.032  0.180412  194 4
13.594  0.159341  182 6
69.078  0.334577  804 4
-250.064  0.241888  339 6
66.11  0.357198  1285 6
-4.5  0.136054  147 6
74.424  0.37648  1267 4
67.5  0.162602  246 4
76.282  0.37  1200 6
-383.814  0.257233  1590 4
239.924  0.231456  1793 6
61.686  0.25066  379 6
127.468  0.319149  329 6
-50.436  0.241379  232 4
65.502  0.218543  151 4
-383.046  0.241779  1551 4
-6.268  0.250298  3356 6
-391.512  0.253406  367 6
-232.626  0.245989  374 4
18.298  0.255952  168 6
14.938  0.191489  329 4
13.624  0.243687  792 4
-59.204  0.268542  782 4
-144.108  0.343173  271 4
154.264  0.449315  365 4
6.06  0.255307  5088 6
10.156  0.220222  722 4
-74.562  0.286667  150 4
84.904  0.340872  619 4
-5.782  0.24065  615 4
116.06  0.401361  588 4
136.924  0.379066  1691 4
80.532  0.398026  304 4
53.484  0.324488  3467 4
30.406  0.174419  172 6
225.316  0.229025  882 4
53.032  0.349244  2514 4
314.282  0.2376  1250 4
9.908  0.252083  480 4
237.83  0.354978  231 6
28.718  0.241722  1812 4
-226.594  0.186207  580 6
72.376  0.343115  1329 6
9.75  0.0677083  192 4
11.188  0.286885  488 6
-265.312  0.272099  724 6
27.952  0.267409  718 6
53.236  0.38647  1286 6
15.498  0.183486  218 4
10.938  0.232143  168 6
213.844  0.25567  485 6
-107.158  0.222403  616 6
-132.188  0.249892  2321 6
-176  0.214381  751 4
17.346  0.168478  184 6
-272.342  0.270531  207 4
9.626  0.244648  1308 4
-305.97  0.2  470 4
0.374  0.25984  16083 6
-205.468  0.236246  309 6
-117.75  0.120805  298 4
236.216  0.349486  1362 4
-84.328  0.328321  399 4
-382.688  0.226638  1862 4
314.968  0.319328  238 4
-274.53  0.260199  3309 4
115.188  0.285124  242 4
71.58  0.361165  515 4
-313.812  0.223975  317 4
54.952  0.384736  1913 4
14.594  0.00877193  114 6
14.64  0.281967  305 4
56.626  0.355469  512 6
127.624  0.326613  248 4
71.998  0.386308  818 4
12.594  0.194444  180 6
-247.33  0.23444  964 4
11.72  0.282353  340 4
-104.718  0.234967  898 4
302.344  0.258182  1100 4
-291.096  0.244499  409 6
68.31  0.394238  1423 6
-218.094  0.288401  319 6
205.952  0.246163  3453 6
