-207.031  0.246094  256 4
-220.957  0  16383 6
62.882  0.383529  425 4
-91  0.254588  2125 6
114.939  0.154545  220 4
-232.939  0.220562  1138 6
-312.688  0.260536  261 4
-321.875  0.227545  167 4
10.516  0.241176  1020 6
14.72  0.026178  191 4
109.062  0.2457  814 4
16.656  0.191358  162 4
-222.531  0.220588  204 4
16.796  0.23667  1069 4
7.875  0.224964  689 6
-370.937  0.244505  364 4
81.892  0.365651  361 6
16.282  0.256809  257 4
12.877  0.233038  339 6
50.516  0.355819  1349 6
75.938  0.417021  235 4
71.812  0.381107  614 4
56.437  0.241379  232 4
11.627  0.270115  348 4
11.266  0.268061  526 6
33.657  0.259259  1593 4
-13.218  0.272787  1514 6
255.719  0.372727  330 4
-98.937  0.223343  694 6
284.25  0.370619  1940 4
61.296  0.334624  1291 6
-392.624  0.245524  391 6
-110.251  0.282258  248 6
15.749  0.309249  346 6
-86.375  0.351648  273 4
-62.032  0.247685  432 6
-256.844  0.221443  998 6
-69.14  0.259123  2987 6
15.156  0.221739  230 6
35.375  0.31068  206 6
170.936  0.252551  784 4
9.616  0.249573  5854 4
-383.845  0.381188  202 4
12.03  0.0222222  135 6
-219.343  0.264302  874 4
16.063  0.0411765  170 4
-133.532  0.226601  203 4
14.469  0.247191  267 6
12.124  0.226027  146 6
202.827  0.284916  358 4
-88.907  0.260692  491 6
-31.751  0.15122  205 6
-127.718  0.260081  496 4
6.264  0.263085  5063 6
16.906  0.304054  148 6
77.658  0.439716  564 6
209.782  0.39604  606 4
57.343  0.385841  565 4
16.125  0.264182  617 4
60.531  0.36368  2076 6
37.283  0.243902  615 4
-101.501  0.250896  279 4
182.03  0.371875  320 6
128.592  0.312757  243 4
78.954  0.3329  2307 4
23.376  0.298611  288 6
9.905  0.142857  329 4
87.907  0.248474  1147 4
99.595  0.354369  206 6
44.937  0.259729  1105 6
22  0.246429  280 6
-22.047  0.219008  1452 4
3.282  0.224219  1280 6
309.187  0.253968  189 6
12.594  0.22973  222 4
306.281  0.243968  373 6
15.906  0.246269  268 4
13.093  0.247788  678 6
16.187  0.192488  213 4
75.235  0.258642  1620 4
83.14  0.357143  252 4
-80.312  0.233677  291 4
-247.249  0.16041  293 4
-238.296  0.221053  285 6
11.249  0.251969  254 6
100.063  0.369681  376 4
9.455  0.253941  1776 6
71.062  0.344311  334 4
15.704  0.274194  124 6
17.406  0.0764331  157 6
14.561  0.226708  322 4
-370.905  0.252525  198 6
-224.704  0.320442  181 4
14.126  0.235988  339 4
63.69  0.341121  1070 4
22.702  0.284173  278 6
-2.437  0.260435  6109 6
-151.812  0.270992  262 6
120.296  0.286567  335 4
-133.922  0.0989583  192 6
54.673  0.364798  2818 6
81.656  0.384279  687 4
71.672  0.339836  974 4
7.501  0.314554  213 6
63.75  0.367901  405 6
-220.374  0.263279  433 6
12.189  0.247201  1072 6
-333.812  0.260256  1560 4
82.063  0.413433  670 4
-379.999  0.293532  201 6
51.124  0.392793  555 6
8.312  0.20524  229 4
285.75  0.207207  333 4
209.218  0.212766  282 6
-122.281  0.137725  167 6
60.469  0.372291  1292 6
10.563  0.117949  195 6
58.721  0.339237  734 4
15.876  0.29717  424 6
63.517  0.374662  1847 4
44.626  0.230263  152 6
60.281  0.239669  363 6
-254.952  0.225806  1054 6
-30.436  0.162996  227 6
-1.217  0.355805  267 6
95.187  0.421053  247 6
-321.249  0.206009  233 6
7.531  0.254107  913 6
-111.655  0.196643  417 6
-212.063  0.259091  220 4
-198.218  0.229293  990 6
158.142  0.242553  235 6
65.687  0.32455  1556 4
75.36  0.412766  470 4
84.658  0.405567  503 4
14.374  0.143478  230 6
210.001  0.259434  212 4
16.062  0.23301  1339 4
57.156  0.318588  2238 4
-277.469  0.2681  884 4
62.796  0.261229  3384 6
67.405  0.385269  353 4
71.468  0.36755  302 4
6.83  0.256458  4258 4
-65.094  0.264192  458 6
82.687  0.113402  194 4
-111.923  0.234597  1266 6
65.752  0.298148  540 4
12.407  0.208772  570 6
10.656  0.255155  388 6
148.376  0.388769  463 4
15.999  0.242268  194 6
76.86  0.371287  404 4
9.392  0.252545  6680 4
-85.564  0.239609  409 4
-6.25  0.165939  229 4
12.343  0.25876  371 4
52.25  0.454333  427 6
-75.094  0.287305  898 4
-359.267  0.220994  181 4
-147.14  0.224  125 4
-146.593  0.302817  426 4
8.939  0.256906  1448 4
-54.642  0.238882  787 6
-20.328  0.248154  3792 6
-286.657  0.239186  393 4
75.468  0.327138  269 4
13.845  0.16895  219 4
305.469  0.240398  703 6
52  0.339539  2041 6
-174.796  0.226619  278 6
13.188  0.199525  421 6
11.453  0.289524  525 6
-203.5  0.172662  278 4
-375.532  0.23348  454 6
11.408  0.223958  768 6
12.531  0.216981  1166 4
116.829  0.27425  1134 4
304.593  0.351351  259 4
-25.002  0.261364  176 6
73.22  0.382274  1117 4
-30.86  0.227092  251 4
9.827  0.25417  2518 4
245.749  0.185567  194 6
47.844  0.345604  3776 4
140.376  0.245107  1073 4
53.97  0.371231  2753 4
-150.5  0.246201  329 6
85.594  0.323782  349 6
100.063  0.305439  239 6
69.375  0.34308  513 6
72.688  0.437838  555 4
-243.406  0.254098  366 4
65.188  0.359441  1430 6
14.72  0.236515  241 4
42.53  0.208054  149 4
115.219  0.248848  217 6
8.375  0.259981  4308 4
60.688  0.403285  1644 6
52.781  0.336364  2750 4
79.75  0.277487  191 6
-361.625  0.226415  212 4
21.189  0.24498  498 4
50.313  0.427342  1046 6
76.718  0.228571  280 4
86.672  0.350877  342 6
68.344  0.305369  298 6
105.782  0.25789  1109 4
57.874  0.384572  1789 4
308.171  0.190698  215 4
70.063  0.355649  239 4
-67.374  0.146497  157 6
216.577  0.34748  377 6
15.938  0.231806  371 4
-149.252  0.176471  221 4
-391.532  0.214575  247 6
262.812  0.250523  2391 6
9.25  0.261702  940 6
61.391  0.37412  2272 4
51.564  0.338435  1176 4
12.654  0.225379  528 6
-328.499  0.191667  240 6
11.907  0.200647  309 6
269.156  0.2625  480 4
62.876  0.344688  1233 6
56.952  0.37346  1786 6
54.001  0.361787  2507 6
-355.782  0.214502  331 4
42.595  0.272  375 6
-30.702  0.289655  145 4
215.312  0.294737  285 6
62.36  0.363299  2158 4
-245.984  0.258559  1110 4
10.907  0.262637  1820 4
8.594  0.227071  1581 6
261.924  0.300971  309 4
52.705  0.352962  2819 6
43.749  0.24878  1230 4
105.377  0.331686  3036 6
-74.686  0.236749  283 6
55.36  0.380865  1641 6
85.405  0.367636  1341 6
-66.905  0.208696  345 4
211.78  0.248391  777 6
64.188  0.351747  1231 6
-207.828  0.241908  1761 4
52.89  0.349422  1471 6
72.889  0.355491  346 4
14.094  0.186885  305 6
99.804  0.392947  397 6
68.641  0.321172  1809 6
12.968  0.286585  492 6
36.749  0.109375  128 6
-187.937  0.255814  215 4
174.751  0.222222  180 6
-17.829  0.220725  1187 6
201.423  0.246553  1233 6
56.608  0.344571  2551 6
62.624  0.347166  2241 6
14.094  0.21659  217 4
13.594  0.333333  243 6
137.313  0.381625  849 4
-129.032  0.165179  224 6
125.157  0.319066  257 6
-298  0.186589  343 4
12.658  0.245161  310 6
-140.816  0.255556  180 6
5.594  0.241883  616 4
-11.814  0.180828  459 6
156.188  0.0992366  131 4
-49.188  0.278226  248 6
-239.142  0.255208  12096 4
-191.125  0.285223  291 4
61.579  0.391015  601 4
-343.203  0.297071  478 6
-2  0.215259  367 6
-388.5  0.220264  227 6
41.124  0.275424  236 6
26.554  0.246652  3584 4
53  0.323832  2912 4
-76.093  0.23372  1981 6
306.439  0.359788  189 6
7.843  0.249822  4203 4
7.812  0.208861  474 4
136.702  0.245703  989 4
66.499  0.373077  520 4
74.722  0.362657  557 4
69.077  0.365912  839 4
-84.298  0.260081  5406 6
4.469  0.263538  554 4
9.077  0.245699  1860 6
14.515  0.230769  247 6
169.437  0.220183  327 4
-8.361  0.326923  208 4
27.438  0.28023  521 6
67.406  0.363316  567 6
47.75  0.339097  1041 6
-18.689  0.18  200 6
15.968  0.138756  209 4
-80.939  0.223368  873 6
60.093  0.336026  1857 6
-12.592  0.318841  483 6
63.844  0.371693  756 4
91.907  0.251928  389 4
239.501  0.339844  256 6
61.062  0.441989  362 6
-88.953  0.266371  901 4
13.859  0.236318  402 6
17.062  0.143836  146 4
-340.691  0.258462  325 6
-24.406  0.299712  347 6
10.874  0.222015  536 6
7.626  0.249395  413 6
281.407  0.363409  798 6
-280.625  0.253968  252 4
53.498  0.335314  3030 6
231.311  0.265136  479 6
5.249  0.146597  191 4
113.75  0.272727  198 4
11.437  0.239697  1189 6
247.062  0.344192  1627 4
-243.36  0.260762  2416 6
-336.126  0.242247  2902 6
227.842  0.396246  959 4
60.469  0.338883  2703 4
5.252  0.270475  2503 6
76.127  0.270677  266 6
14.092  0.245455  550 4
7.625  0.253234  3092 4
176.595  0.215139  251 4
10.936  0.22449  196 6
14.11  0.260759  395 6
64.266  0.35782  1688 4
-282.358  0.248835  1073 6
11.814  0.279503  322 4
16.187  0.264798  321 4
69.063  0.363725  1031 6
7.642  0.255273  1849 4
64.719  0.399257  1077 4
61.546  0.338814  2007 4
12.687  0.259067  193 4
58.578  0.355808  1498 4
70.314  0.416071  560 4
109.251  0.266667  975 6
58.094  0.386037  487 4
-378.203  0.264368  957 4
-101.217  0.210753  465 4
-127.562  0.346821  173 4
277.625  0.175182  137 6
-157.922  0.229452  876 4
15.593  0.296188  341 4
130.781  0.247008  919 6
8.266  0.244472  1628 4
53.374  0.369156  1433 4
-307.345  0.211409  298 4
-325.843  0.248922  1623 6
-394.782  0.230375  586 6
11.874  0.362069  406 4
-388.063  0.150943  159 6
-168.125  0.242634  1154 4
-373.89  0.36784  2444 6
309.72  0.358051  1416 4
-312.468  0.260492  691 6
-290.655  0.27375  800 4
-383.749  0.201717  233 4
-137.531  0.260133  6612 6
271.407  0.252721  2113 6
6.875  0.254181  299 4
282.655  0.241796  579 4
-34.811  0.235665  1587 4
-239.125  0.257862  318 6
59.484  0.363225  1104 4
74.939  0.423729  472 4
5.733  0.261183  1386 6
48.329  0.326629  3331 6
70.095  0.390244  451 6
185.672  0.338575  2035 6
1.922  0.252126  7056 4
-324.548  0.238289  491 6
4.531  0.262356  6434 4
7.069  0.255237  4678 6
11.874  0.184573  726 4
310.61  0.248292  1317 4
-338.468  0.244884  1417 6
12.719  0.220755  530 4
39.219  0.279018  448 6
66.719  0.458886  754 6
64.908  0.350904  1992 4
-80.873  0.244726  474 6
139.61  0.254338  2536 6
-283.75  0.193252  326 6
8.562  0.259669  1086 6
101.751  0.4  260 6
171.157  0.412556  446 6
-2.436  0.272171  327 4
62.391  0.340245  1881 6
-264.873  0.251029  486 4
11.938  0.234742  213 4
12.595  0.247227  631 6
-209.312  0.210736  503 4
-30.063  0.242038  314 6
14.5  0.325879  313 6
50.671  0.258503  294 6
9.906  0.214388  695 4
77.109  0.388328  891 4
9.125  0.272234  1473 6
-116.484  0.257309  7901 6
-287.563  0.26556  241 6
11.312  0.189607  712 4
120.592  0.251344  744 4
13.579  0.214634  410 4
-187.47  0.261538  1495 6
92.343  0.359589  584 4
10.876  0.25367  1226 4
62.751  0.231183  186 4
16.672  0.296804  219 4
1.577  0.240486  1892 6
49.751  0.422111  398 4
68.469  0.395238  630 4
14.72  0.247549  408 4
16.265  0.258523  352 6
-392.282  0.204467  582 6
-19.89  0.257175  1777 6
8.562  0.284783  460 6
57.39  0.362697  1839 4
-356.657  0.265379  1398 4
220.469  0.283019  318 6
61.281  0.368217  258 4
9.406  0.308  500 6
54.578  0.360964  2075 6
7.656  0.24767  751 4
12.783  0.244898  735 6
-132.563  0.293532  402 4
50.719  0.353022  1456 4
20.78  0.227545  167 4
-324.343  0.257377  610 4
234.374  0.233974  312 6
12.498  0.239609  409 6
82.655  0.407678  547 6
204.813  0.349765  1704 4
297.064  0.330396  227 6
10  0.240409  782 6
-130.968  0.154696  181 4
121.313  0.298246  228 4
259.249  0.202083  480 6
-96.686  0.257384  474 6
59.376  0.372807  228 6
13.86  0.26087  483 4
15.251  0.232759  348 6
33.594  0.255357  560 6
-274.469  0.251469  851 4
-250.625  0.264789  710 6
14.484  0.269113  327 6
-229.092  0.271346  2764 4
-3.845  0.246537  1444 4
146.359  0.336483  2963 6
79.327  0.375114  1101 6
56.438  0.392857  1120 4
7.812  0.230594  438 6
31.187  0.210843  166 4
60.657  0.341431  2264 4
146.451  0.257416  6169 4
9.812  0.244385  1870 4
72.126  0.363281  768 6
251.687  0.363636  209 4
-40.063  0.257028  249 6
21.344  0.244131  213 6
-322.967  0.263095  840 6
68.376  0.384437  861 4
13.844  0.190024  421 6
-254.124  0.202186  183 6
132.406  0.397533  1054 6
52.282  0.370093  2267 4
15.5  0.199446  722 6
14.156  0.269663  267 4
-11.844  0.219969  641 6
-197.829  0.246246  333 6
12.733  0.231561  583 6
-92.999  0.109325  311 6
12.296  0.225589  594 4
16.593  0.174359  195 4
-318.499  0.258228  395 6
78.468  0.412855  809 4
18.969  0.217877  179 4
20.623  0.374656  363 6
14.968  0.210762  223 4
69.016  0.368803  1654 4
79.172  0.363868  393 6
7.028  0.236364  550 6
11.877  0.239303  1262 4
105.985  0.322835  254 4
-244.25  0.139718  16383 4
318.374  0.266667  180 4
132.843  0.26335  824 6
-65.439  0.257271  447 6
179.185  0.350993  302 6
61.126  0.341395  1075 4
-222.281  0.246612  369 6
13.421  0.171548  478 6
55.843  0.378055  1841 6
-254.895  0.122566  16383 4
-4.531  0.18932  206 4
-266.842  0.110619  226 6
70.092  0.318653  386 6
57.625  0.339378  386 6
55.92  0.390719  668 4
67.156  0.382637  933 6
9.639  0.228679  1067 4
-311.813  0.245186  779 6
17.095  0.275132  189 4
4.658  0.234339  862 6
65.577  0.346093  1881 4
69.625  0.261044  249 4
59.593  0.297297  185 4
56.08  0.350481  2391 4
150.579  0.353005  915 4
-207.56  0.173611  144 4
9.999  0.255061  247 4
12.234  0.28211  436 6
12.812  0.30799  776 4
-226.36  0.243642  1219 6
71.718  0.400517  774 6
12.751  0.220833  480 4
13.547  0.266871  326 6
292.752  0.18328  311 4
-342.438  0.210216  509 4
14.452  0.216617  337 6
-318.234  0.214765  298 6
11.062  0.249668  753 4
18.905  0.089172  157 4
-42.187  0.247216  449 4
9.328  0.263975  322 4
56.14  0.34962  2497 6
50.642  0.366729  1617 6
180.937  0.264151  2067 4
-172.735  0.245399  1304 4
8.376  0.260883  3170 4
294.812  0.392202  436 4
28.312  0.267016  382 4
-62.437  0.214286  308 6
19.124  0.177914  163 4
202.875  0.348592  284 4
15.626  0.339535  215 6
-346.093  0.225352  355 6
265.883  0.358079  229 6
57.033  0.279605  304 6
-19.188  0.32069  1450 4
2.813  0.386364  264 4
16.905  0.169014  142 4
76.297  0.336758  876 6
-133.936  0.216071  560 4
123.032  0.23565  331 6
-151.11  0.257179  3134 6
143.72  0.271416  1179 4
-62.187  0.259798  893 6
7.39  0.255574  3095 4
-52.437  0.282258  248 4
56.359  0.358908  2307 6
14.282  0.229614  466 4
-22.593  0.259343  883 6
-260.469  0.3  540 6
-212.127  0.257092  564 4
12.25  0.286585  820 6
119.5  0.313187  182 4
50.281  0.375  1232 6
15.5  0.187739  522 4
13.78  0.21485  633 4
61.906  0.350074  2031 6
64.533  0.286822  258 4
-232.593  0.219737  760 4
-193.751  0.216949  295 4
224.626  0.292576  229 4
214.28  0.193548  155 4
12.624  0.244755  286 4
288.016  0.249221  321 6
175.064  0.242162  925 4
7.219  0.276015  1355 6
61.249  0.375691  543 6
169.217  0.237768  1308 6
272.719  0.195652  368 6
61.485  0.410042  239 4
58.875  0.340471  467 6
10.313  0.24813  1604 6
201.218  0.240938  469 4
-380.343  0.244565  184 4
-268.28  0.218289  339 4
231.079  0.25075  1667 4
234.312  0.254296  291 6
-159.532  0.208211  341 6
53.907  0.349096  2157 6
-391.498  0.266881  933 4
-254.889  0.26175  3702 4
57.328  0.394033  1944 6
157.235  0.417665  668 6
148.844  0.212121  264 6
19.905  0.197962  687 4
103.89  0.344902  461 6
-199.124  0.266667  285 6
24.219  0.165746  181 4
-3.64  0.219595  296 4
234.406  0.322115  208 4
-53.124  0.236342  842 4
13.939  0.261603  474 6
12.438  0.307692  195 6
62.828  0.405018  1116 6
59.936  0.302941  340 4
-268.814  0.286792  265 4
273.532  0.296898  677 6
7.499  0.104972  181 6
165.969  0.223614  559 6
282.624  0.257505  1499 4
15.031  0.262411  282 6
9.938  0.245994  1061 6
231.249  0.276983  769 4
59.936  0.344642  2417 6
200.281  0.236282  16383 6
-192.735  0.251507  1825 4
17.188  0.291525  295 4
-224.812  0.205426  258 4
-0.937  0.260417  480 6
-247.499  0.200647  309 4
-82.499  0.19802  202 6
-54.749  0.285978  542 4
82.702  0.267925  1060 6
54.203  0.398243  683 6
9.281  0.250074  13532 4
234.531  0.416526  593 6
-124.187  0.231111  450 6
-61.717  0.241252  543 6
4.188  0.257143  280 6
14.907  0.0458015  131 4
72.563  0.4  1065 6
-89.687  0.23323  969 4
-280.671  0.369478  1245 6
6.031  0.250766  2612 6
17.954  0.338776  245 6
-0.422  0.254087  5628 4
252.968  0.358696  276 6
100.22  0.256716  335 4
16.75  0.238095  189 6
-312.468  0.147541  183 6
79.657  0.0291262  103 6
65.843  0.20197  203 6
13.749  0.183486  218 6
-119.717  0.247148  263 4
58.89  0.366919  1717 4
192.719  0.198312  474 4
76.345  0.318126  811 6
17.515  0.223301  309 6
54.171  0.350835  1676 6
12.25  0.279605  608 6
6.798  0.224161  745 6
13.298  0.175523  621 6
101.751  0.460199  402 4
15.234  0.304786  397 4
67.936  0.358885  1148 4
14.844  0.235955  178 6
-118.221  0.242199  673 6
-146.376  0.287823  271 4
9.625  0.224599  187 6
-54.842  0.153153  222 4
10.561  0.269896  289 4
79.093  0.173684  190 4
7.328  0.260329  5470 4
-208.312  0.422078  154 6
-5  0.236486  296 6
72.282  0.370768  1211 4
162.048  0.352903  3083 4
311.719  0.142857  315 6
15.952  0.272966  381 4
205.124  0.254156  2286 4
156.219  0.234277  636 6
166.436  0.134454  119 6
7.314  0.185185  378 6
69.312  0.354312  429 4
135.608  0.387135  1710 4
12.796  0.23192  802 4
193.08  0.360606  330 6
-241.906  0.258486  1532 6
54.904  0.260259  1779 4
58.906  0.311178  331 4
243.204  0.247729  1211 4
101  0.474684  316 6
-312.314  0.255507  227 4
85.952  0.362105  950 4
247.592  0.240409  391 4
-205.374  0.227778  540 4
13.812  0.199029  206 4
-280.53  0.176471  289 6
10.94  0.248  250 6
10.904  0.224458  646 4
9.248  0.205128  156 6
17.438  0.251256  199 4
71.936  0.414379  765 4
-5.076  0.249796  3683 6
14.748  0.279373  383 6
63.376  0.337669  1845 6
64.188  0.265051  1362 4
-146.39  0.212885  357 6
10.184  0.349282  209 6
11.626  0.285412  473 4
76.47  0.350471  1167 6
-240.47  0.242671  614 4
286.78  0.398319  595 4
-143.232  0.314894  470 4
-339.468  0.274775  222 6
84.188  0.360119  336 4
174.25  0.386091  417 4
13.39  0.278383  643 6
-178.924  0.258267  1754 4
-115.108  0.242045  1917 4
1.7  0.268271  3325 6
12.872  0.22028  286 4
14.81  0.235669  157 4
-57.718  0.271643  3269 6
-147.5  0.147783  203 6
16.53  0.238095  168 4
4.7  0.237069  2088 6
-139.468  0.173611  144 6
65.564  0.247101  1380 6
66.954  0.400471  849 4
-28.688  0.288618  246 6
13.594  0.258065  279 6
80.908  0.365591  651 6
157.984  0.210526  266 4
16.938  0.173913  161 4
-342.438  0.261108  1823 4
12.452  0.219828  232 6
81.408  0.213376  314 6
14.22  0.258661  433 6
-362.564  0.229111  371 4
57.358  0.334276  2121 6
56.658  0.336739  2349 4
70.482  0.341463  1353 6
78.452  0.359216  1275 4
56.142  0.350877  2166 4
82.126  0.206897  348 6
13  0.281609  174 6
61.112  0.343738  2659 4
9.844  0.266836  787 6
59.752  0.374718  443 6
52.126  0.353659  1230 6
12.064  0.254967  604 4
194.016  0.327731  238 4
13.626  0.275281  712 4
110.686  0.402367  338 6
16.268  0.346715  274 4
-12.686  0.258291  995 6
82.452  0.257402  1655 6
140.376  0.210762  223 4
13.268  0.238311  663 4
-64.564  0.251029  243 4
308.062  0.272146  2969 6
6.216  0.187166  187 6
63.124  0.376747  1574 6
-51.002  0.260952  525 4
52.656  0.34592  3125 6
13.188  0.258883  197 6
14.436  0.200627  638 4
140.408  0.249581  597 4
60.562  0.346888  1623 6
-80.892  0.216033  736 6
67  0.366931  883 4
-184.826  0.257711  1005 6
-133.002  0.175758  165 6
8.61  0.2  265 6
7.986  0.247345  1601 6
-211.094  0.252087  599 4
10.438  0.232966  1541 6
69.97  0.385358  1243 6
-372  0.109375  192 6
195.89  0.2357  1014 6
57.796  0.345937  2486 6
75.284  0.237179  468 6
-149.812  0.250923  271 6
13.404  0.33  500 4
14.502  0.28607  402 4
102.438  0.192  250 6
56.156  0.360202  2382 6
154.502  0.247073  854 6
59.172  0.45591  533 4
73.876  0.392982  570 6
68.248  0.0947368  190 6
-195.876  0.32459  305 4
152.16  0.395778  758 6
258  0.211321  265 6
10.97  0.282421  694 6
79.876  0.358434  332 4
66.188  0.335135  555 6
86.002  0.348649  740 6
94.032  0.469163  454 6
10.126  0.266667  900 4
-173.252  0.292135  178 6
-330.062  0.246257  1937 4
150.048  0.388372  430 6
33.532  0.184049  163 4
52.156  0.388527  767 4
-38.064  0.255983  961 6
14.468  0.250216  1155 6
15.406  0.12844  218 6
32.658  0.394052  269 6
60.626  0.217617  193 4
59.546  0.351695  2360 4
19.956  0.241888  339 4
10.374  0.243243  666 4
46.764  0.343809  2641 6
-266.5  0.211382  246 6
184  0.243916  1808 4
231.5  0.310231  303 6
-382.36  0.234251  1635 6
-28.562  0.221429  420 6
238.08  0.232278  663 6
60.888  0.357284  1517 4
16.454  0.167364  239 4
53.404  0.405105  1802 4
16.154  0.21028  214 4
76.326  0.343202  912 6
281.53  0.257209  2150 6
-369.684  0.157534  146 6
6.656  0.22792  702 6
12.374  0.30303  198 6
-265.812  0.267857  224 4
-1.094  0.25  1336 4
210.936  0.188192  271 4
-201.124  0.370402  1169 4
12.142  0.247763  1788 4
109.154  0.266525  469 4
13.094  0.240331  362 6
58.502  0.285917  703 6
-173.75  0.240093  429 4
128.36  0.344343  1423 6
-131.936  0.284483  348 6
1.22  0.267071  659 6
69.08  0.363507  1403 4
-273.232  0.269261  1285 6
57.97  0.376726  507 6
156.796  0.238234  1721 4
136.704  0.148438  128 4
19.968  0.248521  169 4
-388.5  0.2669  1716 6
124.016  0.307692  247 6
-182.658  0.248718  390 4
67.502  0.412921  356 6
15.998  0.22807  228 4
87.358  0.409524  630 6
-122.686  0.25641  507 6
-302.438  0.126761  142 4
9.5  0.255034  447 4
56.172  0.388  1000 6
-244.154  0.22325  757 6
161.456  0.327135  1452 6
39.842  0.205279  682 6
80.688  0.394231  312 4
13.628  0.209302  258 4
52.28  0.370995  593 6
10.03  0.194048  840 6
44.592  0.202532  158 4
18.876  0.256329  948 6
20.56  0.306962  316 4
71.248  0.40081  494 4
12.656  0.145374  227 4
-242.688  0.200477  419 4
76.876  0.398625  873 6
14.936  0.224453  548 4
73.216  0.387234  705 4
76.126  0.38605  1233 4
64.252  0.409091  748 4
12.64  0.183824  272 6
146.564  0.241935  682 4
-320.734  0.250844  889 4
10.752  0.247074  769 4
59.518  0.251094  1828 6
11.924  0.237003  654 4
98.72  0.332737  559 4
58.532  0.384227  1585 4
52.204  0.325714  1925 6
67.28  0.361722  1092 4
52.406  0.382203  2742 6
65.092  0.340116  344 6
65.064  0.382641  818 4
130.592  0.284404  218 4
4.016  0.250657  2282 4
252.78  0.228224  1481 6
0.344  0.170264  417 4
262.236  0.255965  922 4
-8.342  0.238365  881 4
196.372  0.350348  431 6
-302  0.242798  243 4
59.844  0.28497  1344 6
53.938  0.344633  3009 6
28.298  0.215385  325 4
-24.094  0.271407  1997 4
262.158  0.265515  1853 4
59.202  0.370538  1765 4
11.306  0.263959  197 4
15.53  0.248366  306 4
-363.47  0.340956  962 6
15.372  0.221024  371 4
24.202  0.274428  481 6
-317.188  0.247614  1991 4
153.562  0.379441  1323 6
13.314  0.24772  658 4
-270.408  0.199074  432 4
109.424  0.25991  1993 6
-68.158  0.221805  532 6
106.656  0.219718  710 4
58.532  0.392565  1345 6
51.706  0.354576  3311 4
14.564  0.211207  464 4
145.156  0.364266  722 6
72.856  0.29582  311 4
7.812  0.242215  867 4
9.188  0.252028  1972 6
92.156  0.404682  299 6
13.592  0.232932  249 4
210.672  0.423841  302 6
-206.06  0.226562  640 4
19.44  0.215159  409 4
10.5  0.218391  261 4
50.252  0.135135  185 4
16.922  0.320261  306 4
124.344  0.246719  1143 4
-140.032  0.297214  323 4
73.188  0.407568  925 6
239.906  0.296128  439 6
162.406  0.13913  115 6
-144.064  0.336683  398 6
73.126  0.381078  761 6
-92.972  0.245283  530 4
11.47  0.248954  1912 6
15.594  0.145511  323 4
59.83  0.402899  345 6
53.906  0.335036  979 6
1.312  0.179894  189 6
14.47  0.247368  190 4
-343.846  0.241245  514 4
11.56  0.171053  228 6
118.75  0.172566  226 6
6.218  0.261739  5601 6
135.264  0.257826  2300 6
-0.064  0.238095  315 4
12.876  0.214583  480 6
-302.108  0.244019  209 4
-182.156  0.175824  182 6
15.686  0.282378  471 4
-180.936  0.279559  998 4
105.688  0.243386  189 6
66.814  0.386816  1608 4
57.734  0.353854  1933 6
64.064  0.404255  423 4
302.874  0.393579  841 6
121.44  0.243792  443 4
-89.25  0.122302  139 4
-225.158  0.244612  928 4
59.548  0.374766  1070 6
9.812  0.320896  268 6
73.816  0.368989  1019 4
92.374  0.318182  242 4
-73.782  0.221448  718 4
85.674  0.353362  699 4
-372.596  0.28836  378 6
12.842  0.238208  424 6
-158.998  0.026087  230 6
53.846  0.36423  3064 4
-271.656  0.245353  807 6
59.64  0.345576  1797 4
86.452  0.247059  255 6
51.466  0.345355  2551 6
195.53  0.321045  651 6
203.548  0.242573  3265 6
58.846  0.379427  1779 6
225.562  0.364372  247 6
100.938  0.380471  297 6
14.252  0.190635  299 6
63.782  0.374566  865 4
14.972  0.221477  298 4
62.25  0.344828  1276 4
-335.316  0.275076  1316 4
7.376  0.252648  3210 6
142.468  0.233291  793 6
-257.002  0.223602  161 6
54.344  0.335837  2796 6
15.124  0.210084  476 4
72.282  0.392749  331 6
13.06  0.26  200 4
-3.686  0.254194  1550 6
302.814  0.255962  2516 6
-58.5  0.280899  445 6
55.312  0.344633  1062 6
-292.812  0.233333  330 4
-319.812  0.27044  1749 4
73.5  0.265731  2066 6
51.406  0.364273  1713 6
-288.782  0.25  940 4
-135.86  0.237288  236 4
57.16  0.322785  316 6
-124.156  0.309091  220 6
7.344  0.242593  540 4
-147.908  0.258677  2161 4
-164.328  0.257463  268 4
256.906  0.364907  644 6
179.328  0.329932  294 4
138.28  0.363636  748 4
10.752  0.279245  1325 6
12.86  0.250415  603 6
60.576  0.297814  366 6
87.782  0.378995  657 6
70.876  0.434389  442 4
12  0.235556  225 6
-260.344  0.273927  303 4
76.032  0.276667  300 6
71.688  0.166667  306 6
8.752  0.20098  204 4
55.844  0.380224  981 4
-219.78  0.245098  612 6
-51.064  0.227273  682 6
14.812  0.267735  437 4
7.844  0.272989  696 6
106.844  0.232234  788 4
13.47  0.219048  210 6
51.954  0.346423  2572 6
21.752  0.240038  2108 4
13.908  0.189349  169 6
-365.404  0.107383  149 6
63.892  0.254923  1879 6
14.25  0.243333  600 4
-230.532  0.20457  919 6
11.72  0.329154  319 4
282.376  0.222874  341 4
72  0.374874  995 6
16.684  0.250825  303 4
62.532  0.258824  255 4
-31.626  0.230269  2154 6
-79.968  0.23199  819 4
257.596  0.262181  431 4
5.532  0.257177  6723 6
57.028  0.360856  981 6
-17.564  0.184211  228 6
7.844  0.261803  1864 6
6.468  0.228906  1197 6
9.216  0.227848  316 4
10.314  0.277228  404 4
281.25  0.224324  740 4
12.468  0.241234  713 4
-37.312  0.218362  403 4
56.906  0.321534  339 4
16.872  0.210526  247 4
85.782  0.377483  453 6
271.064  0.265306  196 6
13.358  0.227957  465 4
-95.844  0.252548  883 6
14.5  0.18254  126 4
181.406  0.424615  325 6
76.44  0.216327  490 6
172.938  0.268987  632 6
-52.81  0.200466  429 6
62.376  0.372829  979 6
83.502  0.370937  523 6
58.312  0.362015  2243 6
-3.844  0.247904  1908 4
77.312  0.326087  322 6
58.468  0.331498  908 4
90.56  0.259574  235 6
73.5  0.408451  781 4
-160  0.24612  451 4
215.876  0.251366  183 4
40.876  0.267898  3464 6
-344.344  0.236207  580 6
-116.062  0.229268  410 6
-308.406  0.152941  170 4
105.312  0.336207  232 4
8.368  0.256012  4574 4
14.25  0.299213  508 6
17.184  0.335938  256 4
-196.718  0.251866  1608 4
145.184  0.237569  362 6
83.814  0.426735  778 4
176.048  0.255507  1135 6
-34.314  0.178744  207 4
-358.25  0.303571  616 4
-260.936  0.227451  255 6
14.25  0.25  428 6
76.984  0.382253  586 4
224.71  0.244459  3023 4
-334.438  0.276316  228 6
-77.592  0.248397  1715 4
-76.716  0  16383 4
14.22  0.257069  389 4
52.36  0.35024  2918 4
173.436  0.222656  256 6
123.642  0.268409  421 6
-367.422  0.262473  922 4
11.124  0.219917  241 6
85.876  0.338028  497 4
92.844  0.36168  976 6
-241.936  0.239243  1743 6
45.688  0.262665  2349 6
0.502  0.237351  1087 4
68.346  0.448649  555 4
225.938  0.362637  273 6
-4.564  0.223022  417 4
-183.938  0.368557  1552 6
214.456  0.381074  391 6
12.624  0.321782  202 4
235.28  0.410405  346 6
-380.172  0.245455  220 4
10.5  0.249578  1186 4
13.28  0.153374  163 6
19.312  0.227979  193 6
124.954  0.366698  1069 4
-316.842  0.250934  4013 6
-4.408  0.240204  2348 4
13.392  0.276699  412 6
17.872  0.293617  235 4
194.28  0.247124  1999 4
147.78  0.26125  800 4
12.06  0.265836  963 4
-350.904  0.17284  162 4
-27.656  0.254054  185 6
-23.268  0.294372  231 6
86.686  0.298456  583 4
-202.562  0.306533  199 4
288.03  0.356436  303 6
11.328  0.239097  1949 4
310.53  0.219868  755 4
12.592  0.202454  163 6
12.092  0.269693  749 4
16.562  0.312268  269 6
-132.438  0.27809  356 6
-226.124  0.257092  1128 4
-151.81  0.244205  1855 4
-293.436  0.176056  142 6
12.342  0.241379  261 6
71.516  0.332714  538 4
106.374  0.341176  255 6
-244.404  0.252404  416 6
-243.75  0.216667  300 6
3.732  0.289277  401 4
-123.782  0.212766  564 4
17.594  0.284314  204 4
58.78  0.372857  2100 4
212.968  0.234756  1640 4
199.436  0.239617  313 6
13.316  0.181818  187 4
56.436  0.345419  2565 4
7.078  0.25378  3042 6
53.624  0.385519  1022 6
96.908  0.23964  555 6
47.532  0.34816  652 6
54.19  0.341126  2823 6
-17.032  0.212851  249 4
77.78  0.382957  974 6
75.216  0.28876  516 4
70.578  0.370482  332 6
87.188  0.346969  1369 6
15.452  0.33195  241 6
252.672  0.446602  309 6
68.062  0.383126  1446 6
152.392  0.358254  1993 6
-314.546  0.244565  1472 6
6.876  0.229885  261 6
-17  0.0915493  142 4
-209.452  0.234389  1105 6
-141.188  0.253886  193 4
53.796  0.37139  1489 4
-230.734  0.253583  907 6
28.64  0.240728  1429 4
-1.312  0.189716  564 6
250.748  0.224747  396 6
78.482  0.354694  1342 4
7.468  0.262742  4179 6
167.78  0.245232  734 4
9.344  0.263889  576 6
14.688  0.281609  174 4
16.128  0.239024  205 4
-88.032  0.234657  277 4
-121.594  0.241436  1226 4
64.22  0.388504  1444 4
57.876  0.408497  918 6
72.186  0.323077  390 4
56.78  0.354645  1001 6
9.562  0.246707  835 4
-53.812  0.157609  184 4
74.75  0.0387597  129 6
-153.624  0.213483  178 6
-266.156  0.195266  338 4
-261.406  0.230563  373 6
67.968  0.414493  345 4
75.328  0.368715  358 4
-2.688  0.236258  1037 4
31.904  0.258579  1253 6
170.716  0.393985  665 6
277.718  0.350453  331 4
277.5  0.239255  698 4
-125.218  0.20404  495 4
-56.876  0.267829  631 6
-40.874  0.29064  203 6
-359.124  0.27381  168 6
270.344  0.167364  239 4
16.096  0.348624  218 4
8.022  0.249174  5450 4
-86.156  0.15122  205 4
69.048  0.393443  793 6
313.032  0.272425  301 4
16.608  0.371179  229 6
82.75  0.363296  267 6
14.392  0.305263  285 4
297.188  0.217822  202 4
10.502  0.141914  303 6
58.844  0.360149  1616 6
-281  0.240741  324 6
14.126  0.259615  416 6
50.186  0.243336  2626 4
11.624  0.2657  207 6
-388.108  0.254237  295 6
90.28  0.382979  376 6
10.908  0.280303  1188 6
-1.812  0.28169  284 6
-160.532  0.192641  462 6
180.61  0.182741  197 6
134.546  0.36758  876 4
183.406  0.310592  557 6
11.25  0.233962  265 6
54.466  0.367632  1001 6
-163.372  0.28932  515 6
5.844  0.242358  1374 6
-314.436  0.105769  208 6
90.094  0.38447  528 6
15.314  0.292683  164 6
11.124  0.173077  312 6
244.874  0.361111  252 4
12.248  0.228464  267 6
-306.5  0.253247  308 4
57.392  0.34191  3498 4
-100.47  0.259624  1117 4
17.5  0.183007  153 6
12.422  0.238512  914 4
167.218  0.28626  262 4
16.94  0.206478  247 4
58.124  0.243902  205 4
-351.234  0.260425  1271 6
-192.5  0.248996  249 4
227.374  0.239923  521 6
13  0.247232  271 6
80.876  0.360595  807 4
11.846  0.227319  981 4
14.252  0.227848  474 6
-277.624  0.238784  691 4
-216.53  0.251799  417 6
25.936  0.335052  194 6
11.28  0.229474  475 6
53.936  0.366221  1196 6
5.592  0.249819  4155 6
13.876  0.0909091  176 4
18.218  0.227273  198 4
296.47  0.352743  1185 6
-343.748  0.254019  311 6
12.126  0.27051  451 6
10.002  0.236994  173 6
-81.638  0.251928  389 6
58.844  0.364144  2326 4
8.78  0.261967  2695 4
-62.252  0.378549  317 6
64.784  0.444781  661 6
-338.202  0.235537  242 6
81.062  0.421477  745 4
312.268  0.325397  252 4
53.872  0.352593  3721 4
-113.658  0.244131  213 4
88.094  0.411765  221 4
215.064  0.25  416 4
62.376  0.357988  676 4
-91.156  0.21645  231 4
16.154  0.31068  309 4
10.172  0.254176  1377 6
17.532  0.368932  206 6
-349.72  0.254308  1683 6
15.548  0.00862069  116 6
68.252  0.330275  436 6
12.654  0.265116  860 6
-244.436  0.221088  294 4
102.22  0.33218  289 4
258.062  0.405759  382 6
68.096  0.297118  451 4
9.924  0.232482  1841 4
47.064  0.317725  3182 6
181.372  0.0833333  192 4
62.704  0.405579  466 6
-168.596  0.237695  833 4
179.516  0.240437  183 6
11.406  0.211009  218 6
-2.344  0.258577  1574 6
161.828  0.353499  843 6
10.252  0.281938  227 6
-256.562  0.216  250 4
13.658  0.260946  571 6
19.312  0.0827068  133 6
-222.812  0.236641  262 4
-5.236  0.241182  3487 4
14.626  0.216216  185 4
62.688  0.425997  777 6
-312.484  0.249578  1186 4
71.28  0.345422  1103 6
66.032  0.3274  1573 6
87.096  0.346282  901 4
7.518  0.23339  1761 6
14.812  0.191781  219 6
-1.032  0.201107  542 4
-68.502  0.223152  717 6
16.498  0.371622  148 4
68.156  0.281654  387 4
-49.032  0.273819  1249 4
-137.842  0.234405  529 4
14.53  0.24  475 6
199.468  0.20331  423 6
108.656  0.33815  346 4
18.592  0.343612  227 4
17.422  0.288066  243 4
62.968  0.356  250 4
-239.436  0.0420168  119 6
74.038  0.421659  434 6
3.314  0.151515  231 4
-144.908  0.25089  1686 4
62.484  0.394975  995 6
98.248  0.392996  257 6
177.002  0.209068  397 6
223.75  0.245728  1697 4
29.312  0.3125  192 6
77  0.358586  396 6
-40.484  0.252366  317 6
9.776  0.255114  4351 4
9.578  0.234809  2304 4
53.812  0.360305  655 6
-160.968  0.0472441  127 6
67.628  0.403061  588 6
14.376  0.289474  228 4
8.656  0.268416  2172 6
12.346  0.212544  574 4
-260.642  0.246037  1451 4
-336.936  0.267081  1449 6
-41.684  0.246403  556 6
-141.564  0.229659  762 6
-281.748  0.169811  159 4
-47.548  0.274194  248 4
-101.216  0.235091  1157 4
151.028  0.245902  183 4
-250  0.236207  580 4
-96.204  0.203412  762 4
181.812  0.255034  298 4
-180.904  0.235119  672 4
-42.656  0.211506  591 6
59.06  0.385998  1057 6
5.496  0.251861  806 4
-172.468  0.260557  2084 6
223.748  0.244526  274 4
-97.688  0.257336  443 6
11.876  0.319549  532 4
17.576  0.203947  152 4
74.564  0.343808  541 6
54.688  0.365839  1610 4
13.06  0.210832  517 4
239.656  0.248619  543 6
59.092  0.246445  633 4
214.748  0.407035  398 4
-211.752  0.183066  437 6
91.248  0.212314  471 6
118.12  0.340351  285 4
11  0.193182  176 6
57.284  0.206349  504 6
9.968  0.235867  2158 4
-266.044  0.179134  508 4
230.06  0.273952  1336 4
16.156  0.181818  187 4
11.592  0.261603  237 6
8.436  0.252336  2247 4
239.732  0.308129  529 4
132.908  0.265244  656 4
210.908  0.247857  1283 6
13.14  0.268817  279 6
-116.096  0.158879  214 4
-151.06  0.225225  333 4
-140.496  0.262774  274 4
18.656  0.0535714  112 4
62.968  0.356974  1269 6
64.076  0.354978  693 4
14.436  0.306075  428 6
-239.564  0.248234  991 4
52.328  0.34112  3125 6
141.876  0.401719  931 6
6.748  0.243453  2444 6
55.752  0.403509  342 6
87.624  0.396341  492 4
-284.844  0.250403  3718 4
116.688  0.349593  246 4
14.064  0.245399  163 6
-290  0.271382  2432 4
7.684  0.249686  3985 6
55.108  0.330892  3004 4
8.532  0.236919  1376 4
246.464  0.378788  198 4
15.032  0.237082  329 4
11.032  0.224903  1036 6
237.608  0.345029  1881 4
3.312  0.234568  243 6
-387.732  0.251119  2234 6
209.528  0.281461  739 6
17.28  0.2  155 6
95.156  0.412602  492 4
-344.064  0.287671  511 4
81.44  0.337288  590 6
83.06  0.370833  240 4
310.78  0.277372  274 4
257.408  0.195584  317 4
14.516  0.262774  411 4
-167.596  0.221354  384 6
76.78  0.395349  602 4
-310.064  0.194842  349 4
48.216  0.337647  3323 6
74.968  0.346516  531 4
55.528  0.34793  1256 6
86.688  0.274194  186 6
-131.216  0.244699  1745 4
7.22  0.24178  3011 4
156.452  0.233721  2580 6
185.124  0.386364  1672 4
10.124  0.306931  202 4
264.404  0.361905  210 4
16.028  0.281588  277 4
11.156  0.266055  1853 6
64.596  0.357505  1379 4
58.596  0.381201  766 6
2.188  0.130435  138 6
-107.484  0.245734  1758 4
-337.684  0.310734  354 4
9.028  0.247373  1237 6
216.72  0.24  625 6
87.248  0.344595  296 4
55.156  0.346745  2734 4
58.812  0.338627  1763 6
43.44  0.236486  296 6
-370.128  0.234323  303 4
63.204  0.334106  2158 6
255.5  0.213439  253 6
120.952  0.376821  1579 6
10.512  0.23161  1006 4
315.704  0.242478  1130 4
15.688  0.331776  214 6
32.188  0.303797  158 6
278.032  0.209231  325 4
2.968  0.254054  185 6
235.908  0.292308  195 6
54.688  0.389722  2335 6
-363.248  0.225784  1466 6
23.7  0.226337  243 4
121.72  0.245283  159 6
53.996  0.351949  949 6
73.532  0.333333  1359 4
14.72  0.258065  217 4
56.36  0.348031  2336 4
139.184  0.237366  1306 6
9.752  0.242748  655 4
55.424  0.34278  2964 4
55.752  0.356366  1838 4
13.408  0.173913  368 4
175.996  0.361868  771 4
114.188  0.278481  316 4
-129.656  0.236613  803 6
231.5  0.204651  430 4
50.924  0.345333  1639 4
9.484  0.246186  1442 4
15.544  0.276316  304 4
-71.52  0.250244  2050 4
-360.892  0.263261  509 4
57.64  0.357456  456 4
202.108  0.266881  622 4
-171.28  0.286364  220 4
-341.452  0.253886  1737 6
16.344  0.318471  314 4
54.392  0.334653  1515 4
19.344  0.345622  217 4
66.836  0.32265  468 4
-210.856  0.222222  1215 4
-0.032  0.229279  929 6
-5.376  0.237964  727 4
-366.796  0.276786  112 4
179.408  0.435523  411 4
68.032  0.377976  336 6
153.436  0.379172  749 4
-360.94  0.155556  180 6
272.408  0.351471  680 6
0.752  0.249559  3402 6
-28.22  0.209677  496 6
-379.764  0.271795  585 6
-310.688  0.297821  413 4
75.252  0.358916  886 4
182.252  0.377049  610 6
66.908  0.353501  1471 4
58.844  0.348201  695 4
-0.904  0.24847  817 6
13.376  0.290419  334 6
74  0.229032  310 6
206.972  0.221786  1019 4
-282.78  0.286364  220 4
-89.06  0.20641  780 6
51.608  0.330691  3532 6
-301.972  0.15  180 4
15.5  0.16092  174 6
8.756  0.255636  2750 6
-3.888  0.248441  962 6
-279.5  0.269345  672 6
23.252  0.230337  356 6
9.372  0.24727  1282 6
14.408  0.247863  351 6
48.92  0.362979  2766 6
73.564  0.458333  216 6
-0.388  0.237918  1614 4
13.188  0.26294  483 6
61.028  0.344828  1972 6
-165.56  0.27758  281 4
55.42  0.397059  1428 6
11.656  0.21063  508 4
-361.128  0.318898  508 4
-284.344  0.238202  890 6
63.872  0.345763  295 6
-339.38  0.248879  446 4
10.408  0.224528  530 4
72.248  0.390698  430 4
248.348  0.252035  3932 4
-147.72  0.240987  2108 6
-27.532  0.227679  896 4
-259.872  0.266963  899 4
13.064  0.22807  171 6
115.252  0.153846  156 4
1.404  0.266319  13236 6
6.048  0.241411  4395 4
77.188  0.337302  252 4
-284.908  0.273196  582 6
65.128  0.373938  706 6
11.06  0.248136  2414 6
15.128  0.135338  133 6
14.656  0.244444  315 4
-184.28  0.277571  807 4
316.936  0.385519  511 6
30.344  0.268505  689 4
226.716  0.363712  1196 6
11.812  0.284722  144 4
198.704  0.250197  1271 6
156.252  0.277533  227 4
139.42  0.352896  1312 4
67.964  0.351212  1361 4
11.748  0.210069  576 4
15.952  0.273063  271 6
65.22  0.364969  1433 4
10.748  0.243505  2887 6
-160.848  0.127389  157 4
32.356  0.299401  167 6
-138.468  0.226901  855 4
85.312  0.333333  663 4
-391.908  0.196226  265 6
162.408  0.242816  696 6
181.064  0.374593  307 4
-348.312  0.245353  269 4
-52.608  0.240667  1259 4
9.392  0.234568  1539 4
-297.656  0.232843  408 6
76.876  0.345946  555 6
-378.5  0.269036  197 6
8.328  0.239933  1788 4
59.924  0.407921  505 6
16.28  0.253285  2207 6
65.408  0.345098  510 4
12.252  0.231156  597 6
28.064  0.281915  188 4
-97.752  0.243932  824 4
308.72  0.159509  163 4
147.888  0.34811  767 6
-15.908  0.228181  951 4
-115.468  0.247552  2860 6
-369.36  0.24092  1652 4
-88.28  0.282158  241 6
-195.5  0.203187  251 6
238.956  0.352622  553 6
53.808  0.360884  2081 4
169.964  0.242701  3939 4
61.5  0.354381  1552 6
7.872  0.267442  1806 4
15.692  0.298561  556 6
12.656  0.222342  931 4
11.732  0.255504  1726 6
96.096  0.375238  525 4
216.328  0.424682  551 4
55.532  0.348955  2966 4
-62  0.115942  138 6
-307.812  0.353211  218 6
-55.748  0  152 4
-381.128  0.0143885  139 4
9.748  0.231527  406 6
220.312  0.364964  548 6
-271.064  0.273333  150 4
228.296  0.208459  331 4
11.748  0.269421  605 6
12.656  0.25  148 4
13.016  0.228125  320 6
75.284  0.385204  784 4
-2.968  0.270123  733 6
10.252  0.239653  1498 4
9.78  0.248377  616 6
58.904  0.392  250 4
-229.468  0.267879  825 6
135.736  0.384091  1320 4
14.844  0.197324  299 4
-384.66  0.255833  1200 4
10.904  0.269939  326 6
-331.404  0.26227  652 4
12.872  0.306569  137 4
-230.032  0.232143  616 6
-68.192  0.224832  298 6
-1.312  0.271111  450 6
93.844  0.365079  252 4
30.124  0.230108  465 6
164.624  0.279944  718 4
-130.876  0.255102  490 6
63.796  0.216981  212 6
-3.252  0.270677  399 4
14.844  0.230444  473 4
133.06  0.295011  461 4
255.684  0.257353  408 4
68  0.311966  468 4
17.032  0.317919  173 4
85.752  0.387487  991 6
9.124  0.256306  1229 6
13.532  0.219949  391 6
-319.188  0.220736  299 6
63.936  0.377282  986 4
17.22  0.314488  283 4
14.16  0.207349  381 6
-115.904  0  16383 4
54.156  0.377295  1198 4
61.448  0.295082  183 6
14.656  0.297386  306 6
-176.844  0.219512  410 6
56.216  0.320691  2953 4
58.72  0.387632  1989 4
144.656  0.183333  180 4
185.496  0.240093  1287 4
-367.648  0.256753  14586 6
-189.468  0.253612  3115 6
167.688  0.37037  270 6
-218.436  0.268293  328 4
249.216  0.380631  1332 6
54.608  0.3375  480 6
14.816  0.221277  235 6
60.94  0.357453  2073 6
13.344  0.228643  398 6
-292.484  0.239072  1121 4
13.548  0.0657895  228 6
162.032  0.35513  887 6
12.812  0.160221  181 4
88.252  0.406475  278 4
-160.472  0.21374  262 6
-3.064  0.209677  186 6
1.648  0.257614  4794 6
57.204  0.365116  2150 6
-154.108  0.209213  521 6
-5.124  0.262364  1193 4
177.752  0.0927152  151 6
261.532  0.205036  278 6
56.36  0.449355  543 6
271.468  0.300163  613 6
-73.188  0.280142  282 6
12.856  0.214669  559 6
279.124  0.219298  798 6
15.376  0.310484  248 6
-8.436  0.257576  330 6
-219.504  0.292994  314 6
307.656  0.238208  424 6
65.624  0.353797  1580 4
-230.904  0.258177  10609 4
108.184  0.278302  212 6
67.248  0.360082  486 6
56.128  0.352147  1630 4
257.484  0.255814  172 4
12.56  0.206349  252 4
219.404  0.262372  1071 4
-64.624  0.313187  182 6
-200.188  0.250106  2363 6
120.684  0.229955  661 4
-77.06  0.252468  709 6
247.128  0.260231  1906 6
-318.344  0.179074  497 6
265.096  0.235602  191 4
-164.564  0.247967  1968 4
67.6  0.229323  16383 6
12.22  0.162679  209 6
4.376  0.249123  1425 6
285.592  0.120805  149 4
12.188  0.211749  732 6
269.58  0.356073  601 6
116.972  0.313636  220 6
18.764  0.312195  205 4
72.5  0.384615  975 4
12.484  0.198502  534 6
15.168  0.32526  289 6
293.5  0.239327  2319 4
55.404  0.374093  965 4
21.688  0.159794  194 4
301.624  0.259897  1162 6
16.376  0.238411  151 4
19.28  0.197952  293 4
228.092  0.245455  2750 4
14.468  0.117647  136 6
65.06  0.384615  1144 6
81.436  0.392  375 6
93.564  0.241026  195 6
-322.188  0.232376  383 4
27.06  0.355556  180 4
55.064  0.345058  2843 6
11.876  0.251256  199 6
60.952  0.371795  546 4
11.5  0.233083  266 4
14.092  0.222798  386 4
-107.784  0.233083  399 6
8.5  0.284264  197 4
-209  0.218367  490 4
-222.628  0.180412  194 4
170.564  0.399142  233 6
-323.924  0.234813  856 6
10.128  0.273438  384 6
-169.032  0.241758  1092 6
19.5  0.168539  178 6
69.328  0.375834  1349 6
11.94  0.284932  365 4
7.156  0.259472  2613 4
67.624  0.349268  1297 4
-69.968  0.33125  160 6
50.94  0.332389  3884 6
72.28  0.38746  622 4
113.328  0.25836  1854 6
72.312  0.430303  660 4
7.92  0.229986  1474 4
55.312  0.39548  708 4
51.612  0.328839  4005 6
-44.376  0.241558  385 6
-254.516  0.245161  1705 4
209.94  0.264331  314 6
12.128  0.12426  169 6
-383.78  0.262527  918 4
191.156  0.290749  227 6
-317.144  0.223287  1357 6
-119.964  0.337662  308 6
146.312  0.232394  284 4
15.752  0.048913  184 4
23.656  0.156997  293 4
149.184  0.296407  334 4
-184.172  0.299213  127 6
57.064  0.43007  858 6
81.968  0.362225  773 4
71.372  0.289683  252 4
-22.076  0.251016  2215 4
11.124  0.184358  179 6
71.908  0.297872  235 4
70.06  0.401026  975 4
-39.592  0.271012  583 4
10.688  0.256831  183 4
68.296  0.417997  689 6
208.156  0.324111  253 6
10.608  0.23937  1270 4
133.796  0.227059  850 6
7  0.231125  649 6
20.844  0.188406  138 6
13.124  0.22963  270 6
285.848  0.260465  645 4
-54.124  0.262069  435 4
9.5  0.25  776 4
-53.968  0.270232  1421 6
16.284  0.261628  172 6
12.504  0.27907  172 6
-266.908  0.171429  490 4
-359.536  0.250335  1494 6
-328.124  0.163311  447 6
220.688  0.386565  789 6
62.752  0.33252  2048 6
-16.968  0.182979  235 4
9.56  0.252656  3954 4
88.748  0.201278  313 4
44.22  0.273643  2284 4
66.144  0.389507  1258 6
51.392  0.370102  2756 4
70.748  0.386063  1435 4
-10.968  0.15  180 4
16.876  0.163934  122 4
127.624  0.24898  245 4
138.952  0.352495  1583 6
280  0.117647  187 4
-305.268  0.244764  1528 6
88.592  0.366013  765 6
10.172  0.248887  2471 6
16.248  0.177966  236 4
11.876  0.109589  146 4
154.232  0.336792  1060 4
70.796  0.359281  334 4
-81.716  0.27242  1773 6
114.532  0.327434  226 6
10.64  0.232346  1317 4
12.596  0.216216  222 6
16.096  0.303887  283 4
257.496  0.195455  220 4
-161.376  0.23299  485 6
7.968  0.23934  727 4
71.284  0.363441  1395 4
14.972  0.176056  142 6
12.468  0.245747  529 4
-145.66  0.230392  204 6
-110.704  0.351485  202 4
12.348  0.288889  315 4
74.64  0.312849  179 6
257.984  0.245447  2306 4
61.688  0.3037  1811 4
12.668  0.263728  1293 4
63.064  0.371069  477 4
96.128  0.262664  533 4
-258.096  0.273263  849 4
17.876  0.304598  174 6
-1.78  0.245696  639 6
146.844  0.374813  667 6
12.284  0.291339  381 6
56.532  0.369688  2118 4
68.656  0.341463  205 4
-307.312  0.259462  2378 4
147.34  0.394631  745 4
82.48  0.37605  476 4
62.8  0.354749  1790 4
17.532  0.289593  221 6
57.704  0.355543  1786 6
64.856  0.225806  434 6
51.004  0.385557  1634 6
313.316  0.183099  213 6
175.128  0.426087  460 6
91.092  0.190217  184 6
17.936  0.124294  177 4
62.248  0.411421  1541 6
95.08  0.253597  2989 4
14.624  0.212766  188 4
-180.892  0.254157  421 4
67.06  0.381608  1381 6
-138.296  0.213115  793 4
80.876  0.396936  718 4
49.94  0.40379  686 6
56.844  0.378654  1471 4
250.192  0.207746  568 6
77.844  0.371809  901 6
9.28  0.238532  763 4
-377.812  0.220268  1194 4
179.56  0.256198  363 6
288.86  0.258285  1901 6
13.064  0.218679  439 4
18.064  0.205128  156 6
-222.44  0.274576  295 4
10.156  0.198718  312 6
12.904  0.184028  576 6
62.388  0.349778  1804 6
66.904  0.430605  281 4
13.704  0.279883  343 6
24  0.186207  145 4
54.436  0.388829  931 4
54.92  0.341648  2646 6
150.688  0.24356  427 4
32.784  0.27027  444 6
63.688  0.349042  1252 6
60.408  0.383562  803 6
223.064  0.426471  272 4
78.748  0.26158  367 4
14.344  0.279592  490 6
-43.124  0.270096  622 6
53.048  0.357025  605 4
203.72  0.382968  2055 4
14.048  0.153094  307 4
-134.5  0.301852  540 6
-93.344  0.241302  891 6
-293.504  0.265957  376 4
-3.372  0.226137  2242 4
13.812  0.238835  515 4
279.2  0.402667  750 4
207.844  0.241169  821 4
15.184  0.25  204 4
200.128  0.260394  457 6
73.06  0.42029  345 4
7.128  0.240057  704 4
99.576  0.30531  226 4
-346.376  0.269427  1570 6
-56.064  0.265442  2396 4
66.108  0.331947  1202 6
15.872  0.278195  133 4
67.748  0.336353  1656 4
67.692  0.349133  865 6
86.312  0.253659  205 4
-283.096  0.150769  325 6
146.78  0.355128  780 6
62.924  0.367865  946 6
59.64  0.36183  1661 4
-187.688  0.214912  228 4
244.156  0.253165  158 6
139.748  0.373798  832 4
9.904  0.248004  1879 4
9.344  0.281776  1959 6
57.792  0.35099  1869 4
246.624  0.340886  971 6
103.144  0.362011  895 6
69.808  0.377465  355 6
6.032  0.247907  1553 6
10.716  0.309783  368 6
-180.216  0.248201  834 4
-353.216  0.267164  670 6
57.736  0.344898  1960 4
6.876  0.231791  2032 6
14.188  0.271605  243 4
62.592  0.345009  571 6
188.72  0.204545  616 4
-171.908  0.242328  945 4
212.844  0.267241  2088 4
-105.936  0.139073  302 6
133.812  0.187354  427 4
54.188  0.377304  1031 6
218.376  0.250133  1875 4
-269.184  0.30566  265 6
-365.872  0.305164  213 4
73.784  0.329134  635 6
52.952  0.254301  1860 4
54.592  0.370423  710 6
305.424  0  16383 6
284.764  0.258719  1921 4
68.376  0.257143  210 4
68.156  0.378689  1220 6
168.656  0.236997  2038 6
66.876  0.353495  1488 4
50.564  0.361217  1578 4
12.376  0.295139  288 6
13.78  0.130631  222 4
40.908  0.258065  248 4
12.408  0.323843  281 4
196.188  0.261038  2061 6
52.312  0.372315  2095 6
31.812  0.250253  987 6
104.78  0.249261  1015 6
254.128  0.177665  197 4
206.908  0.292593  270 4
13.936  0.268085  235 6
-13.876  0.230415  651 6
11.2  0.259826  1959 6
15.952  0.298361  305 6
17.188  0.246305  203 6
111.452  0.248254  2578 4
-389.984  0.213043  460 4
90.56  0.396104  308 6
10  0.297398  269 4
225.66  0.185976  328 6
-7.156  0.247332  2155 4
-269.78  0.214765  149 4
52.28  0.35347  3559 4
165.376  0.184874  238 4
307.248  0.243056  288 6
17.78  0.32716  162 4
-357.688  0.231244  973 4
9.592  0.254027  807 4
245.84  0.200957  418 4
68.904  0.356863  1785 4
57.844  0.369081  2471 4
-2  0.242123  603 6
11.904  0.230402  1046 4
-203.404  0.227431  576 4
55.972  0.261514  1281 6
9.36  0.262552  2171 6
217.624  0.378261  230 4
-10.812  0.22695  1551 4
137.436  0.264064  871 4
13.22  0.327703  296 6
74.872  0.352467  993 6
10.436  0.235075  268 4
-372.956  0.106061  132 6
-222.092  0.368829  2451 6
-16.78  0.205479  292 4
88.328  0.373843  864 6
-388.764  0.255722  2272 4
67.252  0.352941  850 6
-390.716  0.201087  184 6
266.916  0.24485  3398 6
11.688  0.245614  798 4
60.264  0.221176  850 4
72.968  0.374608  638 4
68.532  0.359952  839 6
-32.812  0.299479  384 4
15.876  0.174194  155 4
180.376  0.239631  217 4
11.876  0.254237  177 4
85.772  0.278261  460 4
10.064  0.257028  1743 6
97.268  0.146067  267 6
308.936  0.340369  379 6
67.656  0.367713  669 6
62.06  0.33047  2212 4
-224.784  0.262262  999 6
-382.876  0.263305  357 6
59.184  0.428266  467 4
15.14  0.294545  275 6
-344.752  0.12069  174 6
-256.064  0.238554  415 4
-125.968  0.232082  293 4
-58.436  0.264766  491 6
21.204  0.1  110 4
12.532  0.209719  391 4
54.456  0.392473  558 6
-190.184  0.253012  166 4
73.092  0.424132  547 4
59.392  0.256809  1028 4
16.144  0.267782  239 4
-238.36  0.275321  701 4
79.624  0.417563  558 6
56.016  0.384766  1024 4
8.108  0.250281  1782 6
15.704  0.377049  244 6
-119.22  0.245858  1509 6
12.324  0.229111  1113 6
8.032  0.242845  2376 4
12.016  0.241067  1875 4
15.468  0.276316  228 6
111.748  0.275039  1298 6
12.124  0.233485  878 4
62.844  0.397554  981 4
-65.548  0.244798  1634 6
-264.94  0.174157  356 6
81.028  0.32097  701 4
54.592  0.343071  1472 4
-307.248  0.236052  699 6
64.436  0.35692  961 6
71.94  0.409628  1101 4
10.528  0.265159  973 4
-225.564  0.269103  301 4
-247  0.244224  909 4
81.124  0.336207  696 4
16.092  0.292835  321 4
59.376  0.380597  1072 4
-319.732  0.205752  452 4
-387.472  0.296029  277 4
-380.092  0.234079  581 4
61.72  0.366454  2033 4
-0.756  0.24061  4393 6
-382.188  0.274272  824 6
76.376  0.375912  548 6
-336.376  0.251232  203 6
296.656  0.242857  490 6
3.016  0.258936  11470 6
8.504  0.222222  243 6
142.78  0.287988  691 6
-29.94  0.242424  429 6
54.372  0.319899  1588 6
-291.452  0.236758  3134 6
52.768  0.328997  3997 4
95.408  0.307494  387 6
14.344  0.316667  180 6
314.516  0.149425  174 6
13.064  0.266165  665 6
15  0.151099  364 6
69.064  0.428147  1009 4
-317.848  0.316092  348 4
-212.032  0.248562  1738 4
13.856  0.24735  283 4
53.592  0.332034  3078 6
-196.984  0.271748  1207 4
82.188  0.320951  673 4
17.064  0.252294  218 4
14.844  0.254032  248 6
89.168  0.343548  620 4
-216.312  0.285714  175 6
58.624  0.356907  2121 6
-75.188  0.277487  191 6
140.904  0.389632  598 6
110  0.224647  779 6
50.768  0.361767  3259 4
17.064  0.238095  231 6
52.78  0.372956  2263 4
16.736  0.213198  197 4
-91.452  0.266097  1755 4
9.72  0.319853  544 4
12.964  0.24375  640 4
9.316  0.253829  457 6
-307.168  0.274266  2009 4
-133.904  0.203947  152 6
-239  0.233507  1152 4
55.828  0.345745  188 6
62.908  0.246479  1704 4
-14.268  0.281818  220 6
251.032  0.185185  135 4
73.124  0.226168  535 4
-373.092  0.308081  198 4
113.064  0.269486  1206 6
-341.596  0.268263  5010 6
307.252  0.341791  670 4
181.72  0.244915  1180 4
67.672  0.323177  1838 4
-387.592  0.268987  632 6
7.344  0.274968  771 6
109.752  0.37234  282 6
-0.78  0.213187  455 6
103.544  0.48  225 4
15.968  0.266667  270 4
-376.752  0.327684  177 4
-63.468  0.232342  538 6
67.968  0.384529  892 6
156.064  0.337855  1548 4
-85  0.213592  618 6
71.94  0.324614  1491 6
95.236  0.256908  4017 6
303.996  0.188586  403 6
-329.128  0.186969  353 6
15.592  0.388889  720 4
63.732  0.39207  1589 4
237.78  0.320856  187 4
168.908  0.363636  330 4
149.624  0.218349  545 4
69.608  0.33576  1099 4
91.968  0.257307  3832 6
15  0.231638  354 4
158.532  0.238453  1732 6
14.028  0.238806  536 4
55.816  0.421538  650 6
4.532  0.264571  1750 4
-398.94  0.194969  159 6
53  0.381988  644 6
81.236  0.23908  435 6
117.612  0.4  200 6
96.968  0.404412  544 6
12.624  0.287879  198 4
62.612  0.392617  1490 4
63.28  0.403769  743 6
133.876  0.0995671  231 4
-169.908  0.247423  388 6
-277.56  0.20197  203 6
-220.064  0.247146  1489 6
71.78  0.392544  456 6
-96.128  0.227891  294 6
13.796  0.258126  523 4
72.596  0.154574  317 4
85.812  0.252199  341 6
12.14  0.234684  1061 4
289.748  0.01  100 6
141  0.28031  1163 4
48.656  0.390276  1522 4
-351.748  0.248963  241 6
6.032  0.222561  1312 4
76.296  0.418891  487 4
70.064  0.323182  1609 6
98.876  0.395387  607 6
-274.748  0.176871  147 6
-9.92  0.229494  1146 4
-136.5  0.199219  256 4
10.752  0.302885  208 4
-106.14  0.220232  1898 6
-89.752  0.264085  284 4
280.36  0.232714  1938 4
58.232  0.331875  1829 6
23.532  0.220297  404 6
56.36  0.337963  1080 4
70.064  0.356986  1367 4
227.376  0.269596  842 4
-79.528  0.260563  710 4
14.156  0.211087  469 6
-220.188  0.224274  758 4
49.904  0.300752  266 4
18.128  0.0530973  113 6
-6.764  0.222222  513 6
24.22  0.111111  243 6
9.268  0.217105  152 4
264.752  0.270796  565 6
62.284  0.256711  596 6
-349.06  0.242826  453 6
15.076  0.247423  291 4
14.656  0.237548  261 4
12.408  0.211628  430 6
-0.028  0.217865  459 6
-345.308  0.209449  635 4
-292.892  0.253772  729 4
-3.56  0.278061  392 6
197.62  0.382857  875 4
50.436  0.352595  2717 6
13.328  0.136546  249 6
66.188  0.367994  1231 6
-69.516  0.283582  201 6
14.88  0.234742  213 4
80.128  0.435845  491 4
-66.148  0.236352  6283 6
-260.848  0.213115  183 6
171.64  0.256433  1127 6
1.376  0.186747  166 6
154.44  0.183673  588 6
16.016  0.248344  302 6
-209  0.256228  281 6
54.44  0.356322  2349 4
218.48  0.429644  533 4
289.78  0.191011  356 6
204.72  0.195055  364 4
65.928  0.343681  902 6
5.84  0.241184  2297 6
11.752  0.256729  483 4
8.184  0.194118  170 4
66.372  0.369883  684 4
72.184  0.373668  1314 6
15.064  0.15493  213 4
215.78  0.289183  453 6
160.216  0.262295  1464 6
5.968  0.252215  5983 4
-7.64  0.202985  335 6
8.656  0.249702  4197 6
17.956  0.185841  226 4
273.844  0.262136  206 4
-313.032  0.274775  444 6
17.608  0.156398  211 4
-365.748  0.338384  198 6
118.404  0.272966  381 4
72.656  0.36309  1165 4
217.372  0.264368  174 6
42.456  0.201681  595 6
-168.124  0.125654  191 4
45.672  0.258713  2238 6
-335.188  0.172757  301 6
211.776  0.36803  538 6
14.872  0.311321  318 6
30.532  0.251267  1381 4
-3.06  0.230635  2285 6
117.376  0.386139  606 4
-179.028  0.281457  302 4
220.188  0.259363  2857 4
15.152  0.257485  167 4
14.248  0.290179  448 6
74.94  0.335878  655 6
-89.968  0.237168  565 4
62.252  0.35989  1820 4
-317.36  0.222857  175 4
204.716  0.211066  488 4
-171.656  0.2375  320 6
285.436  0.385645  822 4
311.812  0.277778  540 6
210.784  0.298295  352 4
-35.592  0.248597  2494 6
70.688  0.333662  1013 4
66.984  0.357074  1039 6
12.856  0.2384  625 4
125.688  0.322581  279 6
256.812  0.243848  447 6
11.904  0.237647  425 6
20.936  0.213333  150 4
124.716  0.333333  210 6
157.344  0.223975  317 4
72.56  0.380309  1036 6
76.968  0.380952  924 6
104.436  0.209821  224 4
201.096  0.377264  994 4
72.312  0.435696  381 6
10.504  0.280992  242 4
89.468  0.339587  533 6
235.408  0.344595  296 6
-5.344  0.292453  212 6
53.032  0.37037  621 6
-266.284  0.277778  432 4
9  0.260135  1480 4
12.048  0.239203  602 6
54.624  0.364826  2064 6
-24.216  0.171642  134 4
-223.472  0.263298  752 4
-282.716  0.252336  1177 4
9.42  0.260828  6257 4
13.832  0.202864  419 4
11.72  0.339768  259 4
-169.78  0.238311  663 4
-378.316  0.226027  146 4
11.248  0.243094  181 6
-73.452  0.245833  1920 4
254.7  0.359574  470 4
-143.892  0.216561  471 6
97.532  0.44208  423 4
58.86  0.345438  2258 4
-221.156  0.306723  238 6
11.032  0.26564  1039 6
13.404  0.370909  275 4
152.124  0.248619  905 6
-120.796  0.258475  236 4
56.172  0.342411  3011 4
68.08  0.369231  780 6
69.656  0.352248  934 4
-358.968  0.342964  1869 6
-51.248  0.269143  1750 6
59.484  0.394519  1569 6
-206.264  0.248408  471 6
13.124  0.218659  343 6
-23.844  0.303695  866 6
22.124  0.321429  280 4
54.968  0.272527  455 4
15.628  0.355932  236 6
64.36  0.391691  674 6
51.672  0.354531  1887 6
122.436  0.369154  1796 4
-300.564  0.355556  225 4
264.748  0.272131  305 6
-241.968  0.208835  249 4
-0.376  0.242366  524 4
7.892  0.258746  1515 6
-231.484  0.326772  254 6
61.548  0.35307  912 4
-339.872  0.222222  396 6
58.64  0.345781  2892 6
141.548  0.217077  691 4
-35.032  0.234875  562 4
105.392  0.278455  1476 4
-279.78  0.186885  305 4
55.752  0.371198  1611 4
47.328  0.365681  3246 4
-143.512  0.257596  757 4
253.684  0.272727  209 4
12.092  0.284892  695 6
65.816  0.379562  685 6
307.156  0.238889  1440 4
16.248  0.179894  189 6
61.768  0.332139  837 6
293.72  0.195531  537 6
57.472  0.407754  748 6
255.312  0.222222  360 4
17.8  0.0642857  140 4
19.64  0.200456  439 4
-147.68  0.230811  1824 6
210.968  0.272109  1029 6
28.908  0.317949  195 6
-394.968  0.161458  192 4
60.972  0.376344  279 6
132.248  0.283069  378 4
16.688  0.224771  218 4
134.064  0.354308  1033 6
-372.184  0.25303  660 4
4.952  0.254145  8444 6
14.72  0.15847  183 4
62.376  0.367302  1364 6
-1.016  0.254317  5328 4
301.876  0.323404  235 6
-181.564  0.258514  646 4
106.032  0.270677  266 6
-239.872  0.255014  1047 4
172  0.18797  133 4
13.86  0.259259  540 6
9.656  0.256287  835 6
46.592  0.3566  3553 4
50.92  0.347805  2073 4
203.08  0.238569  2012 4
103.28  0.241818  1100 6
57.156  0.417864  1601 6
-212.86  0.230686  919 4
10.688  0.272857  700 4
140.66  0.23192  401 6
-92.908  0.22695  1833 6
-313.94  0.148594  249 4
149.144  0.274627  670 6
-273.392  0.262797  2188 4
4.552  0.216989  1189 4
6.248  0.216418  134 6
14.436  0.333333  210 4
-133.304  0.186352  16383 4
51.888  0.343292  1707 4
207.112  0.456633  392 4
152.28  0.412  750 6
311.14  0.23348  1135 6
299.532  0.247619  1680 4
-310.936  0.314488  283 6
-1.784  0.228896  1232 4
61.312  0.404448  1439 6
-16.904  0.228412  359 6
81  0.344609  473 4
68.42  0.360677  1536 4
-26.736  0.232662  1788 4
170.936  0.361233  681 6
68.596  0.373321  1117 6
13.592  0.27933  358 4
148.892  0.359606  406 4
-214.628  0.304569  394 6
19.188  0.254335  173 4
66.468  0.386878  442 6
-257.124  0.202614  153 6
113.908  0.177885  416 4
63.936  0.163934  305 6
66.72  0.358763  970 4
-0.968  0.222222  495 6
87.436  0.356  500 6
-61.564  0.26087  230 6
69.764  0.368142  1130 6
237.44  0.23744  1453 6
17.376  0.247573  206 4
-256.344  0.254364  401 4
72.032  0.3125  384 4
126.388  0.229787  235 6
8.812  0.122807  228 4
-273.42  0.167598  179 4
-11.936  0.263529  425 6
58.5  0.338272  1215 4
18.812  0.391304  184 6
-268.44  0.263114  1201 4
12.688  0.248876  667 4
-322.628  0.113043  115 4
-270.812  0.258082  3619 6
-5.716  0.252101  238 4
65.988  0.294545  275 6
-139.016  0.216667  300 6
13.668  0.234604  341 6
13.904  0.174479  384 6
14.296  0.212042  382 4
12.596  0.22007  568 6
13.436  0.231383  376 4
63.92  0.365184  1057 6
265.312  0.257576  330 6
-8.06  0.265785  5068 6
-376.328  0.214032  1126 6
294.5  0.384083  578 6
-1.876  0.275229  872 6
305.124  0.256851  2153 4
139.532  0.40552  1413 4
-121.312  0.253125  320 4
7.752  0.254279  1227 6
180.184  0.301158  259 4
-300.688  0.254833  569 4
64.344  0.340031  647 4
237.94  0.218182  825 4
63.812  0.420455  880 4
119.204  0.214689  354 6
176.564  0.406425  716 4
-271.284  0.227141  1039 4
-63.908  0.267624  3135 6
-228.14  0.263584  1730 4
-69.216  0.255196  866 6
-342.592  0.264303  1241 4
-41.748  0.27791  421 6
16.156  0.284574  376 4
17.688  0.157534  146 4
10.112  0.242353  1275 6
94.252  0.305699  193 4
16.404  0.252174  345 4
66.12  0.38765  1166 6
58.844  0.350852  2055 6
6.344  0.263852  3718 4
-226.624  0.275862  319 6
259.472  0.390369  976 6
1.352  0.247323  4015 4
55.748  0.380813  2043 6
-226.156  0.203125  704 6
-34.968  0.27208  1404 4
-340.968  0.361873  1495 4
66.092  0.38429  1655 4
254.828  0.133333  135 4
178.216  0.224044  183 6
-89.188  0.272262  977 6
-307.344  0.242268  194 6
13.904  0.148148  243 6
302.768  0.391694  1228 6
11.936  0.152439  164 6
47.828  0.317769  3855 6
56.14  0.341014  2387 6
71.656  0.388837  1075 6
241.156  0.213198  591 4
-387.28  0.227353  563 6
-210.78  0.236842  228 6
-131.108  0.261025  839 4
15.192  0.119403  201 4
-392.844  0.226804  291 6
-367.408  0.278186  816 4
-258.716  0.107981  213 6
-335.436  0.260163  369 6
69.032  0.412647  933 6
-175  0.247863  585 6
15.376  0.0714286  196 6
63.532  0.430657  411 4
80.248  0.334008  494 6
-327.496  0.0909091  220 6
134.188  0.231366  2321 6
7.22  0.268195  8505 4
16.72  0.201413  283 6
14.436  0.25256  293 4
13.172  0.245902  183 6
-390.7  0.250909  275 6
-85.316  0.24911  281 4
73.064  0.34292  452 6
-293.78  0.133758  157 6
66.436  0.389072  1519 4
-181.656  0.347548  3283 6
-145.748  0.310881  193 4
53.596  0.372999  2311 4
107.28  0.228184  1696 6
59.376  0.348503  1670 4
79.788  0.416667  756 4
-320.544  0.186047  172 6
-384.908  0.258741  2431 6
14.36  0.285714  553 4
57.776  0.325619  3111 4
-171  0.25782  2110 6
13.312  0.195545  404 6
52.22  0.34181  1691 4
251.096  0.240618  453 4
59.328  0.379603  706 4
-169.936  0.262376  202 6
8.312  0.28821  916 4
11.784  0.237316  611 6
12.764  0.243028  502 6
-391.032  0.225694  576 6
62.452  0.417384  1162 4
13.216  0.236088  593 6
51.888  0.369069  569 6
176.92  0.338902  419 4
-310.22  0.175  240 6
15.732  0.277592  299 6
54.228  0.324501  2453 4
12.22  0.0442478  113 6
62.284  0.363211  1495 4
13.748  0.258348  569 4
275  0.421589  491 4
-104.828  0.222325  2159 4
-276.512  0.243596  2147 6
-352.472  0.249833  1501 4
68.092  0.248804  209 6
-280.876  0.21608  199 4
132.376  0.298643  221 4
-220.592  0.311728  324 6
-46.376  0.226368  402 6
58.904  0.333022  1069 4
54.42  0.353392  3523 6
88.064  0.302521  357 4
77.032  0.392758  718 4
-105.716  0.248183  1926 6
14.28  0.241895  401 6
55.484  0.347147  1858 4
273.644  0.248633  2011 6
-181.06  0.260956  4039 4
229.78  0.229687  1280 4
-101.704  0.275641  936 6
298.472  0.33557  745 6
56.44  0.387016  1602 4
-2.624  0.311828  372 4
-258.5  0.255521  317 4
-6.424  0.129944  177 6
12.656  0.229911  448 4
103.064  0.243478  345 4
50.64  0.332896  3815 6
15.516  0.280142  564 6
180.564  0.343105  921 4
-35.904  0.237421  636 6
16.732  0.143939  132 6
0.188  0.25  676 6
248.516  0.273504  1287 4
62.552  0.336902  1401 4
150.532  0.204225  142 6
-150.688  0.250896  279 6
-381.468  0.255283  1183 6
12.72  0.278135  622 6
-178.34  0.240026  1554 6
181.688  0.259392  559 6
-10.564  0.223358  1858 4
210.672  0.273128  227 4
12.812  0.231618  272 4
111.16  0.266968  442 6
-4.72  0.249901  2537 6
12.596  0.249395  413 4
123.844  0.0892857  168 4
31.72  0.201717  466 4
102.796  0.344762  525 6
15.472  0.254386  342 4
74.496  0.421462  643 6
16.468  0.255034  298 4
11.876  0.196911  259 4
82.252  0.373913  690 6
81.248  0.21374  262 4
246.968  0.198391  373 6
189.816  0.261541  14579 4
145.22  0.390944  1568 6
63.28  0.342857  1085 4
62.528  0.406475  1112 6
-33.624  0.242531  1707 4
59.624  0.364378  1471 4
14.812  0.276873  307 4
-266.624  0.281938  227 6
-292.22  0.265957  470 6
11.608  0.235217  761 6
160.468  0.339041  3212 6
56.812  0.332451  1134 6
60.5  0.347891  2015 4
10.44  0.263804  1141 4
59.64  0.26087  1403 6
100.92  0.381381  333 6
21.376  0.217949  156 4
56.516  0.333648  3180 4
34.344  0.272242  1124 4
208.688  0.418398  674 4
64.408  0.32  375 4
290.56  0.360614  1173 4
51.656  0.376771  2118 4
-86.06  0.159744  313 6
-278.34  0.317949  195 4
-254.356  0.233965  1637 6
85.968  0.407273  550 4
62.596  0.412556  892 6
-222.84  0.266497  394 4
-370.128  0.260313  703 4
10.748  0.269939  163 4
14.94  0.196759  432 4
155.344  0.196532  173 4
97.424  0.248502  2503 6
83.188  0.266839  386 6
9.812  0.233289  1496 6
67.124  0.379192  1461 4
232.56  0.25062  403 6
60.064  0.361446  830 6
99.752  0.355634  284 6
-54.124  0.255017  1196 4
-2.86  0.255263  3040 6
-36.612  0.23331  1453 4
102.248  0.258197  1220 4
15.624  0.173077  208 4
245.968  0.21501  493 6
-176.688  0.156716  134 4
286.684  0.24975  1001 6
69.532  0.367915  1041 6
115.564  0.332296  1285 4
222.376  0.233983  359 6
60  0.339631  2170 6
-1.748  0.247609  941 6
15.688  0.25  316 4
4.376  0.25885  3616 6
-393.376  0.283582  469 4
18.452  0.275081  309 6
13.468  0.253283  533 4
8.496  0.339286  168 6
150.484  0.231423  942 4
10.876  0.157407  216 6
58.684  0.387755  1568 4
-332.792  0.241013  3199 6
107.472  0.171171  444 6
-26.284  0.331579  190 6
15.796  0.293478  276 6
18.812  0.36014  286 4
57.328  0.333491  2111 6
63.924  0.354015  1370 4
68.672  0.389908  436 4
139.78  0.143678  174 4
56.484  0.349515  1854 6
15.532  0.253112  241 4
-323.22  0.301136  176 6
286.936  0.271111  225 4
-368.064  0.246528  288 6
13.344  0.322404  183 6
63.72  0.376569  956 6
11.216  0.241935  310 6
-87.06  0.226601  812 4
43.516  0.343403  3244 6
-0.592  0.264299  1661 4
-9.748  0.0180065  16383 4
82.64  0.351295  965 6
154.376  0.22898  559 4
275.124  0.285714  434 6
100.596  0.264381  9770 4
67.28  0.350917  1308 6
-205.656  0.254513  1108 4
69.044  0.339461  1632 4
62.968  0.354338  2190 4
14.032  0.210046  438 4
66.612  0.384512  1485 4
-108.124  0.326848  257 6
-364.344  0.154242  389 6
313.156  0.310145  345 4
-205.892  0.253154  1189 4
43.968  0.235791  1777 4
-356.808  0.249872  1949 6
-114.28  0.212291  358 6
141.672  0.355895  1374 4
150.628  0.224359  936 4
12.936  0.264706  204 4
16.908  0.222222  315 4
-367.592  0.303823  497 4
-50.56  0.23348  227 4
158.688  0.21322  469 4
237.904  0.369811  1060 6
-43.968  0.315589  263 6
78.452  0.34  250 4
-258.92  0.246978  1158 4
-276.02  0.0999817  16383 4
66  0.237154  506 4
7.496  0.263736  182 6
189.56  0.201646  243 6
89.344  0.0366972  109 6
126.828  0.257243  1139 6
-136.5  0.184426  244 4
4.064  0.160279  287 4
31.308  0.258741  143 6
58.096  0.361644  365 6
257.6  0.243137  765 6
-338.808  0.163934  305 4
256.472  0.31875  160 4
9.832  0.248418  1264 4
10.656  0.180685  321 6
52.56  0.362492  1509 6
51.872  0.355154  2047 4
68.528  0.365541  1480 6
9.84  0.249781  1141 6
64.784  0.376731  361 6
68.528  0.39013  1074 6
235.976  0.404394  1229 6
10.752  0.217949  390 6
-340.136  0.213235  408 4
-378.592  0.23736  712 6
236.248  0.365411  717 4
160.624  0.425087  287 6
79.872  0.310714  280 6
-304.12  0.267409  359 6
14.424  0.276923  390 4
-207.744  0.26458  3515 4
282.184  0.271429  140 4
14.088  0.247331  562 4
-252.4  0.236965  2359 6
6.504  0.225935  1257 6
181.432  0.364391  1567 6
55.112  0.355556  270 6
11.816  0.401544  259 6
280.288  0.224734  752 4
39.904  0.282828  396 4
17.224  0.263158  171 6
9.032  0.266756  746 4
-373.312  0.245614  456 6
16.096  0.233838  727 4
11.952  0.249084  273 6
11.064  0.260246  488 4
14.216  0.238901  473 4
14.656  0.197279  147 4
188.88  0.251678  298 6
65.936  0.388075  956 6
-215.92  0.079096  177 4
8.04  0.253958  14148 4
-321.52  0.238541  1069 4
139.568  0.179039  229 6
58.376  0.28821  229 4
94.128  0.411647  498 6
-126  0.108527  129 4
119.44  0.206731  208 6
-108.376  0.232026  306 4
-146.44  0.05625  160 6
66.264  0.396511  1261 6
13.376  0.327684  177 6
234.184  0.249745  3920 4
239.56  0.240133  1799 6
31.056  0.232026  2142 6
113.848  0.2553  1132 4
-133.872  0.224832  596 6
-128.312  0.163043  276 6
-369.184  0.0588235  102 6
24.048  0.234043  235 6
13.56  0.323834  386 6
-354.624  0.272727  187 4
-275.592  0.248649  1295 6
-30.312  0.26988  415 4
233.368  0.210884  441 6
12.112  0.24356  854 4
51.264  0.345387  3208 4
10.936  0.234136  457 6
18.032  0.287582  459 4
72.752  0.382038  1403 4
-59.752  0.26009  223 4
-129.776  0.235585  607 4
25.944  0.231939  263 4
234.952  0.353448  1740 4
56.904  0.369261  1503 4
-38.408  0.232394  284 6
87.04  0.352941  289 4
11.84  0.186813  273 4
66.48  0.392202  1308 4
48  0.325887  3581 6
14.312  0.231579  285 4
-290.096  0.256091  1765 6
238.752  0.246002  813 6
64.968  0.372011  1129 6
87  0.363441  930 4
92.848  0.417699  565 6
15.56  0.202429  247 4
290.872  0.30198  202 4
282.032  0.257143  280 4
-184.752  0.242775  173 4
58.968  0.358227  1647 4
83.6  0.188679  477 6
-147.528  0.216667  300 4
89.568  0.402477  646 6
79.344  0.407035  796 4
-46.296  0.21635  1211 4
51.832  0.374942  2171 4
70.968  0.36165  412 4
-30.472  0.284757  597 6
70.296  0.336993  1184 6
-140.64  0.245016  1555 6
-387.16  0.192308  598 4
62.064  0.348321  1757 6
67.408  0.242389  854 6
114.592  0.237811  1005 6
-255.744  0.19646  565 6
61.096  0.357041  703 4
-105.744  0.180628  382 6
50.232  0.335104  3766 4
65.056  0.293388  242 4
76.688  0.228758  306 6
15.088  0.310734  354 6
-48.728  0.174468  235 4
61.704  0.344778  2097 6
-361.28  0.22252  746 4
11.888  0.248955  1675 4
81.344  0.358896  326 4
280.72  0.381234  1183 6
54.6  0.361809  1393 4
101.016  0.248918  462 4
-294.688  0.245649  1494 4
54.184  0.353226  1240 6
72.192  0.410405  346 4
294.408  0.261682  214 6
12.968  0.26431  594 4
94.56  0.355769  416 6
-355.976  0.268293  451 4
24.84  0.150602  166 6
-279.864  0.4  770 6
-355.752  0.225933  509 4
11.248  0.292541  858 6
-64.688  0.251592  942 6
180.936  0.206573  213 6
-193.784  0.278577  1181 6
74.472  0.39291  677 6
259.376  0.207127  449 4
55.896  0.343146  1189 6
57.392  0.32649  1997 6
12.56  0.200501  798 6
55.408  0.360917  1571 4
-206.536  0.273325  2283 4
12.88  0.279279  555 4
57.28  0.336466  2660 4
58.056  0.34858  1902 4
195.72  0.246596  661 4
-163.352  0.251323  756 4
213.184  0.379958  479 4
-24.472  0.29742  659 4
156.656  0.15444  259 4
15.16  0.180077  261 6
6  0.254118  425 4
-35.376  0.0569106  123 4
119.528  0.146667  150 6
310.752  0.159091  220 6
-8.216  0.253165  395 6
-277.968  0.255385  325 4
-34.096  0.232558  559 6
11.4  0.259036  1826 4
-0.064  0.201729  347 6
52.464  0.356436  707 6
245.064  0.263672  512 6
-303.88  0.283843  229 6
15.096  0.266393  488 4
235.44  0.22433  896 4
-251.936  0.27933  358 6
-77.872  0.274566  346 4
-202  0.266339  1423 6
8.648  0.23185  854 4
8.56  0.266667  255 4
225.184  0.247303  1205 6
57.048  0.378812  1869 4
-131.144  0.215139  251 4
-316.808  0.241913  1422 6
0.808  0.35533  197 6
-327.72  0.194853  272 4
135.104  0.340659  1729 4
12.904  0.229075  227 6
-127.768  0.244163  2056 6
56.392  0.359551  2047 6
63.504  0.33222  1198 4
93.184  0.2  275 4
72.576  0.373537  1111 6
-104.096  0.200811  493 4
91.464  0.416256  406 4
161.664  0.25641  351 4
291.944  0.266667  285 6
263.312  0.397351  755 4
-27.464  0.140741  135 4
-257.992  0.230179  1173 4
52.272  0.328024  3704 4
0.376  0.248698  5183 4
66.504  0.362903  496 6
12.072  0.258741  715 6
-256.592  0.435414  689 6
13.224  0.237288  354 4
68.504  0.227273  176 4
81.656  0.401274  471 4
-33.624  0.251908  2096 6
82.296  0.386076  790 6
16.184  0.244514  319 4
-359.248  0.263704  675 4
-137.776  0.203187  251 4
203.528  0.238776  980 4
-248.496  0.219251  187 6
17.64  0.313131  198 4
58.064  0.344315  1548 4
66.592  0.366296  1709 4
-238.376  0.250336  743 6
57.168  0.34818  2088 6
-286.032  0.289855  207 4
214.832  0.233333  540 4
54.328  0.360111  2166 6
62.592  0.417453  424 6
90.44  0.320285  281 4
53.48  0.369432  1302 6
156  0.279365  315 6
-27.784  0.266824  847 6
11.208  0.243624  1137 4
80.152  0.269813  2246 6
12.048  0.2527  926 4
13.912  0.246862  239 4
-158.096  0.233618  1053 4
53.08  0.378633  1273 4
-300.464  0.296703  273 4
-188.096  0.182857  525 4
110.184  0.171103  263 4
247.544  0.238126  1537 4
92  0.345652  460 6
-69.936  0.203463  231 4
-91.432  0.252822  443 6
119  0.313559  236 6
-41.752  0.272338  2104 6
14.912  0.183267  251 4
81.816  0.321185  439 4
109.904  0.368217  258 4
-77.536  0.278296  751 6
233.344  0.421546  427 4
3.256  0.257405  4693 4
-212.936  0.25679  1620 4
-323.184  0.104254  16383 4
-108.736  0.231638  1947 4
232.592  0.220736  299 4
148.968  0.169329  313 6
8.096  0.251458  2744 4
70.784  0.360417  480 4
77.472  0.356627  830 4
255.048  0.28337  914 6
-361.888  0.228898  699 6
-0.904  0.265517  580 6
14.232  0.312253  253 6
12.096  0.261905  630 6
-272.624  0.242105  380 4
14.224  0.254967  604 4
67.08  0.379817  1635 4
12.672  0.257271  447 6
-35.496  0.289809  314 6
261.536  0.380694  922 6
55.032  0.330661  499 6
86.936  0.384131  794 6
153.392  0.233161  1351 6
13.168  0.218107  486 4
233.312  0.229947  187 6
12.344  0.272727  209 4
-251.656  0.249587  605 4
51.472  0.350515  1261 6
10.968  0.217069  1078 4
-271.872  0.255708  657 6
15  0.2675  400 4
118.2  0.246192  2035 4
57.6  0.346494  2938 4
-213.264  0.204545  440 4
13.672  0.285714  329 4
55.528  0.39604  1111 6
-72.152  0.264662  665 6
77.968  0.262698  1260 4
-2.752  0.268471  1367 6
50.312  0.371916  2229 4
14  0.272374  514 4
51.12  0.142012  169 6
128.472  0.206544  489 6
56.08  0.355274  2370 4
55.488  0.355406  1933 6
80.344  0.38388  732 6
63.48  0.350456  2083 6
13.56  0.250689  363 6
10.128  0.256783  1032 4
-154.824  0.233635  1879 4
-361.328  0.25  728 6
6.8  0.264348  4112 4
9.504  0.224737  1900 4
-37.784  0.223077  520 6
56.688  0.385554  1966 6
18.592  0.267327  505 4
5.608  0.260534  4011 6
7.72  0.268388  2053 6
63.44  0.257914  1927 4
-176.864  0.214717  829 6
14.384  0.185615  431 4
47.44  0.364807  1631 6
56.432  0.355659  2359 6
-159.152  0.294118  238 4
71.248  0.38685  1308 6
-1.312  0.208333  480 6
14.28  0.266839  386 6
207.184  0.224026  1232 6
100.84  0.260442  814 6
-100.072  0.288462  364 6
138.28  0.176101  159 4
63.84  0.230333  1411 4
56.376  0.257235  933 6
-86.656  0.233494  621 6
45.704  0.243287  2495 4
61.896  0.322339  667 4
-229.064  0.323276  232 6
86.656  0.4  550 4
11.624  0.22467  454 6
269.448  0.390892  527 6
200.688  0.23061  967 6
61.584  0.39341  1487 6
6.208  0.260589  13811 4
-385.936  0.236842  266 4
12.424  0.226308  707 4
54.064  0.387795  1016 4
175.432  0.260895  5140 4
14  0.268182  660 4
-328.088  0.246246  333 4
-1.496  0.28972  214 4
62.024  0.353575  1762 4
53.592  0.2723  852 6
60.624  0.38721  1423 6
86.704  0.436709  790 6
-45.624  0.22  150 6
-331.064  0.334728  478 6
216.736  0.263566  903 4
-27.368  0.384921  252 6
-239.968  0.179063  363 4
110.528  0.250307  815 4
61.56  0.378585  1569 4
-232.032  0.245714  700 6
212.224  0.302326  129 6
59.792  0.349164  1853 4
166.656  0.347368  285 6
14.424  0.218845  329 6
-260.84  0.08  150 4
229.704  0.414118  425 4
57.376  0.412766  470 4
9.784  0.190311  289 6
212.968  0.254875  2205 4
-145.136  0.233766  1386 6
-307.624  0.26973  1001 4
266.568  0.387626  792 4
14.296  0.245968  496 4
-142.184  0.266718  1301 6
-315.84  0.226537  1545 4
90.464  0.22973  370 6
-298.968  0.180258  466 6
57.24  0.341667  2280 6
66.8  0.222222  1836 6
63.48  0.324561  1824 4
-128.688  0.180451  133 4
-214.032  0.225379  528 6
-295  0.215768  723 6
-217.056  0.342857  210 4
-240.088  0.262987  924 4
81.16  0.349442  269 6
-25.088  0.23371  1151 6
55.032  0.346986  3003 4
9.248  0.270049  611 4
-7.104  0.302491  281 4
66.448  0.367414  1516 6
-279.408  0.198556  277 6
91.432  0.209722  720 6
-198.472  0.266667  720 4
32.944  0.194444  288 4
221.728  0.242615  1591 6
6.624  0.227545  167 6
-219.624  0.271605  162 6
11.624  0.304217  332 4
254  0.0921053  152 6
-385.784  0.346427  2673 4
-4.872  0.273523  457 4
-204.784  0.199029  206 4
91.56  0.217593  648 6
-225.936  0.247649  319 6
-280.184  0.239403  1274 6
60.856  0.349247  2325 6
17.216  0.4  185 6
315.632  0.210369  1003 6
13.592  0.316872  486 6
-166.896  0.290993  433 4
-24.392  0.263907  773 4
145.128  0.246914  243 6
-208.328  0.272277  202 4
47.84  0.354063  2412 6
12.08  0.259113  2524 4
69.72  0.386214  914 4
-375.544  0.255937  1516 6
-389.088  0.292308  195 6
-201.872  0.188966  725 6
239.816  0.259819  331 4
-2.496  0.251208  207 6
14.2  0.235808  458 6
243.936  0.37027  740 6
215.496  0.341853  1252 4
175.904  0.359882  678 6
8.408  0.291845  233 4
-368.016  0.269572  1239 4
118  0.390224  1248 6
-88  0.302932  307 6
-309.664  0.257811  9666 4
14.12  0.313043  345 4
165.624  0.308458  201 6
184.216  0.215054  465 4
88.472  0.42  450 6
12.128  0.252837  3172 4
6.912  0.254172  6771 6
8.904  0.254791  1409 4
16.472  0.248521  169 4
4  0.29878  164 4
-89.576  0.27218  665 4
77.048  0.239739  2607 4
-346.8  0.177665  197 4
-37.408  0.0726257  179 4
11.592  0.263694  785 6
10.552  0.258197  1952 4
-107.344  0.179372  223 6
223.08  0.276824  466 4
-57.44  0.250859  1455 4
270.376  0.199052  211 6
69.064  0.371348  1061 4
-176.472  0.277273  880 4
72.128  0.344378  996 4
58.448  0.362649  921 6
16.056  0.34466  206 4
10.432  0.277317  1446 6
202.2  0.313433  402 6
-98.56  0.271111  225 6
14.784  0.241206  199 4
13.464  0.0486486  185 6
9.048  0.26671  3097 6
-136.56  0.139073  151 6
62.864  0.357313  2099 4
11.688  0.288066  243 4
10.84  0.271709  714 4
-2.064  0.260826  993 4
-206.704  0.235294  289 4
49.28  0.340785  1834 6
7.656  0.250559  1788 6
-294.992  0.240952  1050 4
83.912  0.363636  286 4
175.432  0.21659  217 6
65.392  0.395582  498 6
-319.88  0.27244  2217 6
-169.656  0.239908  2180 6
13.216  0.196765  371 6
13.224  0.266892  296 6
208.312  0.242967  391 6
-214.344  0.244073  717 6
