-280.282  0.268571  1575 4
-92.78  0.230611  1947 6
80.28  0.419244  582 6
13.247  0.15625  160 4
12.265  0.272135  768 4
6.548  0.241262  1173 6
1.937  0.254241  4598 4
-233.767  0.225836  1076 4
-259.797  0.237398  2321 6
56.687  0.272381  1050 4
99.938  0.370984  965 4
-260.843  0.175  160 4
60.983  0.356405  1936 6
9.64  0.238525  2440 4
-283.329  0.242634  1154 4
54.83  0.244769  1577 4
55.5  0.366972  327 6
10.997  0.250381  1314 6
15.155  0.317536  211 4
268.126  0.126316  190 4
139.969  0.204301  186 6
269.641  0.250248  2014 4
63.203  0.365105  1238 4
50.282  0.331654  2382 6
42.751  0.261785  1188 4
135.812  0.265625  128 6
261.391  0.382766  499 4
62.468  0.343207  1958 4
57.999  0.346491  912 4
-227.625  0.262211  389 6
10.312  0  171 4
7.906  0.268758  2359 6
-24.858  0.146667  150 4
56.314  0.386262  1121 6
-380.077  0.258687  1554 4
195.874  0.173333  150 6
65.718  0.373192  1037 4
47.344  0.325153  326 6
-316.126  0.333333  213 4
-289.735  0.197329  674 6
12.813  0.253769  398 6
101.999  0.233853  449 4
153.188  0.0597826  184 4
12.937  0.333333  201 4
237.422  0.306011  183 4
-6.344  0.25  420 6
66.266  0.38968  562 4
13.687  0.303468  346 6
147.921  0.395623  594 6
11.406  0.241176  340 4
287.936  0.267974  153 4
-131.249  0.184644  547 6
79.562  0.410822  499 4
6.42  0.258735  2118 6
316.094  0.149502  301 6
-320.376  0.221649  194 6
290.173  0.231884  897 4
14.033  0.19  200 6
12.532  0.301852  540 6
98  0.46  400 6
120.437  0.429719  249 4
61.56  0.331646  790 4
226.938  0.313869  274 6
19.126  0.249267  341 4
-97.218  0.254139  1208 4
-280.748  0.262332  892 4
57.047  0.334851  2855 6
54.954  0.356154  2527 6
299.72  0.456  500 6
124.391  0.320988  243 4
-261.718  0.38253  996 4
10.985  0.272553  1042 4
149.125  0.263434  763 6
104.048  0.2577  1948 6
8.092  0.203144  827 4
-343.624  0.197531  324 4
80.968  0.425287  348 6
60.438  0.357103  1795 6
-231.236  0.109589  219 6
13.171  0.238739  222 4
-341.063  0.274485  776 4
9.999  0.257178  1637 4
-358.438  0.21645  231 6
299.719  0.34188  234 4
78.048  0.337629  1164 6
70.735  0.415695  943 6
56.922  0.342784  2328 6
16.767  0.161572  229 4
15.405  0.100775  129 4
71.875  0.354275  1544 4
174.719  0.240106  379 4
18.798  0.29375  160 4
142  0.278049  205 6
12  0.278689  183 4
265.718  0.238436  2378 6
55.671  0.339639  3383 4
60.033  0.356343  2144 6
8.438  0.248705  193 4
71.343  0.422455  1051 6
54.296  0.377756  1043 4
13.217  0.256881  218 4
7.064  0.25998  2931 6
-321.67  0.244772  813 4
10.251  0.15445  382 6
-291.249  0.242986  1889 4
-338.921  0.200226  884 4
15.078  0.306383  235 6
18.752  0.131034  145 6
-194.158  0.259983  1177 4
11.89  0.291391  604 6
-326.343  0.187179  390 6
270.157  0.254658  322 6
12.157  0.121387  173 4
9.361  0.218244  1173 6
11.36  0.272251  573 6
273.939  0.273585  212 4
65.297  0.361455  1292 4
153.906  0.263754  2472 4
-20.078  0.23674  773 4
72.845  0.248227  987 6
-395.843  0.278132  471 4
12.249  0.259542  131 4
10.188  0.195329  471 6
14.204  0.173913  322 6
10.796  0.270352  995 6
-209.844  0.26254  937 4
-332.875  0.25625  320 4
53.875  0.341674  2438 4
13.25  0.157895  152 6
48.61  0.317533  3291 6
13.798  0.258427  445 6
174.625  0.258694  1179 4
47.531  0.266393  244 6
129.265  0.322176  239 6
-236.19  0.227273  352 6
54.749  0.39653  807 6
16.467  0.2287  223 4
216.624  0.227886  667 4
223.062  0.239766  171 4
17.234  0.182796  186 4
129.234  0.303167  221 4
51.717  0.394187  1101 6
-66.938  0.247475  198 4
-85.642  0.270183  1858 4
85.592  0.255208  1536 6
70.985  0.389877  731 4
50.748  0.12766  188 6
8  0.284125  989 4
9.531  0.256241  2123 6
10.5  0.239437  781 6
-199.532  0.227642  492 6
66.547  0.357456  1824 4
-327.438  0.243655  197 4
44.375  0.248473  491 6
16.718  0.0591716  169 4
9  0.264881  336 4
-208.813  0.228986  345 6
-0.728  0.00231948  16383 4
89.499  0.359408  946 4
11.749  0.241603  923 6
117.532  0.233333  180 4
12.391  0.213592  927 6
53.72  0.346516  1593 6
10.531  0.220697  947 6
12.032  0.261512  2367 4
-259.094  0.395276  635 6
-344.155  0.204724  127 6
-271.642  0.338907  1555 6
-293.158  0.276119  268 4
57.826  0.346764  2457 6
13.671  0.196121  464 6
69.749  0.380612  980 6
9.937  0.262712  236 6
-366.703  0.120567  141 6
11.782  0.259615  416 4
-327.61  0.231061  264 4
-218.22  0.324111  253 4
-271.469  0.290043  231 6
65.764  0.38448  1134 6
58.484  0.372485  1541 4
80.156  0.269448  887 6
-169.906  0.172589  197 6
13.187  0.259494  316 4
208.001  0.239247  372 6
-361.844  0.3125  208 4
76.031  0.228856  201 4
17.75  0.20904  177 6
17.548  0.324503  151 6
69.61  0.379518  332 6
123.999  0.317597  233 4
-252.624  0.279365  315 4
88.717  0.1625  240 6
55.625  0.353941  2119 6
65.311  0.37469  806 4
-374.128  0.191589  214 4
-199.597  0.238285  1003 4
215.25  0.339979  953 6
76.968  0.371359  412 6
76.577  0.37149  926 6
72.063  0.341346  208 4
-176.874  0.198758  161 6
-368.251  0.253758  1131 6
-213.641  0.2596  3698 4
60.829  0.349228  1489 6
99.251  0.126506  166 6
9.75  0.260652  399 4
173.062  0.362213  958 6
-3.921  0.250269  1858 4
93.032  0.39749  478 4
-180.531  0.397183  355 4
-178.625  0.31701  388 6
15.905  0.320334  359 4
-353.563  0.178082  146 4
-25.092  0.230435  230 6
14.75  0.188  250 4
-297.467  0.241123  1887 6
58.312  0.389045  712 4
72.827  0.328947  228 4
29.125  0.26226  469 6
64.562  0.377049  854 6
81.469  0.353357  283 6
63.937  0.352006  1446 4
-299.405  0.201646  243 6
58.001  0.337057  2596 6
-362.187  0.236136  1118 6
14.249  0.251748  572 4
-120.405  0.262465  1063 6
-81.654  0.238653  1366 6
60.218  0.330754  2068 6
79.938  0.376224  715 6
107.031  0.177273  220 6
-163.689  0.370536  224 6
-2.187  0.257576  1188 4
298.125  0.273032  597 4
-325.594  0.244275  1834 6
-207.907  0.240933  772 6
296.158  0.415323  992 6
-17.376  0.211712  222 6
53.108  0.37218  1330 6
-172.875  0.265734  429 6
-24.751  0.305677  229 6
149.594  0.357214  1005 6
51.531  0.258197  1220 6
-9.368  0.243647  4486 6
-139.327  0.350404  371 4
144.186  0.220497  322 4
54.344  0.32137  2452 6
-53.686  0.262184  16107 6
-115.157  0.256122  1511 6
14.408  0.255814  172 4
-298.155  0.237609  686 4
16.359  0.239766  171 6
131.468  0.252643  946 6
183.501  0.419786  374 6
5.843  0.223529  1445 4
13.252  0.254386  228 4
65.548  0.339896  1930 6
47.282  0.141079  241 4
-296.188  0.268917  859 4
80.875  0.391993  1074 6
51.484  0.337912  2912 6
87.75  0.387476  511 4
8.765  0.248722  4889 4
-378.938  0.224771  218 4
242.186  0.231277  3031 6
-135.501  0.22007  568 6
107.283  0.229085  1279 4
191  0.251908  262 4
54.609  0.325519  2986 4
55.079  0.341986  1541 6
66.844  0.360313  1149 4
76.531  0.31407  398 4
100.344  0.358714  591 6
11.126  0.330317  221 6
80.719  0.378755  932 6
81.5  0.35989  728 4
9.686  0.222603  292 6
12.28  0.279412  612 4
65.03  0.335214  1241 4
-306.249  0.254364  401 4
245.938  0.299652  287 4
-90.249  0.229675  492 6
16.53  0.241379  319 6
-68.357  0.231462  1443 4
-62.938  0.272222  180 4
-299.563  0.261498  1522 6
-354.001  0.263076  1281 6
63.904  0.166113  301 6
20.469  0.233607  244 4
14.969  0.252809  534 4
82.547  0.368231  1108 4
-368.048  0.284608  2066 6
91.028  0.37435  577 6
9.811  0.0753425  146 4
87.876  0.264264  333 6
9.878  0.286396  838 6
21.187  0.119718  142 4
-275.44  0.198953  382 6
52.843  0.346656  3678 6
-213.938  0.233202  506 4
291.391  0.225  200 6
-250.218  0.260317  630 6
65.094  0.365787  1099 4
152.531  0.349593  1230 6
14.22  0.205729  384 4
115.031  0.26461  616 4
46.938  0.340063  2873 6
63.502  0.357888  1534 4
21.187  0.177711  332 4
56.642  0.392318  729 4
15.936  0.297012  569 4
94.001  0.312849  179 6
12.032  0.131818  220 6
-140.938  0.0369285  16383 4
-265.064  0.158537  328 6
269.344  0.275311  563 4
10.625  0.234568  405 6
66.656  0.372802  853 4
-123.719  0.272866  656 6
-133.219  0.172414  232 6
-106.594  0.263473  501 6
116.564  0.255  200 4
55.016  0.222857  175 4
-4.502  0.25478  2092 6
13.469  0.22549  204 6
290.938  0.248971  486 4
311.94  0.25626  1198 4
-123.939  0.340504  5160 6
280.625  0.211618  241 4
51.329  0.34124  2403 6
18  0.228856  201 6
-150.219  0.269737  456 6
170.718  0.263066  574 6
-359.533  0.225108  462 6
-202.128  0.260228  1491 4
-313.626  0.23301  412 4
11.75  0.288815  599 4
70.124  0.371921  406 4
12.391  0.238149  886 6
18.173  0.191388  209 4
100.282  0.414894  282 6
111.501  0.34202  307 6
9.252  0.320917  349 6
-186.623  0.210407  442 4
49.798  0.351041  3313 4
13.939  0.27972  286 6
58.703  0.252287  1312 6
54.031  0.330161  3047 4
52.797  0.361921  1749 6
138.78  0.253823  654 4
12.998  0.325758  264 6
65.625  0.376652  454 6
-105.687  0.285714  287 6
77.749  0.301235  405 4
-64.39  0.262664  1066 6
1.609  0.24255  1208 4
84.717  0.401274  628 4
60.235  0.353741  1470 6
83.64  0.245595  908 4
-116.531  0.232932  249 6
69.468  0.401858  861 6
-255.625  0.224649  641 4
105.408  0.288079  604 6
103.89  0.464183  349 4
50.437  0.331637  3537 4
-390.124  0.207101  169 6
61.377  0.366899  2006 6
-220.265  0.26537  1285 6
218.329  0.24055  1746 4
-45.953  0.237907  2026 6
-5.781  0.247875  1412 4
55.953  0.335537  1815 6
7.187  0.247772  3479 6
146.747  0.352794  1199 4
56.969  0.392586  1052 4
9.07  0.249338  3401 6
38.157  0.171875  256 4
173.75  0.259558  3845 6
-237.5  0.230321  343 4
-386.75  0.233818  757 4
58.875  0.395161  620 4
19.486  0.173333  150 6
-116.69  0.244326  749 6
263.875  0.422619  504 4
58  0.377566  2095 4
70  0.353868  698 4
100.248  0.253114  1766 6
-202.641  0.261111  720 6
12.516  0.243182  880 4
50.218  0.390034  582 6
154.845  0.403933  661 6
13.751  0.28777  417 6
57.984  0.388365  1272 6
59.937  0.308511  282 4
-243.455  0.247911  1795 4
-93.25  0.309278  388 4
9.905  0.269531  1280 4
74.626  0.364516  310 4
251.405  0.160305  262 6
-39.657  0.233393  1114 4
9.873  0.22523  1847 6
13.437  0.301294  541 4
12.095  0.231884  276 6
12.312  0.245467  717 6
105.032  0.243165  2085 4
100.343  0.210427  1592 6
64.561  0.418485  779 6
73.345  0.38961  462 6
70.563  0.2397  267 6
95.999  0.29021  286 4
48.969  0.381706  1454 6
286.749  0.297691  823 4
68.391  0.241786  1948 6
147.797  0.34322  944 4
-265.719  0.246437  1684 4
16.296  0.31  400 4
-50.672  0.244063  1516 4
58.484  0.360879  956 6
175.876  0.245399  326 4
10.219  0.257658  555 6
42.742  0.158457  16383 6
11.69  0.173709  213 6
105.922  0.305466  311 6
80.908  0.235294  255 4
-145.44  0.304348  345 6
80.75  0.392208  770 4
16.719  0.333333  189 4
12.97  0.249221  321 4
-21.719  0.262451  1265 6
58.952  0.404747  1559 4
-7.312  0.256845  14791 4
298.25  0.335545  2110 6
12.609  0.23297  734 4
63.219  0.327684  177 6
17.687  0.288288  222 4
-38.875  0.252669  281 4
15.875  0.171171  222 4
14.563  0.25261  479 4
81.311  0.392638  652 4
132.249  0.25431  464 4
182.25  0.221041  1787 6
-237.266  0.247525  909 6
157  0.224044  183 4
-125.75  0.238596  1140 4
123.499  0.231683  1010 6
-264.78  0.266409  777 4
-383.968  0.247895  2731 4
203.952  0.36039  1848 4
62.297  0.360656  1037 4
17.032  0.284753  446 6
52.171  0.359864  1470 6
61.937  0.26  700 4
13.281  0.177928  444 6
-313.78  0.263027  806 4
99.47  0.40429  606 4
14.251  0.113861  202 6
51.158  0.363976  2948 6
56.359  0.205962  738 6
245.654  0.190323  310 6
-385.407  0.241573  356 4
74.906  0.358995  1234 4
14.406  0.268398  462 6
57.969  0.366079  1191 4
11.281  0.207171  251 6
105.719  0.257066  3715 6
9.313  0.250896  5022 6
75.344  0.403576  783 4
-105.032  0.301075  744 4
83.218  0.389694  621 6
9.204  0.252786  1974 6
63.689  0.370217  967 4
54.016  0.348523  2809 6
-208.685  0.230971  762 6
-1.313  0.255211  1967 4
58.797  0.329975  1985 6
173.125  0.213235  136 6
71.5  0.382727  1181 4
57.53  0.366005  1612 6
72.827  0.389752  644 4
15.408  0.203125  192 4
-301.408  0.206349  504 6
6.499  0.249264  2716 6
49.077  0.352862  2219 6
12.408  0.238037  815 6
14.75  0.262295  366 4
74.946  0.350532  1221 6
13  0.206573  213 6
6.172  0.244021  3094 6
-60.845  0.20442  543 4
90.313  0.425455  550 6
-180.797  0.260241  415 6
76.562  0.353333  150 4
215.438  0.342857  1295 6
220.031  0.359649  1140 6
-199.812  0.214286  210 6
15.032  0.136187  257 6
68.625  0.409877  405 4
6.717  0.220796  779 4
197.844  0.369249  826 4
239.843  0.257459  1810 4
16.906  0.22314  726 4
16.874  0.257042  284 4
13.188  0.213178  258 4
15.562  0.189873  237 4
183.438  0.166667  210 6
69.097  0.403756  426 6
13.282  0.230366  191 6
190.282  0.385906  298 4
15.247  0.283951  162 4
64.969  0.37834  711 6
174.905  0.375541  924 4
-336.217  0.273764  2104 4
77.344  0.361991  663 6
174.095  0.235407  1045 6
13.079  0.210526  380 6
-55.686  0.342466  219 4
71.439  0.364839  529 4
-134.05  0  16383 6
-281.672  0.238863  2110 4
39.125  0.251029  243 4
61.656  0.365302  928 4
56.249  0.349862  1452 6
17.094  0.22043  372 6
80.344  0.375267  469 6
-40.623  0.235659  1290 6
9.5  0.258567  321 6
9.452  0.243912  2505 4
-245.532  0.274678  233 4
55.986  0.33298  1889 6
183.609  0.274211  919 4
60.968  0.287879  264 4
-343.875  0.250356  703 6
39.249  0.229616  1067 6
10.094  0.272189  338 6
223.344  0.248045  1407 6
10.265  0.23998  2021 4
158  0.255172  290 4
302.468  0.262351  2348 4
-312.468  0.217631  363 6
-146.811  0.237586  1309 6
213.749  0.369021  1317 6
-368.313  0.25817  2142 4
13.11  0.212766  376 4
-41.094  0.253012  166 6
14.217  0.213974  229 6
-313.876  0.233449  1435 4
-298.421  0.29653  317 4
52.313  0.364309  2163 6
18.563  0.032  125 6
199.11  0.241199  1534 4
295.064  0.241379  290 6
71.314  0.374396  414 4
-187.313  0.245161  155 6
125.375  0.349593  246 4
-254.469  0.251429  350 4
223.75  0.247863  234 6
59.032  0.353425  2190 4
65.031  0.239092  573 4
-73.204  0.23445  209 4
-258.671  0.229839  248 4
6.86  0.240979  1552 6
65.688  0.388112  286 6
51.594  0.360176  1366 4
94.797  0.237339  1323 6
10.577  0.24  750 6
57.579  0.343044  1373 4
124.968  0.396072  611 6
13.502  0.254826  259 4
8.626  0.264  125 6
64.455  0.374202  783 4
65.937  0.357607  1538 4
-5.501  0.244373  2177 4
57.498  0.331285  1627 6
-109.626  0.323353  334 4
-164.655  0.258993  973 6
144.984  0.365794  1222 6
290.938  0.323944  213 4
74.139  0.450679  1105 6
93.702  0.338843  484 4
57.999  0.355168  1664 6
55.032  0.336705  2076 6
-59.313  0.224432  1056 4
13.999  0.328  250 4
25.376  0.243304  448 6
53.845  0.339628  3495 4
14.155  0.3162  8716 4
67.562  0.245216  2247 6
86.499  0.259827  1501 4
240.58  0.378713  808 4
-98.125  0.237693  711 4
23.312  0.270936  203 6
-2.937  0.228202  1468 6
-264.999  0.245902  1464 4
-14.204  0.25257  2918 6
275.75  0.283654  208 6
55.75  0.348158  2878 4
16.359  0.237654  324 4
-110.36  0.243006  2395 4
-72.156  0.234867  413 4
12.563  0.228886  817 6
13.094  0.208226  389 6
17.655  0.254237  177 4
69.815  0.356965  804 6
-151.441  0.258359  658 6
279.218  0.248804  836 6
215.186  0.277064  545 4
-362.5  0.276882  372 4
193.468  0.454039  359 4
-340.75  0.235294  425 4
-330.937  0.277778  270 6
226.612  0.234321  1451 4
78.11  0.378995  219 4
-295.906  0.262295  244 6
96.152  0.340102  394 6
6.376  0.226154  650 4
14.592  0.19209  177 4
66.28  0.392694  657 6
15.968  0.264225  7100 4
57.592  0.368807  1090 4
12.908  0.240642  187 6
152.502  0.226959  868 6
-228.872  0.26186  527 4
-3.092  0.263533  702 6
171.938  0.28022  728 4
102.342  0.2103  233 6
-247.624  0.223301  206 6
163.844  0.203762  319 4
-325.126  0.319838  247 4
-144.124  0.217617  193 4
69.378  0.411924  369 4
13.344  0.261905  294 6
73.172  0.392231  798 6
13.626  0.273453  501 6
16.096  0.281768  181 6
7.594  0.247582  1034 6
5.312  0.277778  666 6
-300.376  0.230337  178 4
-16.828  0.251804  1247 6
218.124  0.217441  883 6
199.812  0.245977  1305 6
-356.22  0.217687  588 4
307.094  0.197222  360 6
0.764  0.242814  4349 4
10.436  0.313019  361 6
14.81  0.278646  384 4
-370.874  0.311741  247 6
-30.908  0.225768  846 6
-3.906  0.263509  1499 6
-212.766  0.260783  1507 4
10.344  0.252532  1580 4
127.312  0.204819  581 4
15.468  0.29697  165 4
-12.842  0.273141  1318 6
98.562  0.439276  387 6
14.376  0.270175  285 4
12.596  0.270642  872 4
-181.22  0.270115  1044 6
8.53  0.278773  2902 6
72.42  0.405694  562 6
-342.344  0.20398  603 4
11.248  0.266667  450 4
57.798  0.329938  2749 6
-188.128  0.287105  411 4
51.344  0.289167  1117 4
-53.688  0.308271  399 4
170.28  0.298684  760 4
12.344  0.268734  387 4
-31.092  0.205405  185 4
50.28  0.341341  3788 4
67.766  0.360183  1527 6
67.688  0.376752  1213 6
12.392  0.266776  611 6
67.376  0.374656  726 6
103.422  0.331878  229 4
10  0.167702  161 4
53.016  0.253852  5582 6
69.906  0.365654  856 4
143.596  0.252011  373 6
-244.53  0.253793  725 6
187.282  0.231214  173 6
13.296  0.113445  476 6
-112.376  0.227642  246 4
277.97  0.382609  690 4
8.516  0.247539  2133 4
77.844  0.365027  915 6
144.188  0.267123  876 4
98.516  0.235955  1602 4
232.596  0.233503  985 4
13.076  0.199153  236 6
9.248  0.25886  5474 6
-47.686  0  16383 6
259.272  0.249448  3620 4
12.782  0.155963  218 6
10.126  0.237513  1962 6
70.032  0.350694  288 6
98.314  0.179167  240 4
73.094  0.376866  268 6
58.048  0.359777  3227 4
164.408  0.285714  777 4
-258.108  0.311258  151 4
10.312  0.246884  1685 6
68.594  0.337209  344 4
-1.376  0.247084  1886 6
60.048  0.356298  1437 6
57.736  0.322945  2567 4
-227.404  0.125749  167 6
217.812  0.325  200 4
278.374  0.344096  1084 6
73.406  0.402542  472 6
85.594  0.408276  725 4
-321  0.256205  1249 4
65.75  0.375959  1173 4
-7.624  0.231801  1044 6
-302.876  0.414286  280 4
16.328  0.3  250 4
15.092  0.262681  552 4
227.062  0.341193  721 6
51.808  0.324618  4322 4
57.876  0.341228  2280 4
237.952  0.329764  3175 6
35.092  0.283088  816 6
56.732  0.367832  2145 6
-280.5  0.286408  412 6
294  0.21875  672 4
89.668  0.371886  562 4
7.252  0.189723  506 6
8.514  0.251031  2183 6
-205.75  0.288923  1291 4
33.812  0.180723  166 6
20.248  0.269841  189 6
-309.656  0.401709  936 4
64.656  0.357914  1112 4
209.532  0.245179  363 4
16.498  0.0764331  157 4
11.408  0.185446  426 6
191.828  0.247706  218 6
233.392  0.334764  233 6
44.874  0.213178  258 6
15.968  0.273128  227 6
-372.874  0.247863  1170 6
10.75  0.136  250 6
-334.124  0.266506  1242 6
-65.844  0.234091  440 6
6.486  0.270022  6855 4
223.672  0.335227  176 6
-322.532  0.25641  3588 4
-39.548  0.255189  5396 4
272.47  0.232984  382 4
78.656  0.328838  964 6
56.218  0.354978  1617 4
-51.812  0.297229  397 4
90.28  0.329365  252 6
147.748  0.359966  1189 6
65.484  0.249563  1715 4
67.328  0.362385  1090 4
80.248  0.32526  289 4
-88.5  0.162162  222 4
55.516  0.368052  1853 6
66.22  0.371343  1333 4
14.062  0.198953  382 6
-239.768  0.289532  449 4
52.69  0.363636  2101 6
51.372  0.395498  1555 6
9.936  0.274619  721 4
-209.5  0.257235  311 4
4.33  0.251102  4309 6
93.72  0.397959  392 6
56.468  0.37037  2376 6
-53.43  0.251656  453 6
23.092  0.275281  178 6
134.126  0.98236  16383 4
229.408  0.195266  169 4
12.064  0.231707  410 4
-245.686  0.297638  635 6
16.844  0.246964  247 6
-16.064  0.225026  951 6
12.406  0.254502  833 4
-6  0.199153  236 4
-181.564  0.264451  692 4
219.596  0.243998  1791 4
61.518  0.349343  2436 6
69.22  0.354785  606 4
50.874  0.427267  1533 6
-345.47  0.115207  217 4
-113.08  0.276812  1380 6
-179.56  0.239085  481 4
64.672  0.336821  1529 4
78.048  0.38897  689 6
285.094  0.265512  693 4
301.408  0.233083  399 4
59.844  0.438438  333 4
171.86  0.367713  1338 4
-159.908  0.34375  192 4
16.628  0.2897  466 6
56.47  0.365166  2021 6
-206.968  0.24282  383 4
14.078  0.217778  675 4
187.828  0.363973  1621 4
-128.658  0.272308  650 6
-312.188  0.253846  520 4
70.404  0.371005  876 6
14.092  0.230114  352 6
63.874  0.351962  841 6
17.736  0.104762  210 4
88.438  0.313131  198 4
-92.592  0.25047  2659 4
13.968  0.259386  586 6
-139.468  0.230568  1145 4
-167.5  0.269297  583 4
-278.156  0.165829  199 6
12.42  0.244604  556 6
237.096  0.268293  410 4
-5.312  0.292639  557 4
182.814  0.267123  146 4
-1.468  0.269856  1108 6
11.484  0.22973  962 6
282.408  0.198905  548 4
189.392  0.356322  261 6
12.656  0.153005  183 6
14.406  0.180791  177 4
66.844  0.368807  1090 6
15.092  0.132159  227 4
209.06  0.257732  291 4
57.548  0.38285  1656 4
243.704  0.27044  318 4
314.392  0.162741  467 6
81.858  0.402219  721 6
115.156  0.37464  347 4
57.188  0.36646  966 4
-0.408  0.248549  1034 4
34.75  0.253066  1794 6
132.688  0.436893  515 4
18.922  0.14557  158 4
19.534  0.198795  166 4
288.392  0.297491  279 6
11.844  0.255688  1846 4
16.968  0.370968  186 4
51.422  0.353659  2952 4
-282.344  0.238544  742 6
67.392  0.35899  1663 6
-81.75  0.157895  285 4
10.874  0.269006  513 4
-214.592  0.249097  554 6
161.22  0.211706  803 6
18.03  0.209945  181 4
-63.25  0.285714  238 6
12.592  0.296663  809 4
271.408  0.268617  376 4
-308.688  0.229508  549 6
147.186  0.245791  297 6
117.56  0.246177  1962 4
62.674  0.397972  789 4
-94.954  0.244898  2352 6
187.812  0.2586  843 4
-181.062  0.226531  1470 4
-267.814  0.246654  523 6
-296.626  0.243759  681 6
-12.86  0.232558  344 4
132.47  0.270115  348 6
71.468  0.363478  1150 6
-244.94  0.228013  307 6
100.032  0.218605  860 6
-170.688  0.267176  262 4
289.312  0.150327  153 4
15  0.0322581  155 4
10.938  0.174107  224 6
14.282  0.248619  362 6
63.126  0.395992  1048 6
8.28  0.265668  1803 6
-45.532  0.290657  289 6
9.204  0.240196  1428 4
10.97  0.255462  595 4
73.156  0.396226  1007 6
114.436  0.188406  138 4
-271.284  0.247487  5572 4
178.78  0.358396  798 4
52.516  0.339458  3429 6
45.156  0.273312  311 4
-125.5  0.226828  1737 4
9.094  0.274554  448 6
57.28  0.353186  722 6
14.936  0.277778  216 4
75.062  0.186047  172 6
36.812  0.156805  338 4
90.36  0.255423  1429 4
78.486  0.376569  239 6
-195.812  0.237838  925 4
-277.282  0.178977  352 6
216.002  0.232143  112 6
147.592  0.232813  1920 4
21.36  0.304598  174 4
49.064  0.30292  274 4
15.016  0.191892  370 4
-147.564  0.254032  248 6
61.186  0.34302  1583 6
67.204  0.417559  467 4
291.532  0.310573  454 4
11.75  0.188153  287 6
202.656  0.320611  131 4
66.062  0.352423  227 4
12.75  0.198381  247 4
237.968  0.24472  805 6
10.06  0.266458  319 6
-227.468  0.17341  346 4
63.312  0.375441  1702 4
11.062  0.224215  223 6
114.064  0.323129  294 6
58.844  0.412698  819 6
11.284  0.134921  126 6
-221.468  0.258915  1290 6
59.954  0.335249  1044 6
253.748  0.335106  188 6
57.578  0.396731  673 4
168.656  0.286275  255 4
-53.748  0.245053  1314 4
-212.436  0.267442  258 6
-5.268  0.236795  1685 4
96.156  0.393414  577 4
-335.748  0.253149  794 4
-259.188  0.165563  302 6
117.032  0.325175  286 4
99.908  0.227053  1035 6
74.038  0.353326  917 6
61.532  0.263087  1490 4
-76.53  0.253491  5156 4
14.686  0.214674  368 4
15.22  0.192913  254 4
119.844  0.211477  941 6
-342.438  0.242138  318 4
12.814  0.278152  1039 4
13.438  0.319648  341 6
56.72  0.402261  1504 6
15.052  0.215613  269 6
8.732  0.256526  2222 6
-126.766  0.217742  124 4
6.022  0.254111  6324 6
8.44  0.270663  2202 4
-185.03  0.23868  1303 4
-365.844  0.232975  279 6
-165.936  0.248718  390 4
36.688  0.151659  211 4
-160.406  0.241122  2281 6
100.438  0.275081  309 4
271.764  0.380435  460 6
274  0.23962  843 6
280.218  0.238727  754 4
13.482  0.345205  365 6
-144.5  0.122449  147 6
182  0.2662  571 4
58.534  0.267366  763 4
13.86  0.326087  276 6
245.03  0.372449  784 6
-133.608  0.228145  469 6
15.484  0.235808  229 6
145.408  0.251987  1258 4
222.28  0.27027  185 6
29.844  0.257627  295 4
-325.156  0.190476  168 4
9.124  0.237984  1290 4
12.83  0.277778  576 6
66.81  0.380435  736 6
183.532  0.315249  682 6
66.092  0.344891  1644 4
10.032  0.239186  786 6
63.812  0.406445  962 6
5.734  0.256904  2752 6
165.892  0.249184  2452 6
-383.968  0.25  248 4
15.218  0.222222  441 4
8.124  0.219081  283 6
59.658  0.318477  1077 4
88.094  0.414679  545 6
-56.5  0.264822  253 6
25.44  0.170404  446 6
-55.5  0.242305  1527 6
56.782  0.339286  1904 6
75.284  0.393701  508 4
55.752  0.400955  419 6
293.436  0.349099  888 6
13.876  0.202358  509 4
61.25  0.380296  1015 4
60.592  0.37028  1642 4
53.126  0.356227  2417 4
58.472  0.151376  218 4
-137.732  0.246236  3188 4
298.936  0.249282  2090 4
10.312  0.258491  1060 6
84.468  0.379085  459 4
-1.78  0.281746  504 6
246.374  0.260204  196 6
60.346  0.335121  2238 4
15.292  0.222472  445 6
299.876  0.216891  521 4
-180.062  0.116071  224 4
13.156  0.277344  256 6
128.656  0.164609  243 6
143.904  0.29912  341 6
-58.284  0.299145  234 6
-254.69  0.279352  247 6
-16.844  0.240376  3195 4
237.814  0.229443  754 4
86.156  0.38  500 4
-26.748  0.238988  1067 4
70.28  0.367248  1032 4
-243.188  0.221429  140 4
10.062  0.255882  340 4
-105.438  0.247928  4223 6
159.626  0.0533333  150 6
77.656  0.413989  529 4
99.03  0.292135  178 6
59.142  0.337432  2033 6
70.06  0.357745  1543 6
11.032  0.219512  410 6
56.158  0.366624  1552 4
-2.156  0.249042  783 4
60.376  0.370906  1313 6
63.062  0.223577  246 6
-223.656  0.266019  515 6
-52.774  0.252051  3900 4
58.562  0.367019  1989 4
57.764  0.337217  3090 4
-286.408  0.278596  883 6
11.454  0.248273  2606 4
5.064  0.188791  339 6
178.282  0.272901  524 6
65.562  0.37799  1254 4
28.388  0.248741  2581 6
18.782  0.341176  170 6
73.562  0.361429  700 6
297.64  0.350126  397 4
13.124  0.29972  357 6
-245.84  0.226531  490 6
185.252  0.279141  652 4
69.626  0.363775  1314 6
22.438  0.252688  186 6
-331.968  0.243791  1973 6
12.014  0.237138  1691 4
14.596  0.263547  406 4
15.704  0.0568182  176 4
-118.72  0.240338  828 6
44.64  0.330429  3214 6
39.626  0.178571  168 6
17  0.315217  184 4
59.814  0.246988  498 4
-381.376  0.278761  226 4
116.904  0.116022  181 6
98.126  0.295858  169 6
-148.156  0.247811  1142 6
54.736  0.365752  2406 4
18.344  0.194286  175 4
148.726  0.243201  3199 4
-358.828  0.238323  1670 4
-1.844  0.273597  1568 4
14.11  0.210269  409 4
10.498  0.221311  366 4
-247.75  0.207756  361 6
-321.376  0.243846  2153 4
-341.406  0.224467  891 6
60.766  0.359422  2632 4
15.94  0.268775  253 4
88.97  0.262214  2231 4
13.626  0.274286  175 4
81.092  0.344867  867 6
55.094  0.208487  542 4
62.092  0.378538  848 4
105.628  0.208333  264 6
-136.624  0.225397  315 6
-221.594  0.243354  489 4
89.374  0.387309  457 4
77.64  0.398977  391 6
218.406  0.241519  1238 4
-175.188  0.200758  264 6
-338.75  0.406114  229 6
71.124  0.261491  979 4
-324.124  0.298561  278 6
-167.624  0.25788  349 6
-230  0.25641  156 4
-317.828  0.245387  2005 4
11.376  0.197183  142 6
78.03  0.380117  1026 4
-109  0.225989  354 6
87.032  0.409174  545 4
11.47  0.242808  869 4
-360.468  0.195187  374 6
71.892  0.306084  526 6
8  0.226744  172 6
12.204  0.256267  718 4
59.388  0.354453  2841 6
7.484  0  16383 4
-200.14  0.369606  533 6
71.796  0.393519  648 4
66.56  0.374761  523 6
305.564  0.317992  239 6
69.468  0.390282  1276 6
-340.47  0.298279  523 6
53.766  0.384047  677 6
10.392  0.235963  1407 4
22  0.272727  198 6
60.064  0.355781  1678 6
1.86  0.237838  370 6
-175.376  0.311111  270 6
11.888  0.230583  412 4
82.218  0.235246  2423 4
-319.734  0.272016  1022 4
61.202  0.364769  562 4
9.51  0.238559  2775 6
-253.342  0.223816  697 6
-316.936  0.138249  217 6
62.954  0.341209  2201 4
-373.516  0.249123  855 4
78  0.314199  331 4
301.47  0.264605  1164 4
4.28  0.252211  7010 6
13.75  0.191874  443 6
17.124  0.182609  230 4
222.376  0.388991  1635 6
55.624  0.355793  2805 4
-68  0.220859  163 6
-357.376  0.429091  275 6
140.548  0.142384  302 6
12.968  0.267717  381 4
57.892  0.337889  1317 6
59.124  0.414  1500 6
14.452  0.247086  429 6
125.748  0.395745  235 6
96.704  0.231086  1943 4
9.626  0.238861  2177 4
84.952  0.298122  426 6
35.062  0.242553  235 6
12.968  0.225543  368 6
164.376  0.196532  173 6
50.53  0.204819  332 4
-3.734  0.235889  1187 4
80.094  0.332016  506 6
-300.672  0.232759  928 6
-297.218  0.288525  610 6
264.83  0.407821  358 6
121.372  0.293103  174 4
224.314  0.359846  1559 6
-109.752  0.256757  296 6
-14.444  0  16383 4
6.42  0.240964  2656 6
59.188  0.387952  415 4
63.424  0.375325  2310 4
65.22  0.356771  384 4
68.922  0.410653  582 4
-148.532  0.217054  774 4
57.204  0.367372  1606 6
31.686  0.234848  396 6
94.314  0.255919  887 4
274.97  0.118852  244 6
-38.594  0.320442  362 6
113.844  0.240206  1940 4
9.454  0.239492  1261 6
-392.172  0.292826  683 6
13.75  0.238636  176 4
12.842  0.186837  471 6
64.782  0.428571  385 6
-77.36  0.256324  593 6
53.202  0.326572  1479 6
13.862  0.275542  646 4
15.656  0.246622  296 4
66.154  0.374884  1075 6
-353.656  0.214815  540 4
66.126  0.374051  1580 4
5.772  0.259217  6103 4
-279.124  0.228303  1279 6
-349.546  0.256701  970 4
22.016  0.292135  178 6
82.376  0.423077  858 6
-122.782  0.275641  156 4
-110.876  0.250696  1077 4
-47.594  0.230892  628 4
-250.532  0.316279  215 4
77.498  0.398611  720 4
-18.778  0.260686  1895 6
-264.688  0.027027  148 6
-160  0.0852713  129 6
11.378  0.238367  1225 6
277.344  0.455078  512 4
13.75  0.212679  489 4
72.186  0.376194  1361 6
177.25  0.390342  497 6
15.532  0.357798  218 6
-162.922  0.235594  1961 6
65.33  0.370996  1717 6
11.502  0.234097  393 4
-103.688  0.230769  299 6
11.548  0.245759  4244 6
80.376  0.311037  598 6
91.748  0.430712  267 4
-265.236  0.216246  911 4
236.392  0.255767  997 6
10  0.235885  797 4
-189.158  0.355872  562 6
-82.124  0.246231  1592 4
75.5  0.400976  1025 6
169.624  0.398159  869 4
-7.548  0.25168  1935 6
12.64  0.233471  484 6
270.14  0.231325  830 4
80.438  0.26893  383 4
-7.624  0.238394  1594 4
11.28  0.299625  534 6
119.096  0.376761  284 4
50  0.343066  1233 6
6.844  0.240747  2837 4
159.936  0.15415  253 6
70.498  0.394118  680 4
-254.266  0.237374  594 4
55.592  0.398346  2297 4
214.75  0.213115  183 6
82.094  0.386266  466 6
294.094  0.281967  305 6
59.624  0.42246  374 6
-62.718  0.242623  305 6
250.312  0.210169  295 4
-39  0.208431  854 4
83.594  0.359274  771 4
71.376  0.400585  1026 4
-5.718  0.0291971  137 6
19.672  0.256236  882 6
60.626  0.322721  2293 6
70.656  0.406961  747 4
69.828  0.358118  1318 6
13.812  0.261391  417 4
10.75  0.223975  634 4
116.702  0.241352  1243 6
13.53  0.251938  258 4
-105.998  0.240964  1743 4
285.97  0.324841  314 4
12.562  0.212209  344 6
14.156  0.0835509  383 4
53.968  0.373956  2035 4
65.766  0.361775  1465 6
-185.904  0.259923  1562 6
9.732  0.224917  907 6
-301.08  0.269464  2145 4
51.296  0.341088  2665 4
12.564  0.250594  842 4
-214.124  0.213953  215 6
109.312  0.386313  453 6
12.684  0.242678  717 6
-228.376  0.265045  781 4
168.608  0.250463  1621 6
-136.564  0.0952381  105 4
-33.5  0.221719  221 6
62.748  0.144828  145 4
11.296  0.22807  741 6
77.252  0.315589  263 6
-198.388  0.22807  969 6
162.404  0.371429  385 4
169.844  0.256672  1274 6
11.624  0.285714  182 4
-127.344  0.247449  392 4
4.564  0.276536  358 6
14.968  0.27907  430 6
-383.28  0.246228  1856 6
63.424  0.397287  516 6
30.924  0.317269  249 6
1.372  0.254545  220 4
114.952  0.229282  362 4
84.892  0.387528  449 6
69.172  0.252115  2364 6
295.252  0.3656  1250 6
211.592  0.260465  430 4
192.764  0.236464  1810 6
264.156  0.252163  1618 6
12.124  0.246711  608 6
-206.296  0.240076  2116 6
10.78  0.255208  384 4
100.688  0.165854  205 6
10.344  0.217391  391 4
-51.548  0.241857  1228 4
-3.032  0.265647  719 6
242.032  0.196193  683 6
16.876  0.265217  230 4
8.236  0.256916  5531 4
-383.032  0.261568  3609 6
43.688  0.179856  278 6
2.356  0.221292  1672 4
96.42  0.288333  600 6
4.688  0.158009  462 6
33.748  0.341615  161 4
235.832  0.362672  1602 6
58.936  0.367096  1629 4
12.56  0.269663  267 4
53.312  0.407514  692 6
52.436  0.353897  3015 6
-295.936  0.25188  266 4
9.904  0.254516  3045 4
13.092  0.292308  390 6
72.92  0.40257  934 6
15.124  0.227811  338 6
218.436  0.280374  214 4
62.796  0.422604  407 6
71.532  0.407407  216 6
-125.936  0.260346  2078 4
65.736  0.411765  663 6
21.452  0.228495  1116 4
14.064  0.275472  265 6
-11.44  0.261484  566 4
92.984  0.404762  252 4
63.672  0.409357  342 6
63.972  0.367299  1266 6
8.248  0.258952  2653 6
105.264  0.214876  121 6
9.452  0.243074  1913 4
232.376  0.310976  328 4
16.388  0.353591  181 6
17.016  0.316602  259 4
173.828  0.328889  225 4
-112.032  0.259226  1111 4
-117.032  0.296703  182 6
15.528  0.267773  422 4
-98.184  0.0970874  206 6
-104.456  0.244409  1252 4
16.796  0.372093  215 4
57.94  0.378346  1681 6
10.16  0.240618  906 6
-75.128  0.273322  611 6
-279.5  0.0134228  149 4
51.94  0.346046  3566 6
-209.436  0.26087  943 6
38.56  0.230769  312 6
74.704  0.357014  1112 4
215.3  0.248876  667 6
13.248  0.251142  219 6
142.468  0.259206  1385 6
-198.28  0.241427  729 6
100.936  0.382353  340 4
109.516  0.392857  224 4
-350.548  0.238994  159 4
-291.592  0.230947  866 4
13.216  0.270588  510 6
-333.892  0.218719  1015 6
9.388  0.256234  1604 6
56.004  0.364058  1942 4
11.596  0.0805687  211 6
173.06  0.338658  313 6
133.8  0.267722  1453 4
155.78  0.38535  314 6
-297.032  0.121622  148 4
61.876  0.36  625 4
18.608  0.228632  468 4
61.7  0.343236  1582 4
8.28  0.272843  788 6
-224.064  0.258065  868 4
-272.936  0.220418  431 6
59.188  0.331279  649 4
74.844  0.331658  796 6
-105.376  0.271318  387 4
61.652  0.346239  1808 4
-172.764  0.213573  1002 4
15.064  0.231806  371 4
104.344  0.300292  686 4
229.596  0.236025  161 6
17.816  0.342466  292 6
-301.812  0.226981  467 6
-204.908  0.150273  366 6
55.768  0.350318  471 4
22.06  0.113636  176 6
75.44  0.380729  851 4
17.312  0.153846  156 4
90.656  0.378594  626 4
6.344  0.26  500 6
-350.656  0.196185  367 4
-299.172  0.266382  2579 4
-1.22  0.247878  589 4
-129.532  0.267327  202 6
-9.408  0.30303  198 4
15.108  0.232975  279 4
16.16  0.190751  173 4
89.568  0.361842  760 4
30.576  0.164634  164 6
-110.564  0.218673  814 6
224.876  0.261331  1412 4
-224.812  0.207547  265 6
13.204  0.265144  1007 4
13.72  0.171053  228 4
73.06  0.262857  350 6
-69.152  0.256771  923 6
10.28  0.239482  309 4
-0.908  0.22335  591 6
64.124  0.320946  296 6
4.576  0.264007  4587 4
269.124  0.242503  767 4
144.032  0.251327  2638 6
10.06  0.195691  557 4
10.06  0.249351  770 6
-20.624  0.325472  212 4
31.096  0.270892  1783 6
12  0.256069  1277 4
13  0.197309  223 6
77.78  0.348881  536 4
-378.56  0.208333  192 4
-110.188  0.315789  323 6
6.344  0.257016  6984 6
71.36  0.342629  251 6
-8.472  0.258288  2745 6
-169.58  0.344961  258 6
-182.232  0.228814  590 6
218.136  0.251049  1430 4
214.936  0.282895  152 6
68.192  0.349626  1739 4
153.78  0.242308  260 6
108.732  0.256242  761 6
4.756  0.251992  4266 4
15.28  0.0866142  127 4
-144.796  0.227092  753 6
-155.472  0.20098  408 6
-41.156  0.263699  584 6
11.972  0.219672  915 6
56.5  0.334448  3588 4
57.092  0.388126  2038 4
232.252  0.25487  616 6
14.372  0.28877  187 4
134.032  0.21547  724 6
-273.06  0.202514  716 6
66.204  0.209634  1121 4
-324.876  0.270968  310 6
-340.312  0.206731  208 6
257.608  0.244519  1186 4
14.376  0.249097  277 4
-74.676  0.175221  565 4
-14.436  0.131902  326 4
17.488  0.189189  111 6
58  0.354754  2272 4
-347.968  0.252941  510 6
14.892  0.233983  359 4
16.124  0.215686  306 4
13.688  0.300532  376 6
90.124  0.380952  231 4
-293.188  0.181435  237 4
8  0.24584  1322 4
13.952  0.232558  301 6
-189.216  0.281513  238 4
296.436  0.242968  2062 6
-165.78  0.231986  1138 6
-69.556  0  16383 4
80.372  0.167742  155 4
14.748  0.231884  207 4
50.06  0.238384  990 4
71.768  0.361094  1609 4
145.624  0.289855  276 4
162.44  0.227642  246 4
8.628  0.237052  502 4
81.252  0.265333  750 6
-381.064  0.245902  1159 6
14.032  0.306202  516 6
61.452  0.370864  2025 4
-271.16  0.25753  664 6
13.3  0.291221  467 6
14.28  0.238776  490 4
-338  0.280899  178 6
143.564  0.196172  209 6
79.796  0.374269  855 6
76.86  0.370192  416 4
-2.908  0.2832  1250 6
-224.596  0.139394  330 6
14.56  0.267016  382 4
-330.78  0.263441  372 6
13.908  0.172619  168 4
63.672  0.375  2192 4
80.5  0.324701  502 6
88.532  0.235955  178 4
108.468  0.254682  534 6
11.564  0.226054  261 4
9.436  0.26087  782 6
83.78  0.324324  444 6
93.784  0.390511  274 4
-162.312  0.194444  360 6
64.096  0.414966  294 4
0.284  0.239739  1072 6
282.124  0.226667  375 4
10.592  0.253173  1576 4
115.564  0.344371  302 6
-156.784  0.256793  1472 6
309.564  0.302326  258 4
15.328  0.301994  351 4
-43.908  0.229242  554 4
-216.06  0.22  200 6
14.736  0.290698  516 4
193.688  0.228365  416 4
210.204  0.214719  1318 6
9.408  0.264493  828 4
-383.472  0.319149  235 6
122.248  0.395639  642 4
54.688  0.228571  735 6
295.312  0.249641  697 4
-203  0.249802  3791 4
12.688  0.263959  197 4
55.908  0.37617  1175 6
11.436  0.258706  201 4
75.436  0.387324  994 4
-288.468  0.245847  2107 4
57.952  0.366438  2336 6
40.752  0.241297  2097 6
84.908  0.370809  1014 6
-367.748  0.183288  371 4
0.78  0.269491  6208 6
12.752  0.308411  214 4
136.404  0.347561  820 4
17.268  0.273684  190 4
-252.968  0.298925  465 6
11.388  0.301053  475 4
-370.284  0.258182  550 4
86.78  0.435318  487 4
-146.004  0.203125  128 4
83.5  0.367554  789 6
-21.5  0.203053  655 6
3.124  0.270588  1020 4
93.908  0.28987  1925 4
61.512  0.38585  1371 6
12.5  0.29703  202 6
-51.908  0.265217  230 6
273.376  0.298539  479 6
125.2  0.242188  2304 6
76.48  0.420091  219 6
15.032  0.270073  411 6
55.392  0.34862  2137 4
5.284  0.239448  2393 4
186.548  0.29927  274 4
138.248  0.142077  183 4
-397.464  0.251208  414 6
8.664  0.252701  6850 6
82.752  0.405714  350 4
298.28  0.233244  373 6
16.064  0.185864  382 4
27.464  0.229947  187 4
-375.624  0.250991  1514 4
71.5  0.336323  446 6
308.716  0.352564  156 6
295.188  0.255968  754 6
17.768  0.212435  193 4
-76.956  0.317397  753 4
162.56  0.190476  168 4
-262.876  0.234772  788 6
-365.56  0.307692  234 4
15.784  0.277311  238 6
9.376  0.241135  282 6
-150.44  0.239329  656 4
-198.344  0.212121  759 4
203.908  0.236859  1541 4
8.468  0.199841  16383 6
72.652  0.35989  1092 4
53.032  0.341002  1217 6
14.908  0.143678  174 4
76.964  0.377166  981 6
12.596  0.305389  334 4
14.252  0.175258  291 6
10.484  0.245552  1967 4
-105.752  0.297872  329 4
61.436  0.260717  1143 6
107.808  0.228571  770 6
10.592  0.30618  356 6
218.092  0.354137  1426 6
-322.296  0.24  400 6
76.172  0.368056  1152 6
182.128  0.268105  649 6
-358.792  0.232143  168 4
250.344  0.328767  219 6
68.42  0.375804  1554 4
115.152  0.260347  749 4
-343  0.173077  156 6
10.532  0.226374  910 4
13.264  0.196429  448 4
-115.5  0.249307  722 4
13.844  0.254237  354 4
11.044  0.267799  1236 4
-216.812  0.287758  629 4
253.424  0.438735  253 4
61.704  0.349038  1040 6
-334.42  0.250141  5301 4
6.936  0.249669  3773 4
-331.312  0.237805  328 4
-231.252  0.340557  323 4
61.344  0.36044  455 4
-43.124  0.289086  339 4
55.796  0.404124  970 6
77.888  0.408642  810 6
-0.844  0.250182  6863 4
-314.984  0  16383 6
243.376  0.282511  223 4
7.22  0.255231  4110 4
71.94  0.364211  475 4
81.936  0.420455  704 4
79.312  0.236297  1642 6
-6.088  0.243243  703 6
284.124  0.34215  1777 4
53.496  0.3487  3384 6
161.656  0.243502  2193 4
-141.004  0.242975  605 4
4.784  0.284274  496 4
71.064  0.388704  301 4
55.8  0.307417  1119 4
6.048  0.250199  3773 6
48.06  0.324437  3597 6
248.34  0.231796  824 4
9.5  0.252558  2150 4
-12.156  0.290123  486 6
71.108  0.375949  1713 4
-76.752  0.14359  195 6
-265.596  0.266807  476 6
294.816  0.265657  990 4
-208  0.249777  1121 6
60.956  0.354667  1500 6
67  0.372529  961 4
15.656  0.16  125 6
79.284  0.392908  705 4
133.968  0.359694  784 6
89.14  0.260213  2913 6
64.628  0.34167  2239 6
-47.312  0.23913  414 4
15.108  0.194444  216 6
56.748  0.383693  834 4
29.248  0.230114  352 4
-21.388  0.320328  4511 6
65.5  0.378731  1072 6
17.688  0.245763  236 4
88.204  0.264431  1282 6
-212.064  0.227709  1458 4
19.016  0.255151  631 6
160.284  0.257618  1444 4
171.844  0.262427  1368 4
196.16  0.25972  643 4
-286.844  0.250288  867 6
-20.14  0.25  192 4
6.936  0.21626  615 6
-122.628  0.231729  1683 4
174.044  0.217573  478 6
11.876  0.181818  187 4
77.392  0.390323  310 6
-39.72  0.227273  286 6
-253.216  0.288256  281 6
125.36  0.357055  815 4
243.784  0.338762  2149 4
-93.536  0.260829  2147 6
60.16  0.341693  1595 4
54.488  0.33082  2122 6
221.06  0.41649  473 6
92.832  0.448052  308 6
33.532  0.224665  1046 6
-238.436  0.23262  748 6
52.156  0.332663  2985 4
14.044  0.264493  552 4
60.844  0.384  500 6
29.972  0.147929  169 4
-327.28  0.311258  151 4
-302  0.274834  302 6
10.624  0.284345  313 4
69.5  0.408705  942 6
70.424  0.283737  289 4
162  0.402957  541 4
311.748  0.194969  159 6
17.204  0.0584795  171 4
113  0.429012  324 6
9.484  0.259103  1895 4
19.312  0.286853  251 4
16.752  0.297143  175 6
73  0.260736  652 4
69  0.366061  825 4
8.504  0.145631  206 4
30.5  0.300813  246 6
84  0.340729  631 6
-50.468  0.231798  1346 6
9.652  0.257683  846 6
-382.048  0.250442  1130 4
74.904  0.391304  943 6
114.156  0.36859  312 6
13.092  0.29393  313 6
-247.408  0.261538  260 6
13.16  0.151111  225 6
13.924  0.298611  288 6
1.22  0.1875  288 6
188.952  0.240557  1006 4
66.716  0.381159  690 6
16.464  0.241007  278 4
272.86  0.250983  3052 6
69.844  0.349567  924 6
9.532  0.228723  376 6
26.56  0.258427  356 4
252.596  0.319066  257 6
54  0.346094  1280 6
10.528  0.152632  190 4
-128.436  0.367213  610 6
272.328  0.356532  819 6
307.28  0.28169  497 4
65.876  0.371163  1401 4
51.452  0.242015  2223 6
76.736  0.356164  292 4
16.124  0.234694  196 4
-111.872  0.139535  172 4
62.248  0.359865  1181 6
-334.468  0.443447  16383 6
59.908  0.355761  2378 4
155.88  0.246602  515 4
53.952  0.252258  1661 6
48.624  0.236333  2378 4
190.032  0.403052  2228 6
13.984  0.22467  454 4
51.344  0.349713  1221 6
217.532  0.267808  1811 6
-268.716  0.274752  2020 6
-386.592  0.25  492 4
6.86  0.258288  4615 4
-279.872  0.202797  143 4
9.128  0.286385  213 6
66.496  0.39777  1076 6
112.356  0.225621  523 6
312.84  0.305011  459 4
166.816  0.227941  272 6
50.376  0.234195  696 6
-65.2  0.248853  1744 6
55.092  0.397797  817 6
69.076  0.378453  1086 4
-392.672  0.263557  1844 4
51.488  0.38087  2300 4
13.532  0.232804  189 6
21.032  0.213382  553 4
15.328  0.235088  285 4
-371.048  0.175758  165 6
-390.608  0.259289  2476 4
264  0.225207  484 6
107.532  0.234146  205 6
32.624  0.240557  503 4
9.44  0.245337  697 4
110.856  0.417344  369 4
72.36  0.383815  865 4
105.844  0.214206  901 4
58.8  0.360064  1247 6
70.06  0.365646  588 6
-131.972  0.239336  422 6
192.128  0.264108  443 4
63.344  0.348739  238 6
90.22  0.276112  967 4
54.516  0.340474  3081 6
9  0.242516  2305 4
-310.184  0.301075  186 6
12.796  0.231648  613 6
8.436  0.249556  2817 6
59.22  0.338103  1887 4
180.484  0.266129  3100 6
68.596  0.381356  1416 6
-184.88  0.210526  228 6
-325.672  0.249249  333 6
62.236  0.351596  2318 4
60.468  0.356448  1644 6
149.56  0.269301  1088 4
71.688  0.440433  277 6
19.596  0.15748  127 4
14.94  0.23475  541 6
172.732  0.360592  2299 4
13.14  0.303748  507 4
-26.828  0.251579  1900 6
-0.22  0.167832  143 4
17.748  0.0979021  143 6
13.14  0.205674  282 4
-38.72  0.249023  2048 6
16.172  0.240469  341 4
-346.688  0.192429  317 6
190.468  0.251607  1089 6
-322.816  0.296912  421 6
210.968  0.252386  943 4
15.028  0.305638  337 4
-29.156  0.237822  349 4
52.252  0.35718  1929 6
259.496  0.248677  378 4
88.468  0.393365  422 4
59.356  0.326888  2172 6
82.952  0.169399  183 6
-145.596  0.232184  435 4
15.56  0.296089  179 6
9.536  0.251857  1481 6
294.844  0.417582  273 4
-115.216  0.24878  205 6
14.66  0.203297  182 6
275.656  0.191176  136 6
195.408  0.239787  1126 6
-103.84  0.259259  351 4
89.28  0.26652  454 6
-352.56  0.199313  291 6
17.096  0.116592  223 4
-382.904  0.247978  1113 6
58.28  0.355046  2180 6
11.032  0.310345  290 6
13.108  0.28433  619 6
242.284  0.195238  210 4
71.144  0.298435  1853 4
97.344  0.381313  396 6
-12.936  0.262619  1367 6
-14.156  0.248416  789 6
12.72  0.268441  2630 4
51.264  0.342256  3661 6
-343.224  0.311594  276 6
2.376  0.23641  2741 4
8.936  0.244557  1378 4
5.852  0.25946  6633 4
-342.844  0.252475  606 6
18.78  0.257692  260 4
241.532  0.264781  389 4
-276.156  0.253068  4319 6
73.28  0.404098  1220 4
52.812  0.34413  3458 6
69.796  0.372969  1539 4
20.544  0.241066  1651 6
-56.172  0.220766  992 6
180.188  0.370112  716 4
110.124  0.228216  241 6
142.128  0.261383  593 6
-157.876  0.24734  752 4
-312.376  0.239521  167 4
-215  0.329114  158 6
11.048  0.253918  957 6
175.404  0.338355  863 4
239.952  0.205128  234 6
62.296  0.35046  2063 4
53.688  0.37224  951 4
15.764  0.288991  218 6
-94.184  0.321951  205 6
59.528  0.284355  946 6
119.908  0.155709  289 4
15.58  0.125604  207 4
3.792  0.235711  4654 4
119.876  0.229993  1487 6
12.312  0.279503  161 6
17.312  0.113333  150 6
16.316  0.178404  213 4
59.752  0.352732  1684 4
7.844  0.263419  1006 6
13.144  0.295238  525 4
-318.032  0.235215  744 6
246.108  0.384035  927 4
167.688  0.251899  1711 6
52.152  0.389771  1134 6
54  0.380994  1147 4
13.452  0.207692  520 6
276.06  0.268782  1544 6
278.312  0.097561  164 6
13.032  0.30137  292 4
71.72  0.36895  1591 6
5.06  0.326829  205 6
78.936  0.363636  715 6
11.156  0.211699  359 4
80.684  0.394872  390 6
-30.844  0.160714  224 4
248.376  0.237197  371 6
87.652  0.246154  520 6
84.784  0.345254  727 4
-383.436  0.227967  1702 4
24.312  0.291429  175 4
13.688  0.214286  252 4
-119.156  0.234303  1306 6
63.56  0.385749  814 4
160.188  0.258297  12234 6
-103.14  0.260633  1105 4
278.624  0.236254  1164 4
120.468  0.320312  768 6
8.64  0.241346  1040 4
66.732  0.310089  674 6
-93.48  0.266075  902 6
7.468  0.22956  318 4
52.732  0.336314  2908 4
61.16  0.346304  1285 6
-360.844  0.247475  396 4
-167.5  0  16383 4
135.092  0.260394  457 6
-327.264  0.168142  339 6
12.844  0.242358  458 4
80.5  0.427844  589 4
-323.564  0.314394  264 6
222.816  0.246934  1794 6
190.124  0.265509  403 4
118.532  0.388994  527 4
-64.128  0.234694  588 6
73.5  0.382265  1342 4
-312  0.125523  239 6
218.236  0.249668  753 4
45.984  0.246114  772 4
-43.436  0.153558  267 6
-71.064  0.245663  1787 4
16.468  0.311538  260 6
14.092  0.0902256  133 6
-288.528  0.19883  171 6
102.768  0.245645  1722 6
-35.188  0.236473  499 6
107.624  0.209524  735 4
5.156  0.268119  2801 4
79.028  0.372365  427 6
216.472  0.301282  156 6
15.344  0.103704  135 4
13.856  0.168831  231 4
128.108  0.252212  226 6
-118.268  0.231579  570 6
63.22  0.366209  1166 4
10.436  0.225941  239 4
-21.776  0.300813  369 4
-82.22  0.250811  1850 4
55.184  0.365628  1187 4
12.704  0.168975  361 4
64.044  0.386667  1425 4
58.376  0.372659  1068 6
18.844  0.208791  182 4
-340.456  0.262687  335 6
67.064  0.376768  990 6
71.608  0.230536  989 6
15.376  0.19469  339 4
16.372  0.352201  318 4
-157.936  0.210797  389 4
60.284  0.271822  2612 4
14.06  0.267423  617 4
-5.656  0.232595  2528 6
-310.468  0.237006  962 6
160.78  0.249536  1615 6
10.844  0.275917  627 4
-1.14  0.258621  3190 6
-147.216  0.264614  1916 4
13.16  0.304933  446 4
239.532  0.261378  769 4
10.124  0.209524  315 4
-129.592  0.242017  1190 4
-303.408  0.286585  164 4
9.748  0.118012  161 6
72.468  0.382698  682 4
69.704  0.308008  1461 6
-385.78  0.191753  485 4
-276.248  0.201954  307 4
13.516  0.325062  403 6
21.036  0.227468  233 4
-292.716  0.27512  418 4
18.312  0.226287  738 4
-303.656  0.276062  518 6
13  0.245881  789 6
14.376  0.382075  212 6
-127.56  0.179153  307 6
304.748  0.181141  403 4
53.596  0.35796  1922 4
-385.656  0.280731  602 4
16.5  0.313253  166 4
5.484  0.261005  3203 6
12.968  0.21875  256 4
16.128  0.190678  236 4
12.924  0.214646  396 6
56.456  0.36935  1814 6
24.716  0.255988  668 4
60.672  0.414051  669 6
71.264  0.394771  765 6
13.188  0.299349  461 4
155.968  0.280255  157 6
3  0.119048  210 4
-360.748  0.233962  265 6
-323.076  0.226316  190 4
12.872  0.0254237  118 4
11.2  0.220372  1021 6
26.028  0.152778  144 6
-326.908  0.246774  620 4
131.704  0.343116  1874 4
-13.684  0.224242  165 6
56.78  0.357071  1980 4
-43.344  0.247243  1088 6
-94.376  0.230263  152 6
24.408  0.300412  243 6
8.156  0.263014  1095 6
53.484  0.345868  2553 4
7.8  0.238585  2431 6
1.78  0.241838  827 4
-112.532  0.214724  815 6
11  0.266145  511 6
-237.544  0.253664  9824 6
30  0.228261  184 6
-205  0.393805  452 4
-379.812  0.231034  580 4
81.656  0.247658  1708 6
13.956  0.235178  506 4
57.088  0.329819  664 6
16.268  0.184906  265 4
-265.472  0.265426  1021 4
97.5  0.302632  304 4
13.348  0.220183  218 6
8.312  0.290043  231 4
62.656  0.352642  1571 6
60.564  0.387823  1511 4
7.016  0.251392  3950 4
12.656  0.271689  438 6
212.376  0.257812  512 4
150.192  0.241981  2463 4
72.924  0.366667  270 6
68.94  0.344144  1665 4
294.904  0.27512  1254 6
97.004  0.262172  534 4
-90.952  0.248677  189 4
64.66  0.369661  679 6
-96.28  0.240909  1540 4
-59.688  0.239289  1237 4
131.2  0.238403  927 6
46.936  0.250536  2331 6
0.532  0.241071  224 4
67.048  0.379542  1789 6
-390.372  0.246696  227 6
194.72  0.379569  1067 4
289.812  0.374622  662 6
58.576  0.343003  1758 6
58.596  0.372257  1276 4
120.404  0.173267  404 4
310.308  0.159817  219 4
-179.032  0.227006  511 6
-250.892  0.231884  207 6
193.092  0.142395  309 6
70.592  0.344697  528 4
16.156  0.302326  301 4
-220.372  0.330556  360 4
14.064  0.175214  234 6
102  0.278571  140 4
65.204  0.456212  491 4
35.5  0.199153  236 6
-63.012  0.22467  454 4
303.86  0.244048  1176 4
136.452  0.194986  359 4
9.124  0.169492  177 6
64.012  0.323929  957 6
52.392  0.352431  1152 4
11.688  0.209738  534 6
-323.576  0.247613  1466 6
17.716  0.245714  175 4
235.896  0.239236  3298 6
1.264  0.387803  2148 6
-158.816  0.233065  2111 4
73.2  0.323529  544 6
86.22  0.344327  758 4
-135.688  0.209591  563 6
11.156  0.244134  1790 4
-55.192  0.266667  270 4
14.94  0.210843  332 6
15.656  0.263941  269 4
13.14  0.251276  784 4
57.188  0.363087  1490 6
110.624  0.236542  1839 6
11.752  0.221665  997 6
6.872  0.293269  208 6
191.284  0.3509  778 4
16.548  0.322222  270 6
13.232  0.297222  360 6
186.876  0.334791  2745 4
10.564  0.275524  715 6
-264.592  0.331044  728 6
82.376  0.275862  232 6
11.28  0.230075  665 6
84.376  0.209205  478 4
52.612  0.348996  2788 6
61.468  0.391771  559 4
14.528  0.252078  361 4
76.42  0.405467  439 6
17.848  0.160494  162 6
-93.504  0.253555  1266 4
-294.424  0.111628  215 4
60.16  0.359743  1868 6
-74.94  0.27673  318 4
-346.16  0.25  308 6
271.14  0.235218  3095 6
-365.752  0.18543  302 4
47.984  0.365798  1766 6
-2.404  0.242826  453 6
76.608  0.364833  1291 4
-75.156  0.273846  325 4
15.28  0.233533  334 4
8.344  0.197869  657 6
14.092  0.194175  206 4
-388.468  0.233596  381 4
186.936  0.220532  263 6
53.156  0.366337  1515 4
-387.064  0.25  256 6
37.704  0.218715  887 4
14.296  0.286299  489 6
75.096  0.24186  1075 4
17.532  0.261224  245 4
86.704  0.364312  2421 6
155.816  0.286932  352 6
-111.248  0.233803  355 4
84  0.341625  603 6
139.328  0.19084  262 6
50.908  0.237705  732 4
67.124  0.335865  1185 4
-3.968  0.244597  1018 6
8.248  0.254649  1398 6
9.36  0.225335  821 6
69.936  0.261076  1896 4
10  0.226744  516 6
133.52  0.243776  3093 4
48.076  0.268745  5775 6
-283.06  0.273626  910 4
60.092  0.3675  800 4
-190.628  0.308824  272 6
284.64  0.26015  1330 4
56.124  0.363859  2446 6
53.94  0.364763  2906 4
71.796  0.393555  1024 6
45.156  0.228571  210 4
14.968  0.177711  332 6
26.312  0.238589  482 4
219.312  0.246073  1146 6
13.908  0.170103  194 4
13.936  0.205357  448 6
-80.376  0.242638  1562 4
-196.5  0.113333  150 6
-299.156  0.221167  737 4
-112.192  0.248649  555 6
196.392  0.362527  1884 6
6.532  0.272986  1055 6
-69.112  0.24821  2514 4
-383.012  0.25213  1995 4
-33.812  0.00847458  118 4
7.188  0.293651  504 4
293.624  0.259887  177 6
-65.076  0.210425  1036 4
-283.468  0.181208  149 4
66.44  0.359524  420 6
227.732  0.251748  286 6
57.252  0.356141  2353 6
289.128  0.204918  732 4
7.312  0.255227  6935 4
-64.372  0.240433  1202 6
12.532  0.162896  221 4
142.248  0.382075  848 4
-24.684  0.237023  1021 4
12.656  0.289474  266 6
-24.824  0.248468  2938 4
12.892  0.242038  471 6
8.596  0.253438  2545 6
-266  0.187845  181 4
79.032  0.377246  334 4
-83.376  0.163551  214 6
14.012  0.257143  490 4
14.284  0.265487  452 4
67.168  0.392205  821 6
14.86  0.289406  387 4
69.528  0.267139  423 6
-361.032  0.288793  232 6
283.66  0.229531  1429 4
70.092  0.351293  464 4
144.544  0.363487  1824 4
6.828  0.256931  4040 4
81.968  0.367758  397 6
5.124  0.263158  570 6
58.392  0.339391  2366 4
56.5  0.34873  1732 6
-1.94  0.285714  490 6
13.216  0.292505  547 4
59.624  0.405533  1699 6
81.5  0.388102  706 6
-1.348  0.186788  439 6
28.936  0.277471  1629 6
-394.688  0.261598  776 4
69.204  0.36801  1538 6
-212.936  0.207547  159 4
49.08  0.331186  3415 6
-74.064  0.0387097  155 6
10.924  0.26427  4590 6
11.984  0.16208  327 6
52.94  0.349727  3111 6
-371.872  0.255572  2019 6
-112.876  0.282416  563 6
57.268  0.33823  2927 4
-2.032  0.264851  2643 6
-77.468  0.286778  537 6
125.028  0.268316  1051 6
9.36  0.243762  2605 6
46.252  0.169811  318 6
13.06  0.239819  221 4
79.372  0.373333  975 6
16.516  0.229972  2122 4
35.372  0.296417  307 6
9.72  0.219298  570 6
20.22  0.15261  249 6
48.06  0.330935  1251 6
15.5  0.249057  265 6
13.64  0.215686  561 6
-71.408  0.26469  3778 4
-352.628  0.172222  180 4
14.748  0.221675  203 6
15.908  0.216418  268 4
65.608  0.358003  1162 4
-252.908  0.216078  16383 6
13.72  0.1575  400 6
66.78  0.366597  1904 4
277.42  0.248898  2495 6
56.144  0.347515  2797 4
278.468  0.365772  298 4
-182.236  0.288158  2280 6
5.516  0.253649  3083 6
-265.812  0.264795  1318 6
75.06  0.351703  998 4
44.436  0.302326  215 4
72.688  0.366477  704 6
70.128  0.360952  1219 6
4.764  0.232193  1783 4
62.844  0.3487  1692 4
52.44  0.214286  224 4
-261.028  0.207401  1162 6
102.684  0.201077  557 6
-259.188  0.117647  170 4
54.236  0.334033  1907 4
-53.408  0.24878  205 4
-261.092  0.242038  471 6
74.672  0.319865  297 4
137.876  0.267666  467 4
9  0.227273  154 6
64.984  0.368063  1910 6
248.124  0.266102  590 6
62.092  0.363444  2358 4
69.86  0.358382  865 4
89.312  0.411905  420 4
252.5  0.215054  186 6
11.096  0.172043  372 6
70.812  0.402072  1062 6
-204.684  0.276364  825 6
67.14  0.371795  312 6
-189.496  0.26481  1975 6
12.376  0.370968  248 6
93.704  0.390756  238 6
-183.752  0.220994  181 6
17.08  0.281915  564 6
11.424  0.272531  1853 4
126.016  0.184713  314 6
110.812  0.364548  299 6
15.096  0.175824  182 6
13.536  0.25641  273 6
65.844  0.378029  619 4
65.5  0.407143  560 6
129.564  0.165829  199 6
168.064  0.220557  467 4
13.14  0.243961  414 6
-372.564  0.154812  239 6
231.436  0.400538  372 4
7.28  0.230054  2043 6
108.904  0.236726  452 4
126.16  0.27518  556 4
-56.032  0.174263  373 4
289.44  0.248774  1427 4
-63.016  0.219549  665 6
11.188  0.205607  214 4
57.312  0.371544  1736 6
172.796  0.335231  2810 6
58.688  0.350664  2712 6
-1.5  0.291667  408 4
248.876  0.412214  262 4
98.436  0.242105  380 4
-158.548  0.245183  2076 4
205.532  0.373955  837 6
55.564  0.337064  1519 6
15.66  0.25  208 4
118.936  0.11236  178 6
14.188  0.306733  401 6
68.688  0.365562  1086 6
-103.628  0.258857  5617 4
-134.064  0.324885  434 6
110.5  0.239401  401 4
66.436  0.15625  256 4
58.156  0.362947  923 6
-139.112  0.300926  432 6
294.216  0.252101  595 6
-4.532  0.147239  163 6
8.252  0.254684  1975 6
-207.812  0.258612  1887 4
-117.64  0.267009  2337 6
59.812  0.381818  1155 6
14.436  0.276662  647 4
-333.248  0.260654  1009 4
9.124  0.0842912  261 6
-384.844  0.230525  629 6
63.812  0.378625  1207 6
165.372  0.284992  593 4
68.344  0.390117  769 6
-232.84  0.269006  342 4
70.748  0.416201  1074 6
112.812  0.396825  378 6
103.968  0.358722  407 6
55.108  0.333094  1390 4
11.624  0.256311  1030 6
-369.564  0.262003  2187 4
8.312  0.249282  1392 4
-172.764  0.309211  304 4
-183.752  0.258567  2247 4
10.312  0.256654  1578 6
12.608  0.262846  506 6
-222.44  0.186667  225 4
-301.436  0.282456  570 4
-22.532  0.25182  3296 4
226.94  0.242507  367 4
-13.484  0.253406  5138 4
58.608  0.354098  1220 6
67.548  0.358056  782 6
10.5  0.255521  317 4
8.376  0.262699  5847 4
156.5  0.339506  162 6
-304.592  0.178667  375 6
-304.124  0.246964  247 6
225.936  0.323171  164 4
60.144  0.368076  1679 4
63.188  0.364865  592 6
80.94  0.344366  1420 4
-209.032  0.22896  808 4
93.076  0.252667  1781 4
-135.548  0.263158  361 4
12.064  0.245192  208 4
16.252  0.230769  338 4
256.012  0.261944  607 6
168.78  0.407457  751 4
65.796  0.23244  1381 4
51.036  0.371329  1430 6
67.08  0.380765  1019 4
-126.936  0.269663  178 4
72.328  0.349066  1017 6
68.344  0.387004  1385 6
56.016  0.351719  2647 6
15.7  0.209964  562 6
9.592  0.209364  1132 6
87.5  0.241983  343 6
56.94  0.383019  530 4
-198.496  0.324607  382 4
10.312  0.242254  1065 6
2.984  0.167183  323 4
-162.56  0.279379  451 6
-139.544  0.285714  210 6
1.312  0.0670103  194 6
74.812  0.233483  1559 6
54.032  0.348709  2905 6
216.904  0.203947  304 4
-381.204  0.240216  1482 4
-76.032  0.253144  3101 6
60  0.380374  2140 6
78.484  0.330813  1058 6
-72.812  0.246684  377 6
-381.436  0.272066  963 6
-163.128  0.277372  137 6
-368.844  0.262019  832 6
66.592  0.363951  1154 6
13.188  0.277778  234 6
-284.612  0.266707  1661 6
76.532  0.395931  639 6
72.08  0.351906  341 6
-361.376  0.232506  886 6
56.484  0.338523  1991 6
57.968  0.346708  972 4
200.064  0.245113  665 6
14.28  0.246704  531 4
230.812  0.167568  185 6
60.968  0.385388  1793 6
9.72  0.259291  2341 6
105.064  0.217647  170 4
74.94  0.392736  881 4
140.172  0.328746  1308 6
14.032  0.164804  358 6
304.908  0.168478  368 4
156  0.298246  228 6
81.812  0.405286  681 4
270.22  0.298329  419 6
-271.656  0.27677  1709 4
65.016  0.354592  392 4
-320.968  0.208889  225 6
-95.172  0.315197  1066 4
-286.372  0.247967  246 4
9.36  0.249883  2129 4
42.564  0.382  500 6
13.22  0.183616  354 6
91.656  0.375904  830 6
-113.032  0.265472  614 6
213.296  0.247467  1875 6
219.968  0.246672  1277 4
54.92  0.359515  2559 4
74.872  0.0177515  169 4
191.28  0.208459  331 6
-380.784  0.29589  365 4
-258.936  0.304825  456 4
8.28  0.239049  799 4
202.64  0.357251  1979 4
3.232  0.238798  5959 4
9.092  0.268864  1365 4
125.404  0.240711  619 4
14.936  0.146739  184 4
72  0.388502  574 4
57.844  0.347619  630 6
55.264  0.354649  3065 4
52.704  0.363434  1351 6
61.764  0.355923  1815 4
9.528  0.179872  467 6
11.532  0.304075  319 4
72.612  0.317106  1479 4
115.968  0.384764  1037 4
-380.816  0.154762  168 6
-291.06  0.124528  265 6
123.748  0.227564  312 6
-342.752  0.189723  253 6
-113  0.0779221  154 6
-119.848  0.202216  722 4
18.8  0.268421  190 4
25.22  0.242775  346 4
35.968  0.226724  1160 6
14.268  0.227477  444 4
-3.656  0.221327  1613 6
-291.996  0.204598  435 6
7.108  0.253637  4124 4
57.844  0.349138  2088 6
70.84  0.372617  1154 4
115.124  0.394676  864 6
-188.424  0.218274  197 6
65.596  0.335505  307 6
19.844  0.217391  207 4
157.468  0.342173  1169 4
55.108  0.342177  1847 4
10.14  0.231443  2169 6
173.968  0.237458  1794 6
131.748  0.367601  963 6
10.784  0.284296  1108 6
12.22  0.13834  253 6
106.412  0.249518  1038 6
54.376  0.346457  2921 4
-81.72  0.272572  587 6
-134.628  0.0827586  145 6
-352.688  0.237681  690 4
56.16  0.353659  2214 6
-269.72  0.277487  573 4
299.564  0.385075  335 4
16.28  0.257937  252 4
12.028  0.31203  266 6
-58.504  0.132743  113 6
7.656  0.264839  6166 6
16.936  0.280374  214 4
-99.156  0.257294  754 6
-224.644  0.262937  2145 4
12.86  0.205128  429 6
-177.848  0.268421  380 4
-3.468  0.239537  1123 4
-47.972  0.264755  593 4
-284.72  0.0541872  203 4
59.408  0.294355  248 4
17.504  0.276498  217 4
-207.764  0.238449  1212 6
-233.532  0.272727  803 4
249.532  0.216216  259 4
11.656  0.242511  701 4
216.688  0.21573  445 6
53.796  0.318966  2784 4
-255.876  0.217742  1364 6
94.22  0.393593  437 6
71.372  0.354515  598 6
72.496  0.352484  1671 4
-117.268  0.246096  3202 4
16.624  0.277328  494 4
61.14  0.247683  1942 6
-12.812  0.232932  249 4
62.284  0.329624  2157 6
8.812  0.159624  213 6
-191.876  0.349862  363 4
65.544  0.4  855 4
-5.56  0.264133  1079 6
136.784  0.243832  689 6
10.876  0.243902  779 4
302.436  0.454545  440 4
77.924  0.397138  559 6
102.44  0.325424  295 6
107.436  0.0784314  153 6
-11.844  0.176991  565 6
-160.452  0.241899  1327 4
161.72  0.246154  455 6
53.924  0.307453  322 4
10.216  0.156098  410 6
131.456  0.28655  171 4
-90.22  0.0567376  141 6
62.016  0.373786  1854 6
11.064  0.080292  137 4
58.124  0.333935  1662 4
-311.748  0.243781  201 4
-66.812  0.242667  375 4
68.188  0.380151  1189 4
107.188  0.214165  593 6
15.936  0.295652  345 4
163.188  0.353925  777 4
11.484  0.231501  946 4
-194.436  0.246812  1333 6
185.624  0.334123  422 4
-122.72  0.348739  238 4
-186.968  0.260274  219 4
56.796  0.34237  2582 4
80.408  0.407989  701 4
87.752  0.258216  213 6
167.156  0.234437  755 4
-38.684  0.265777  824 4
62.496  0.296124  1290 6
184.688  0.221039  751 6
-364.816  0.348684  304 6
14.344  0.25431  464 4
165.04  0.421053  513 6
11.072  0.24056  1642 4
-2.6  0.24812  3458 6
16  0.24  250 4
283.688  0.268499  473 4
293.744  0.233824  1360 6
14.848  0.15  220 6
6.216  0.258549  3129 6
72.856  0.365784  1058 4
12.192  0.171053  304 4
35.504  0.314721  197 6
58.36  0.361818  550 4
13.128  0.193103  145 6
12.632  0.08  150 6
-25.904  0.23126  1254 6
8  0.216495  194 4
298.576  0.355111  1301 6
-251.704  0.260523  2637 6
55.912  0.343884  1864 6
59.872  0.347437  2009 6
9  0.26556  964 4
92.56  0.343284  469 4
186.808  0.374873  987 4
194.808  0.315327  796 4
8.72  0.255172  725 4
74.168  0.384049  815 4
57.192  0.328279  1517 6
273.624  0.369216  1059 4
4.568  0.220264  227 6
51.408  0.406574  1156 4
20.128  0.285714  210 4
78.656  0.34022  726 4
70.984  0.333086  1345 6
79.776  0.382353  340 6
222.472  0.255708  657 4
63.888  0.244608  2179 4
-130.248  0.264822  253 6
-317.064  0.216216  148 4
10.44  0.300752  266 4
13.88  0.261965  397 4
134.56  0.205263  190 4
145.224  0.166667  168 6
13.416  0.271478  582 6
58.688  0.290323  279 4
60.376  0.347061  3011 4
-159.264  0.256702  1231 6
68.904  0.413947  674 6
80.032  0.413235  680 6
8.616  0.241553  2190 4
121.504  0.360714  280 4
-307.472  0.159311  16383 4
15.744  0.189573  211 4
12.536  0.293578  218 6
59.552  0.357889  1724 6
15.84  0.280303  396 4
65.016  0.4  275 4
14.88  0.131757  296 6
-318.624  0.249632  1358 4
-181.816  0.26799  403 6
298.472  0.367288  697 6
70.48  0.378176  669 4
14.128  0.221811  541 4
181.56  0.35679  810 6
15.416  0.241814  397 4
55.56  0.35939  2034 6
9.4  0.256242  761 4
-314.408  0.271829  1821 6
54.344  0.352555  2740 4
13.288  0.25741  641 6
-311.752  0.214724  326 6
68.248  0.378605  1075 6
-124.192  0.433735  498 4
17.28  0.233051  236 4
236.216  0.213439  506 6
10.568  0.195335  343 6
135.872  0.452229  471 6
9.936  0.266284  522 6
87.752  0.190083  242 4
271.44  0.238722  532 4
14.12  0.21097  237 6
16.92  0.201117  179 4
46.16  0.310345  203 4
162.808  0.230366  1528 4
8.904  0.18863  387 6
193.208  0.256579  304 4
-82.752  0.347222  216 6
-199.152  0.305677  229 4
70.528  0.404221  616 4
12.232  0.225668  935 4
-170.72  0.169742  271 4
157.768  0.248491  1988 6
16.08  0.238095  441 6
4.84  0.252348  3194 4
56.592  0.400982  611 4
-355.8  0.278523  298 6
-343.368  0.172897  214 6
15.816  0.159794  194 4
67.688  0.407663  1305 4
13.208  0.268797  1064 4
68.592  0.357556  1211 6
222.904  0.24406  463 6
-379.312  0.247059  340 6
-384.504  0.311628  215 6
-360.296  0.393162  585 6
11.776  0.215385  325 4
13.016  0.217054  387 6
58.064  0.347552  1430 4
166.936  0.37644  781 6
71.936  0.348564  766 4
-355.872  0.198864  176 6
14.712  0.168966  290 6
-184.184  0.248209  3908 6
13.872  0.28629  248 4
-121  0.179954  439 4
-309.112  0.202381  168 6
13.936  0.177515  169 4
-132.032  0.268551  566 4
-52.44  0.203297  182 6
307.848  0.210719  821 4
-92.08  0.25  2108 4
-22.28  0.116162  198 4
-275.616  0.254894  2452 6
-160.376  0.275449  668 4
-123.208  0.362595  786 6
10.592  0.263948  932 4
-246.128  0.300546  183 4
55.392  0.364854  1269 4
-375.576  0.234961  1413 4
175.768  0.386183  883 6
3.024  0.30402  398 6
60.528  0.38897  689 4
316.12  0.249558  565 6
250.344  0.225166  302 4
-16.456  0.259843  1397 4
-109.568  0.286408  206 6
215.352  0.213759  814 4
-280.592  0.255294  850 6
293.92  0.365248  282 4
232.568  0.282158  482 6
69.264  0.304348  299 4
-248.472  0.260073  273 6
80.832  0.0252101  119 4
5.12  0.262241  7577 4
111.824  0.261361  10606 6
11.912  0.195833  480 6
69.312  0.339695  524 4
307.496  0.334211  380 6
-111.44  0.263194  1440 4
247.312  0.309859  284 4
56.976  0.394469  687 6
-275.992  0.293839  211 4
80.688  0.357401  277 4
-250.328  0.239734  901 4
64.792  0.400284  1409 4
2.488  0.21039  385 6
-284.032  0.238061  1403 6
-59.808  0.231436  808 4
103.944  0.15  120 6
273.064  0.215247  223 6
205.968  0.299127  458 6
12.088  0.230137  365 6
-362.496  0.255556  270 4
49.952  0.355764  4042 4
-53.968  0.311031  553 4
-340.472  0.257871  667 4
66.128  0.318795  963 6
8.816  0.227572  2430 6
10.128  0.189873  316 6
10  0.20398  201 4
-145.312  0.0731707  205 6
304.472  0.266541  3718 4
34.2  0.247449  392 6
13.128  0.27758  281 4
-270  0.286957  345 4
21.496  0.0961538  156 4
95.536  0.380567  247 4
55.152  0.331002  3574 4
58.08  0.346411  1045 6
13.464  0.278075  561 6
10.848  0.221939  392 6
15.032  0.248714  583 4
224.72  0.251105  1358 6
46.528  0.136364  242 6
-115.376  0.330472  233 4
62.056  0.380014  1471 4
88.88  0.4  715 6
144.936  0.199095  221 4
11.816  0.252047  1099 6
12.624  0.22619  168 4
64.704  0.38383  1274 4
6.544  0.258663  3665 6
168.872  0.363462  1040 6
246.472  0.351974  304 4
110.016  0.367925  424 6
60.576  0.353535  693 4
-273.312  0.111888  143 6
-343.248  0.232558  172 6
59.376  0.388516  1637 6
23.432  0.347107  242 6
201.776  0.266373  1817 6
287.976  0.238863  1055 6
10.528  0.227292  2389 6
17.296  0.222222  342 6
-326.408  0.276342  503 6
73.312  0.380631  444 4
55.112  0.352293  2813 6
15.912  0.282528  269 4
61.688  0.403287  791 6
-241.936  0.231132  424 4
-274.304  0.342711  391 6
-58.576  0.240964  249 4
9.672  0.274297  5155 4
223.296  0.382743  452 4
-370.848  0.259508  894 4
10.768  0.226117  1141 4
289.944  0.222615  283 6
-137.84  0.372272  779 4
72.992  0.358885  287 4
55.576  0.331657  3181 4
12.784  0.219653  519 4
-204.568  0.226115  942 6
132.952  0.349142  991 4
16.592  0.16568  169 4
-120  0.190323  310 4
-142.216  0.250382  655 4
268.88  0.136054  147 6
57.48  0.340108  1476 4
4.768  0.249292  353 6
77.048  0.39934  909 4
-189.72  0.241706  422 4
252.56  0.246269  268 4
8.968  0.253676  1360 4
79.504  0.408213  414 6
234.4  0.236364  220 4
259.784  0.37044  1069 6
110.752  0.368452  1680 4
-346.088  0.282528  538 6
70.184  0.391031  1271 4
283.584  0.236473  499 6
195.576  0.00943396  106 4
-346.688  0.303462  491 4
14.432  0.22619  420 4
32.32  0.255659  1502 6
46.376  0.244048  168 4
14.112  0.187151  358 6
-156.592  0.251493  1340 4
61.688  0.371175  1013 4
62.688  0.361422  2053 6
54.656  0.334781  2303 6
240.824  0.251641  457 4
-2.824  0.251707  5713 4
182.84  0.292507  694 4
74.168  0.338294  1008 6
-203.392  0.25515  3010 4
181.472  0.351648  819 4
58.12  0.341273  2435 6
0.72  0.256427  1517 6
-242.536  0.233333  1860 4
227.096  0.257459  2078 6
266.496  0.324818  274 4
-256.528  0.251572  159 4
63.904  0.425249  301 4
-380.264  0.246343  3418 6
115.184  0.231527  812 4
70.528  0.36084  1333 4
-1.608  0.254658  6923 6
252.744  0.289902  307 6
9.88  0.280423  189 4
-313.44  0.293388  242 4
-59.144  0  16383 4
64.224  0.432361  377 6
9.048  0.247619  1575 6
-363.312  0.257576  264 6
-111.648  0.223282  524 4
108.736  0.243655  394 6
-130.808  0.231884  1932 4
74.432  0.269062  1364 6
-234.952  0.250991  757 4
14.936  0.2  415 4
123.472  0.207951  327 4
185.28  0.189145  608 6
80.656  0.368313  486 4
1.344  0.19403  536 6
54.184  0.359546  2734 4
13  0.228448  232 4
61.624  0.326229  2299 4
6.224  0.262569  4913 4
162.976  0.356086  879 6
69.16  0.429022  317 4
64.792  0.35647  1167 6
-394.672  0.247525  303 6
51.048  0.349769  2819 6
15.496  0.203509  285 4
-248.592  0.252845  791 4
-13.408  0.312169  189 4
6.728  0.245174  3108 4
94.312  0.187919  149 4
-318.72  0.20297  404 4
53.968  0.341732  2818 4
236.472  0.379433  282 4
73.496  0.366694  1219 4
-363.248  0.221053  190 4
51.376  0.331641  4137 4
27.408  0.230514  603 4
13.096  0.203349  418 6
99.968  0.227689  874 6
-144.496  0.243161  329 6
-198.904  0.218121  596 4
-6.224  0.241071  1456 6
-2.72  0.197995  399 4
115.752  0.266289  353 6
251.968  0.354132  1779 4
-339.328  0.235376  1436 4
64.648  0.342857  1575 4
13.4  0.2  175 6
71.016  0.341611  1651 4
54.032  0.347161  2483 4
84.032  0.2379  1467 4
40.688  0.104348  230 4
-276.968  0.24025  641 4
312.624  0.256911  615 6
212.688  0.238311  1326 6
16.016  0.328571  210 4
17.744  0.22043  186 4
-68.816  0.204793  459 6
10.88  0.27809  356 4
16.096  0.251712  584 4
310.752  0.246154  195 6
242.56  0.248768  406 4
173.088  0.32419  401 6
84.848  0.24165  1018 6
20.088  0.260417  384 6
-38.464  0.219212  406 6
70.8  0.34264  394 6
-387.752  0.285124  242 4
25.592  0.155556  90 6
12.624  0.330233  215 4
-200.872  0.276923  520 6
-48.552  0.201859  753 6
157.936  0.339776  983 4
63.872  0.380303  1320 4
69.624  0.403528  907 6
59.344  0.397784  993 6
4.776  0.225455  825 4
6.856  0.269585  868 6
-306.872  0.229851  335 6
-127.144  0.215966  1190 6
252.936  0.25  596 6
-228.656  0.152866  157 6
67.56  0.270408  392 4
-179.936  0.261905  924 4
14.848  0.273481  362 6
257.44  0.4096  625 4
13.408  0.250522  479 6
14.656  0.165992  494 4
7.528  0.267389  3968 4
10.248  0.209125  263 6
88.912  0.241199  767 4
184.312  0.275912  685 6
83.6  0.372051  551 6
11.944  0.109244  119 4
106.888  0.23221  267 4
-135.872  0.320442  181 4
-160.128  0.227523  545 6
217.656  0.17  300 4
60.12  0.349914  2332 6
-299.376  0.151639  244 4
51.968  0.355144  2323 6
70.904  0.359191  1186 4
14.968  0.184848  330 6
-137.056  0.047619  147 6
0.56  0.248132  3881 4
80.352  0.253962  9592 6
8.096  0.235119  336 6
-54.792  0.164894  188 6
-118.128  0.247931  3263 4
55.592  0.353639  3119 4
-105.808  0.109005  211 4
-113.432  0.344234  6972 6
245.68  0.37355  431 6
-16.8  0.240175  229 4
130.464  0.233918  171 6
54.8  0.358737  2375 6
16.256  0.238739  222 4
8.968  0.246447  2885 6
131.008  0.246978  579 6
83.656  0.228608  783 4
-215.752  0.235165  455 6
18.312  0.257732  194 4
86  0.345779  616 4
279.616  0  16383 6
8.624  0.177528  445 4
-384.72  0.312139  346 4
70.72  0.418283  361 4
254.032  0.310502  219 6
13.28  0.265116  215 4
-344.04  0.252562  1366 6
11.032  0.267081  644 4
116.44  0.223101  632 4
-322.88  0.257619  1739 4
-97.744  0.100671  149 4
69.656  0.350205  731 4
-349.808  0.322727  220 4
13.44  0.220455  440 6
13.472  0.25744  672 6
-258.528  0.214844  512 4
8.4  0.268293  205 6
-195.848  0.2553  3396 4
60.2  0.402135  281 6
11.72  0.228381  451 4
12.968  0.2978  591 4
-31.408  0.283737  289 4
111.096  0.347541  610 4
142.608  0  16383 6
62.4  0.244131  213 6
68.752  0.379712  1459 6
77  0.190789  152 4
7.496  0.258706  2010 4
66.704  0.363636  1408 4
60.56  0.373333  1275 4
47.144  0.245494  1609 4
58.112  0.362393  1170 6
78.608  0.389423  416 4
-288.752  0.219251  187 4
62.784  0.238596  285 4
-291.184  0.165468  417 6
-1.28  0.159763  338 6
90.128  0.28932  1545 4
64.032  0.376772  1481 4
14.888  0.220183  327 4
14.936  0.230284  317 4
9.184  0.220183  545 6
-16.56  0.267327  404 4
58.296  0.356691  2212 6
67.24  0.325158  1427 4
0.88  0.214815  135 4
85.72  0.241573  178 4
52.184  0.334299  2761 6
7.488  0.234894  1175 6
135.376  0.356923  975 6
-94.408  0.256359  1494 6
14.784  0.203297  364 4
166.12  0.410795  667 6
10.864  0.217195  884 6
-121.056  0.258741  286 4
-33.176  0.235389  1865 6
11.408  0.220588  340 6
64.712  0.393375  483 6
-98.784  0  16383 4
11.624  0.242073  1293 4
-10.832  0.260029  1396 6
-155.968  0.213523  281 4
62.152  0.35657  1994 4
-227.568  0.0496894  161 4
14.36  0.304147  217 6
11.472  0.236287  237 6
12.44  0.275943  1272 4
-140.472  0.247467  691 4
13.44  0.297468  316 4
6.312  0.248833  2998 6
169.872  0.25  168 6
67.08  0.387479  1182 4
-219.88  0.222222  423 6
84.96  0.390203  592 6
14.952  0.259386  293 6
-111.312  0.253521  142 6
-317.872  0.243781  201 6
-51.392  0.236662  2193 4
139.184  0.238743  1177 4
-31.392  0.235036  685 4
14.888  0.189711  311 4
-334.776  0.333153  1849 4
-155.52  0.259573  2246 4
275.408  0.305  200 6
70  0.386894  1114 4
15.032  0.255144  243 4
294.456  0.132911  158 4
9.056  0.267647  680 6
-265  0.244626  977 4
