216.907  0.169713  383 4
-263.563  0.210191  157 4
67.938  0.344056  715 4
-319.596  0.245383  379 4
14.173  0.207637  419 6
77.173  0.382022  712 4
-248.594  0.248936  470 6
14.64  0.161049  267 6
-163.5  0.253465  505 6
-377.471  0.25608  699 4
-59.313  0.267773  422 4
59.28  0.343455  1482 6
7.358  0.249366  1183 4
77.093  0.236805  701 4
209.173  0.32  325 6
73.531  0.382736  614 6
43.749  0.328704  216 6
-284.797  0.125926  135 6
61.501  0.350225  1559 6
-111.375  0.288793  232 6
6.273  0.257219  5229 4
116.936  0.267738  747 4
310.079  0.235332  1534 4
181.561  0.461847  249 6
250.642  0.376048  835 6
164.03  0.250883  283 4
58.531  0.342466  803 4
-350.938  0.259091  880 6
289.093  0.352459  244 4
55.016  0.35254  1614 6
15.719  0.146667  150 4
72.671  0.345411  414 4
72.829  0.416309  932 6
63.593  0.35259  502 4
11.922  0.203883  618 6
56.25  0.342952  2114 6
12.812  0.193548  186 4
90.968  0.253731  3953 6
31.936  0.197581  248 6
8.906  0.235714  420 6
-140.313  0.258002  2062 6
12.624  0.27  200 6
-0.967  0.27482  2085 6
-262.938  0.299703  337 4
71.641  0.381779  461 4
250.406  0.230032  313 6
138.016  0.364865  444 6
12.281  0.26338  710 6
73.781  0.383975  961 6
15.875  0.190751  346 4
-133.578  0.257528  2225 4
0.563  0.255967  1215 6
13.813  0.12987  154 6
-271.063  0.263158  1387 4
13.063  0.247645  743 4
16.734  0.274194  248 4
16.546  0.229075  227 6
60.124  0.406444  807 4
288.703  0.123967  121 4
60.672  0.385097  1436 4
-0.343  0.263542  5206 6
74.593  0.221739  920 6
65.625  0.358613  1846 6
63.625  0.347764  2102 6
189.375  0.238835  1030 6
95.25  0.375209  597 6
-47.375  0.215103  437 6
131.845  0.3  260 6
55.093  0.381046  2026 6
54.5  0.366086  631 4
-275.405  0.2527  463 4
51.718  0.371968  742 6
-117.345  0.139706  136 4
154.139  0.252612  1053 6
52.53  0.335314  2356 4
-320.829  0.253451  1811 4
-316.469  0.26206  767 6
51.639  0.322913  2623 4
61.311  0.236166  1012 6
50.062  0.284024  338 6
149.203  0.2715  1407 6
-93.594  0.203704  270 6
-325.063  0.182609  230 4
16.345  0.253112  241 4
8.735  0.240935  2482 4
76.498  0.40146  1096 6
5.797  0.255915  2071 4
-6.093  0.253112  964 4
233.907  0.220257  622 4
51.407  0.227092  502 4
16.437  0.272727  264 4
132.657  0.31016  187 4
66.062  0.259957  1381 6
-20.375  0.109677  155 6
49.14  0.360551  1886 6
147.531  0.263269  1903 4
82.031  0.240086  933 6
68.249  0.38624  1468 4
16.89  0.217172  198 6
38.313  0.296736  337 4
244.516  0.252018  1115 4
-375.063  0.263675  713 6
13.19  0.228723  188 6
-2.844  0.188906  667 4
-166.499  0.246478  6033 4
69.594  0.323834  386 4
-317.406  0.132911  158 6
9.249  0.257377  610 6
250.828  0.393148  1226 6
14.062  0.304  250 6
15.781  0.273109  238 6
-300.719  0.188889  270 4
-315.438  0.080402  199 4
-368.563  0.26601  203 4
-36.281  0.230961  801 4
58.392  0.393791  1224 6
-64.312  0.241641  658 4
13.312  0.23175  863 4
236.249  0.294833  329 6
279.436  0.213559  295 4
66.032  0.255887  1274 4
59.218  0.346743  1566 4
-0.986  0.245763  1062 4
-149.39  0.222985  583 4
15.766  0.277372  274 4
117.124  0.20632  538 4
77.687  0.383178  428 6
15.781  0.2  180 6
14.407  0.257971  345 6
56.045  0.35681  1718 4
-361.047  0.247805  2050 4
32.781  0.190217  184 4
108.938  0.317204  186 4
13.596  0.295276  254 4
40.718  0.341014  217 4
74.173  0.398649  592 6
56.095  0.252599  1924 6
27.109  0.218543  151 6
53.437  0.367388  1478 4
-14.188  0.228571  385 4
9.155  0.248258  6747 4
14.781  0.184358  358 4
15.859  0.282895  304 4
-278.813  0.166667  282 4
-3.656  0.264949  1087 6
27.141  0.151515  165 4
14.421  0.218855  297 4
248.249  0.231214  173 4
-233.969  0.285006  807 6
30.344  0.239252  535 6
52.717  0.382938  1055 6
-2.25  0.284254  489 6
57.204  0.315985  2421 6
13.967  0.234043  282 4
9.892  0.251189  2102 6
-374.671  0.254545  880 4
15.046  0.280193  207 4
56.828  0.359475  2971 4
16.688  0.209125  263 4
-0.842  0.0476103  16383 6
209.235  0.254083  1102 6
77.374  0.343305  702 4
104.266  0.331536  371 6
29.343  0.274691  972 6
90.608  0.427203  522 6
-63.374  0.25  264 4
169.25  0.25229  1201 4
217.283  0.319372  382 4
187.359  0.454802  354 4
13.251  0.0322581  124 6
223.22  0.204797  542 6
81.344  0.321203  632 4
317.015  0.250699  1073 4
7.907  0.248361  3660 6
22.498  0.18251  263 4
267.986  0.282927  205 4
-13.28  0.25847  2066 6
54.844  0.38785  1712 6
-361.937  0.213235  272 6
53.641  0.334551  2738 4
142.874  0.253125  320 6
49.952  0.349373  3429 6
-187.532  0.220911  593 4
15.938  0.123457  162 4
-1.235  0.250486  6683 6
-94.999  0.14791  311 6
-229.626  0.282828  198 4
-237.531  0.0775862  116 4
14.217  0.240506  237 6
54.249  0.329063  2966 6
-341.72  0.219955  441 6
53.688  0.36378  1270 6
97.126  0.205128  234 4
11.468  0.206349  189 6
-271.42  0.24941  1696 6
15.782  0.253333  225 4
-0.622  0.255685  4705 6
76.72  0.331768  639 6
2.391  0.232323  396 4
180.999  0.209302  387 6
81.968  0.377914  815 6
86.796  0.353276  702 4
89.687  0.245647  2125 4
11.376  0.181818  154 6
13.625  0.241007  278 4
308.812  0.26343  968 4
96.499  0.362805  328 4
10.847  0.214026  1098 4
198.986  0.345395  2432 4
165.033  0.371166  326 4
13.843  0.291367  278 6
47.437  0.236715  1035 4
4.774  0.246147  4282 6
-53.813  0.234043  188 6
-384.252  0.186441  236 6
-0.142  0.251096  2509 4
5.172  0.266175  2983 4
253.687  0.436725  403 6
78.658  0.369806  722 4
67.563  0.415822  493 6
54.657  0.378423  1205 4
56.781  0.343313  2505 6
18.627  0.277228  202 4
-338.843  0.249151  883 4
-112.312  0.202128  188 6
-243.594  0.259259  243 6
100.625  0.259207  706 4
7.719  0.274286  700 6
70.532  0.36922  1449 6
212.327  0.237569  905 4
57.359  0.243011  930 6
-236.656  0.246063  508 4
15.25  0.134969  163 4
-238.437  0.22561  164 4
66.251  0.329968  1585 4
53.969  0.356896  2023 6
54.015  0.321465  2949 4
15.862  0.212963  216 4
8.281  0.239437  213 4
-258.891  0.235455  1100 6
-6.062  0.215321  483 6
-3.062  0.292237  438 4
19.532  0.200637  314 6
206.156  0.215774  1344 6
305.97  0.26087  460 4
286.688  0.269076  498 6
131.782  0.217391  276 6
13.814  0.223796  353 6
65.438  0.233766  462 4
49.563  0.356436  1717 6
9.485  0.244776  1675 4
-156.655  0.25242  1343 6
15.643  0.320833  240 6
211.561  0.239748  317 4
54.921  0.25717  3103 4
10.812  0.123457  324 4
49.954  0.364145  2683 6
-176.938  0.235897  195 6
-71.249  0.263682  201 4
10.64  0.235719  1523 6
67.437  0.373717  974 6
282.22  0.272309  1087 6
54.689  0.381748  778 6
-108.969  0.223621  1033 4
141  0.216645  757 4
99.595  0.310463  583 6
0.001  0.263158  1045 6
151.298  0.389163  609 6
13.859  0.253823  327 6
311.53  0.23877  2048 6
-285.625  0.286517  178 4
6.093  0.258329  3782 4
-14.117  0.257974  6427 6
174.282  0.264151  212 6
12.188  0.209677  248 6
-118.25  0.246914  162 6
-359.937  0.206997  343 4
16.125  0.147887  142 4
271.562  0.363636  198 6
9.47  0.236121  1423 4
-106.968  0.246314  1153 6
56.061  0.358708  867 6
-184.937  0.285714  224 4
53.796  0.368151  1752 4
-168.282  0.219114  429 4
54.281  0.340726  3111 4
62.063  0.3785  1107 4
13.252  0.26556  241 6
-122.373  0.254054  555 6
12.187  0.235727  543 4
147.719  0.35284  581 4
12.313  0.268116  276 6
8.875  0.306785  339 4
76.436  0.376087  460 6
70.094  0.363118  526 6
55.876  0.352295  2549 6
-1.141  0.237666  1885 4
-19.658  0.254839  310 4
14.658  0.280802  349 6
145.468  0.316062  193 4
-39.719  0.286697  436 6
273.5  0.208232  413 6
18.469  0.215  200 4
12.782  0.247549  816 6
58.562  0.365501  1658 6
7.984  0.254103  1767 4
-308.499  0.226158  367 4
54.75  0.198661  448 6
123.438  0.317919  173 4
-132.877  0.217143  175 6
69.063  0.363024  1336 6
-328.595  0.118343  169 4
-390.921  0.240175  687 6
-91.969  0.28  150 4
193.187  0.123457  162 6
-327.093  0.252679  1120 6
297.125  0.393238  562 4
124.783  0.287313  268 4
195.628  0.271028  214 6
194.344  0.28  325 4
70.562  0.362591  957 4
54.579  0.346475  2156 4
63.204  0.334339  1989 4
12.312  0.247126  348 6
53.389  0.367919  1571 4
307.968  0.23888  607 4
60.139  0.312895  2055 4
-279.406  0.180451  266 4
9.702  0.24135  2341 6
46.656  0.380515  2176 6
56.249  0.340366  1422 6
54.423  0.323978  1247 4
-98.375  0.27551  294 6
-218.779  0.239476  3587 4
-75.345  0.237805  164 4
161.812  0.266376  458 4
12.811  0.238994  636 6
73.422  0.348178  1235 4
318.922  0.231084  978 4
55.406  0.356127  1828 4
-211.626  0.279159  523 4
65.719  0.392881  1489 4
34.532  0.227513  189 6
64.077  0.384855  964 6
63.251  0.365657  1980 4
305.781  0.177546  383 4
9.467  0.269255  1597 4
76.375  0.433022  321 6
-0.063  0.280872  413 6
-336.781  0.238752  1378 4
-238.437  0.0740741  162 6
14.123  0.20603  199 4
157.094  0.127119  118 4
10.735  0.221397  1346 4
-331.78  0.203065  261 6
-164.968  0.24856  1215 4
0.5  0.183374  818 6
-328.562  0.241158  622 6
-331.843  0.255875  766 6
121.281  0.270588  1700 4
15.374  0.0967742  124 4
11.908  0.24952  521 4
148.78  0.379781  1098 4
-234.533  0.230769  312 4
57.092  0.419802  505 4
-25.046  0.246127  3421 6
57.781  0.353252  1891 6
-388.168  0.251131  442 6
-309.843  0.299754  407 4
-0.813  0.256131  734 4
-65.968  0.253898  449 4
74.718  0.378571  280 6
40.639  0.248861  2194 6
56.783  0.328482  1443 6
230.001  0.285714  385 4
67.657  0.121771  271 4
35.889  0.27037  270 6
58.437  0.370289  1831 6
64.562  0.409091  242 4
290.249  0.405405  222 6
1.124  0.222561  328 6
-37.047  0.228682  258 6
72.658  0.385892  482 4
10.688  0.261017  295 4
20.781  0.177273  220 6
14.983  0.0404624  173 6
107.5  0.247265  1371 6
223.89  0.172414  174 6
-42.156  0.260274  219 4
14.218  0.200647  309 6
145.124  0.128205  195 6
262.5  0.335306  507 6
-116.548  0.237175  1345 6
60.204  0.414634  533 4
59.75  0.377987  1590 4
8.251  0.259906  1489 4
-317.374  0.324597  496 4
136.515  0.250362  691 4
-134.281  0.251534  326 6
-307.188  0.229682  283 4
10.266  0.244672  1173 4
132.468  0.211823  406 6
146.187  0.269802  1212 6
229.689  0.397163  1128 4
238.296  0.253422  7233 4
54.892  0.385557  817 4
18.343  0.269461  167 6
49.312  0.245614  171 4
151.25  0.24505  404 6
30.752  0.0943396  159 6
-311.234  0.245103  2195 4
53.686  0.385049  709 6
14.344  0.231034  290 6
70.454  0.355593  599 4
2.125  0.306818  264 4
13.311  0.218263  449 6
189.064  0.260193  3213 6
130.032  0.200986  811 4
57.812  0.336977  3110 4
89.376  0.322931  737 4
162.406  0.275261  287 6
-193.437  0.107692  260 4
100.109  0.239259  1350 6
54.594  0.372012  2301 4
10.688  0.287921  712 4
10.718  0.235734  1472 4
-366.157  0.239336  844 6
3.017  0.252962  3882 6
85.781  0.309091  330 4
101.751  0.4  350 4
16.376  0.0718563  167 4
295.812  0.141104  163 4
13.016  0.227273  572 4
14.938  0.158537  246 4
70.625  0.310433  786 6
12.656  0.225888  394 4
6.548  0.245902  1342 4
14.592  0.241176  340 6
-222.235  0.240476  1680 6
61.374  0.283871  465 4
15.344  0.3125  496 4
-53.846  0.246314  1628 6
-315.547  0.289474  646 6
76.5  0.390135  223 4
-176.187  0.217195  221 6
12.439  0.254658  322 4
15.783  0.190184  163 4
73.656  0.244764  764 6
53.93  0.319369  3676 6
231.092  0.25079  1583 4
100.064  0.272727  231 4
9.374  0.203846  260 6
60.687  0.341202  2330 4
1.032  0.248992  992 4
106.251  0.303738  214 6
63.875  0.383661  1934 4
12.922  0.258264  484 4
-176.219  0.235167  927 4
-275.657  0.267677  3762 4
9.187  0.231924  1466 6
-50.095  0.222042  617 4
72.688  0.348367  1286 6
-210.376  0.0933333  225 4
-245.36  0.149798  247 6
-283.438  0.281768  362 6
58.814  0.359456  1544 4
138.062  0.267035  1086 6
-169.937  0.217204  465 4
11  0.255539  1354 4
12.625  0.267606  426 6
81.078  0.390691  709 4
-355.687  0.275355  2041 4
59.093  0.335965  2533 4
7.625  0.117647  170 6
12.97  0.244248  565 6
64.718  0.410959  438 4
14.031  0.173913  161 4
15.906  0.349835  303 4
11.312  0.202548  785 4
-369.5  0.253521  1278 6
15.892  0.132979  188 4
-86.219  0.253545  1763 6
88.844  0.370748  294 6
-102.439  0.263014  365 4
60.625  0.318367  980 6
139.967  0.222065  707 4
220.218  0.0696203  158 6
52.844  0.303571  168 4
52.278  0.267094  468 6
16.438  0.244444  270 4
12.532  0.285714  259 6
10.75  0.241573  356 4
15.25  0.198413  378 4
-96.048  0.265612  1201 4
16.626  0.173516  219 6
246.531  0.369325  2445 4
-391.843  0.270344  2212 6
74.782  0.428571  777 4
-60.016  0.230159  252 4
226.124  0.221154  624 4
13.469  0.233129  326 6
85.125  0.433498  406 6
59.002  0.346978  2101 6
-36.312  0.300699  286 4
27.283  0.218935  169 6
13.498  0.203704  270 4
15.298  0.164894  188 4
54.344  0.341764  1542 6
32.015  0.281407  199 4
66  0.327726  1724 6
109.218  0.0520833  192 4
-214.314  0.0551181  127 4
11.469  0.264286  980 4
-158.782  0.237911  517 4
-321.062  0.233818  1514 4
155.406  0.187117  326 6
77.499  0.397849  744 6
9.187  0.231511  311 6
67.062  0.372747  1387 4
-335.126  0.175676  222 6
68.937  0.31003  329 4
-89.657  0.258467  561 4
12.032  0.226804  582 4
-322.281  0.219215  739 4
-93.469  0.250409  611 4
5.969  0.245976  1553 6
-8.054  0.252672  11228 4
13.625  0.230769  195 4
-358.187  0.143885  139 4
-360.984  0.246809  1880 6
-318.188  0  16383 6
56.641  0.374419  860 4
15.015  0.261307  199 6
-98.501  0.264516  155 6
-7.374  0.153846  182 4
15.906  0.164865  370 4
12.344  0.264644  956 4
-126.453  0.249113  1409 4
70.063  0.399625  1066 4
-62.5  0.258169  2479 4
60.44  0.33525  2261 4
132.532  0.22325  757 4
-90.094  0.213768  276 4
-320.624  0.238356  365 4
-156.125  0.252644  2458 6
15.126  0.229787  235 6
16.344  0.262004  958 4
11.563  0.264993  717 4
71.814  0.402834  988 4
9.312  0.252273  1320 6
14.064  0.242563  437 6
-101.062  0.218824  850 4
61.828  0.356151  2016 6
-302.078  0.260047  5076 4
13.64  0.196296  270 6
54.313  0.343066  1781 4
56.859  0.362957  2543 4
12.499  0.282759  290 4
-268.595  0.26643  2252 4
-67.562  0.245902  244 4
150.013  0.253333  1650 4
12.111  0.245902  915 4
192.563  0.203297  182 6
-5.906  0.241138  2144 6
218.936  0.266197  710 6
59.413  0.323225  2902 6
68.219  0.358923  1003 6
68.267  0.317343  271 6
67.75  0.348404  376 4
-338.221  0.217391  759 4
-374.251  0.231098  701 4
-227.311  0.258454  1656 4
13.562  0.265625  192 6
-202.954  0.0151515  132 6
14.062  0.2275  400 4
99.937  0.237762  429 6
-148.468  0.234783  230 6
-155.407  0.276042  384 4
-9.374  0.288344  326 4
100.188  0.208401  619 4
-253.311  0.240654  428 6
11.186  0.29703  202 4
115.875  0.35472  2182 4
-252.797  0.230034  1778 6
62.407  0.350579  1469 4
15.437  0.194373  391 4
12.937  0.23301  309 4
3.626  0.229834  905 6
155.843  0.238372  344 6
49.64  0.231092  952 6
-138.031  0.056338  142 4
-160.938  0.306818  440 6
31.438  0.324607  191 6
15.923  0.189964  279 4
12.844  0.277916  403 4
13.095  0.182266  203 4
77.875  0.268437  339 6
25.626  0.127907  172 4
16.374  0.276382  398 4
-177.219  0.238646  1123 4
68.094  0.383036  1120 4
53.499  0.23328  1256 4
3.016  0.233779  1048 4
56.657  0.387889  1833 4
13.485  0.243112  617 4
63.248  0.342262  1680 6
52.064  0.367728  1822 6
-294.92  0.224173  1994 6
6.747  0.222222  243 6
-336.033  0.2  140 4
69.032  0.324538  1137 4
13.187  0.242735  585 4
55.593  0.355709  1743 6
50.295  0.253279  1220 6
-169.97  0.346275  2215 4
14.812  0.106599  197 6
55.656  0.346178  1583 4
86.89  0.427562  283 6
-45.81  0.273381  417 4
86  0.40404  297 6
250.468  0.282421  347 6
8.062  0.223598  1534 4
65.015  0.360877  593 4
105.719  0.271714  2153 4
12.765  0.271881  537 4
-115.717  0.244635  1398 4
13.8  0.26616  526 4
-160.28  0.255605  669 6
8.909  0.246978  579 4
17.125  0.176471  170 6
-320.905  0.243781  402 6
-344.908  0.224206  504 6
15.095  0.256024  332 4
12.671  0.229682  566 6
134.342  0.33913  230 6
12.063  0.164794  267 4
-80.564  0.242424  231 6
-80.531  0.186969  353 4
-393.077  0.238095  882 4
12.001  0.241706  211 4
-10.657  0.234818  1235 6
275.126  0.225641  975 6
15.765  0.253472  288 4
62.377  0.361063  1166 4
-315.797  0.217021  235 4
14.203  0.256798  662 4
-263.843  0.220126  318 6
-179.156  0.0923077  130 6
15.91  0.176471  170 4
-3.906  0.274174  817 4
-174.623  0.169643  224 4
-294.548  0.145631  206 4
55.906  0.40616  1039 4
-382.844  0.207373  217 6
-146.883  0.109453  201 4
279.685  0.344086  279 4
12.781  0.270186  322 4
146.328  0.38604  702 6
-1.812  0.25649  1926 6
-343.142  0.220382  785 6
-338.468  0.273399  406 4
-238.72  0.254058  1417 4
-8.986  0.242075  694 4
10.158  0.248536  1537 6
80.5  0.414536  743 6
70.36  0.383154  1211 6
-329.374  0.382979  141 6
8.472  0.24569  464 6
15.876  0.251515  330 6
-49.72  0.236453  609 6
13.092  0.239362  188 4
15.906  0.239554  359 6
-116.936  0.272031  522 4
-280.874  0.211618  241 4
38.812  0.357843  204 6
10.188  0.218922  909 4
106.56  0.273519  574 4
63.252  0.341605  2418 4
10.218  0.209402  702 4
11.844  0.270833  240 6
-216.154  0.238185  1058 6
208.734  0.243346  1052 6
64.638  0.357535  1639 6
-376.436  0.288591  298 6
311.33  0.252809  1246 6
-206.904  0.27762  353 6
12.968  0.263941  538 4
85.924  0.361345  238 4
-109.594  0.250433  2308 6
4.562  0.243349  1278 6
99.22  0.389503  362 6
62.346  0.372474  1831 6
61.06  0.37725  1222 6
59.874  0.371737  1762 4
-5.14  0.246681  2862 6
-326.936  0.309896  384 4
30.624  0.258404  2469 6
64  0.384796  1276 4
-24.344  0.120968  124 6
-277.342  0.270142  844 4
109.092  0.303371  178 4
188.842  0.241453  1404 4
62.936  0.341889  974 6
-367.656  0.207447  188 6
12.252  0.204545  660 4
13.158  0.252427  515 6
119.546  0.369778  2250 6
15.468  0.259516  289 6
13.048  0.26257  358 4
9.498  0.155556  135 6
-227.656  0.189394  264 6
15.532  0.263158  228 6
-305.876  0.141463  205 4
26.516  0.230769  325 6
15.014  0.296774  310 6
-322.376  0.0912281  285 4
190.034  0.24234  1077 4
50.298  0.329168  3761 6
58.468  0.405882  1190 6
-287.812  0.216418  268 4
17.406  0.217647  170 4
-92.094  0.208531  422 4
8.704  0.256989  6868 4
-382.94  0.209945  362 6
-116.438  0.167331  251 6
-80.874  0.238928  1829 4
10.656  0.162857  350 6
149.594  0.172956  318 6
73.312  0.387368  950 6
156.252  0.382169  2075 4
-65.078  0.237057  1101 4
-32.844  0.24  1375 4
245.062  0.198225  676 6
69.86  0.301051  1807 6
186.314  0.275362  276 4
-2.44  0.252374  737 4
73.732  0.383104  509 4
297.812  0.231119  1099 6
63.628  0.356902  297 6
68.986  0.363905  1352 6
122.906  0.433447  293 6
16.406  0.125  184 6
186.468  0.258887  1491 6
75.812  0.374443  673 4
47.062  0.108434  166 4
31.998  0.152284  197 4
8.28  0.238819  3488 6
290.5  0.188623  334 4
15.248  0.275676  185 4
160.142  0.325597  4567 4
-133.126  0.217647  170 4
16.126  0.184  250 4
-219.5  0.302956  406 6
-283.002  0.254753  263 6
8.28  0.25887  761 6
180.406  0.311355  273 4
66.968  0.363908  1341 6
85.718  0.240172  1399 6
11.642  0.252174  575 4
13.14  0.260188  319 6
15.344  0.211429  350 4
223.94  0.206478  494 4
88.048  0.199005  402 4
266.47  0.338411  919 6
30.218  0.195431  394 4
5.14  0.26807  12825 6
15.596  0.262295  305 4
69.686  0.364566  587 6
55.344  0.374441  1119 6
13.344  0.260542  664 6
77.298  0.413361  479 6
-392.752  0.08  150 6
12.502  0.230303  165 4
-288.048  0.219512  451 4
12.376  0.240829  627 4
15.048  0.188272  324 4
-352.752  0.239382  259 6
-148.064  0.262295  183 4
14.312  0.196226  530 6
-291.938  0.229032  620 6
-46.732  0.233543  1747 6
182.688  0.25  152 6
-36.656  0.229858  422 4
4.914  0.247813  3543 6
-146.312  0.214634  205 6
11.936  0.213953  215 6
69.596  0.26664  2464 4
-208.764  0.245507  3283 6
51.688  0.364334  1043 6
47.372  0.243038  395 6
-203.61  0.289855  345 6
13.75  0.267416  445 4
-8.392  0.181298  524 6
-361.734  0.206799  353 6
70.642  0.311927  1090 6
14.486  0.255102  392 6
-243.594  0.180479  543 4
14.276  0.234469  499 4
-383.344  0.272727  187 6
74.468  0.316736  723 6
-220.25  0.277372  274 4
-218.126  0.279874  318 6
-237.44  0.182609  230 4
63.624  0.378828  1502 4
15.842  0.25974  231 4
7.362  0.283264  1924 6
-363.516  0.255186  2073 4
-105.484  0.224559  1474 4
15.764  0.245763  354 4
14.906  0.227642  246 6
-342.782  0.174927  343 4
173.816  0.215625  320 4
10  0.161538  130 6
15.126  0.242347  392 4
-175.03  0.247059  170 4
-0.718  0.262315  11429 4
-282.436  0.232993  588 6
54.314  0.325595  3446 4
15.344  0.272506  411 6
248.124  0.325472  212 6
-309.812  0.177686  242 4
-215.404  0.262706  1515 4
262.564  0.406725  922 6
-236.594  0.14433  97 4
-166.756  0.247055  6112 4
5.86  0.239672  3171 6
-222.962  0.249265  3743 4
-48.186  0.244063  758 4
12  0.267748  986 4
65.72  0.399378  964 6
305.188  0.238882  787 6
10.312  0.355263  228 4
57.528  0.417238  1021 4
62.89  0.365854  205 4
-40.498  0.278986  276 4
16.592  0.14433  194 4
-72.296  0.242944  1807 4
-191.782  0.325203  369 4
274.5  0.372093  301 4
10.656  0.2  230 6
16.532  0.280415  674 6
160.718  0.404389  638 6
53.78  0.357027  1843 4
-329.5  0.342657  286 6
238.42  0.226477  914 6
-266.532  0.241535  443 4
15.314  0.249354  1548 4
11.516  0.25117  641 6
61.344  0.369697  1320 4
45.674  0.238725  1663 4
82.688  0.350962  416 6
-63.376  0.268595  484 6
-63.47  0.220564  603 6
195.5  0.234899  745 6
193.784  0.361677  835 6
-236.422  0.237056  1603 4
-197.844  0.26087  483 6
72.28  0.396843  887 4
35.86  0.277778  324 6
11.562  0.235979  945 6
9.858  0.243287  2495 4
24.608  0.072  125 6
-240.53  0.170868  357 6
-28.688  0.242188  256 4
56.592  0.222539  701 6
61.392  0.38737  1536 4
150.596  0.273224  549 4
70.908  0.391639  909 4
27.876  0.262857  175 4
-39.56  0.232295  353 4
52.188  0.320963  4069 6
303.718  0.252513  1691 4
-232.032  0.243469  1914 6
55.44  0.140541  185 6
67.844  0.36064  1062 6
58.5  0.359338  846 6
12.5  0.248282  2183 4
107.906  0.373832  321 4
100.158  0.213904  187 6
284.032  0.260488  1025 4
243.326  0.325758  264 4
-246.878  0.241645  389 6
8.564  0.248731  788 6
-48.142  0.256401  2695 4
-17.016  0.241839  1501 6
-307.748  0.265399  1315 6
11.064  0.321212  165 6
-145.314  0.30914  372 4
15.626  0.181818  176 4
228.002  0.199021  613 4
14.186  0.26893  383 6
-342.188  0.321543  311 6
-391.092  0.204255  235 4
-360.374  0.351695  236 4
276.392  0.235294  323 4
53.296  0.339207  2951 4
75.092  0.361079  853 6
196.876  0.156863  153 4
195.938  0.365416  613 6
20.736  0.26601  203 6
79.626  0.37538  658 6
10.688  0.253394  221 6
-164.5  0.241379  174 6
17.046  0.116162  198 6
13.296  0.262115  454 6
60.376  0.4  360 6
-13.016  0.191083  157 4
261.188  0.40694  634 4
-63.264  0.262967  3316 6
-379.376  0.296117  206 4
-138  0.226553  821 6
108.186  0.247934  484 6
-168.592  0.192246  619 4
-6.368  0  16383 6
-299.22  0.259965  577 6
73.94  0.408197  610 6
11.67  0.2443  921 4
158.468  0.392936  453 6
16.096  0.0814815  135 6
15.686  0.134021  194 4
66.376  0.43418  433 6
82.908  0.377778  405 6
76.078  0.276  250 4
-74.564  0.274011  1770 6
-137.968  0.273359  1295 4
14.516  0.234  500 4
-132.19  0.0895522  134 4
51.72  0.339666  2632 6
173.718  0.354193  2397 6
135.502  0.382075  636 6
63.672  0.356041  1556 6
61.14  0.383104  509 4
74.454  0.355747  1279 4
15.718  0.323913  460 4
13.062  0.238698  553 6
262.5  0.185304  313 4
64.534  0.393822  518 6
-4.172  0.241369  3331 4
13.252  0.112613  222 6
106.748  0.355649  239 4
16.656  0.351111  225 6
-191.954  0.248719  1757 4
3.56  0.246201  329 6
-130.812  0.127389  157 6
270.812  0.422351  689 6
55.718  0.364789  2130 6
236.5  0.32  175 4
67.562  0.368027  1201 4
-270.53  0.254309  3539 4
17.44  0.294964  278 4
-125.064  0.219512  287 6
231.83  0.418842  881 6
-3.36  0.257094  1163 6
58.656  0.375176  1418 6
11.234  0.27853  517 6
15.124  0.1  140 4
11.468  0.305419  406 4
282  0.215827  139 4
77.39  0.409231  325 4
11.968  0.231317  562 6
19.562  0.242025  1442 6
140.282  0.388978  1252 6
224.782  0.271676  346 6
-372.688  0.230769  364 6
-361  0.221854  604 6
13.124  0.268559  458 6
61.72  0.394792  1920 4
54.436  0.376206  1244 4
75.734  0.300885  226 4
20.768  0.241071  224 6
10.844  0.261765  340 4
12.874  0.228916  166 6
-131.688  0.275  280 4
14.532  0.280851  235 4
274.284  0.386935  398 6
-175.748  0.244444  180 6
70.376  0.389806  1393 6
151.638  0.371622  740 4
62.184  0.368647  1633 6
-231.296  0.235637  1201 4
114.626  0.389961  1036 6
79.672  0.348189  359 6
7.952  0.248352  3185 6
12.844  0.0153846  130 4
-364.562  0.29386  228 6
298.344  0.26937  1381 4
-182.954  0.223092  511 6
10.25  0.258065  806 6
10.33  0.244521  867 6
14.688  0.271654  254 6
160.204  0.370496  1471 6
-2.064  0.234513  904 6
14.906  0.240876  411 4
59.016  0.242991  535 6
18.608  0.248705  579 6
48.11  0.343167  3593 4
-16.188  0.200658  304 4
-96.814  0.211921  302 6
-84.592  0.209302  301 4
14.906  0.230483  269 4
167.874  0.246575  438 6
130.596  0.241636  269 6
14.634  0.212195  410 4
8.484  0.253797  1580 6
-55.812  0.362462  1316 6
166.094  0.245249  2210 6
-314.03  0.258934  1595 4
-127.734  0.217241  290 6
-383.624  0.246568  1748 4
225.344  0.236922  1988 4
14.124  0.198864  176 4
9.748  0.267378  4402 4
-286.906  0.241645  1167 6
192.498  0.242498  2466 4
-251.202  0.358079  229 4
242.592  0.282325  843 4
-6.154  0.249822  1401 6
11.5  0.234375  192 6
-338.28  0.289617  549 6
9.656  0.270581  1567 4
60.344  0.355479  1159 4
52.31  0.343694  2799 6
12.716  0.338129  278 6
70.876  0.397351  1057 6
13.186  0.198614  433 6
20.172  0.323529  204 4
-315.22  0.256299  2778 4
49.156  0.414184  705 6
11.468  0.254151  783 6
111.638  0.243918  1521 6
-147.624  0.265306  147 4
16.018  0.227273  396 4
-264.498  0.235014  1051 6
-199.812  0.192029  276 4
-275.812  0.254163  2042 4
-280.688  0.264151  159 4
258.72  0.214815  270 4
143.468  0.234534  1471 6
72.344  0.396104  1078 6
17.844  0.343915  189 6
11.032  0.28024  835 4
12.438  0.251479  338 4
68.22  0.203753  373 6
55.968  0.345588  1224 6
-145.968  0.274366  1775 6
61.218  0.392255  1601 4
11.904  0.236611  2278 4
42.594  0.215328  274 4
136.024  0.241898  3919 6
16.156  0.153846  208 4
-367.812  0.21028  214 6
152.78  0.178771  358 6
73.846  0.4027  889 4
-391.218  0.119497  159 6
-268.998  0.201299  308 4
-43.564  0.245128  975 6
-154.624  0.314488  283 6
10.814  0.245192  208 4
131.876  0.257796  481 6
-252.344  0.216596  711 6
-296.36  0.250608  1644 6
176.936  0.223176  233 6
-244.53  0.236869  971 4
13.312  0.257622  656 6
67.812  0.36785  1014 6
207.594  0.206231  674 4
-314.688  0.199219  256 4
13.002  0.232295  706 4
26.656  0.237579  1751 6
55.108  0.335984  2012 6
0.944  0.247246  5901 6
-185.748  0.145749  247 4
15.344  0.28479  309 4
-135.75  0.284444  675 6
-378.232  0.237458  598 6
72.578  0.339928  556 6
-100.656  0.243304  448 4
235.096  0.211813  491 6
-264.998  0.15625  192 4
-290.532  0.25  624 6
15.326  0.234432  273 4
-209.47  0.265861  331 6
-185.516  0.21308  474 6
72.236  0.372691  1245 6
14.392  0.176966  356 4
275.5  0.356417  1574 4
257.502  0.188811  143 6
-2.186  0.257848  446 6
-33.252  0.242342  1469 6
5.452  0.276339  1158 6
-12.75  0.319231  260 4
118.752  0.446023  352 6
6.28  0.266667  1725 6
71  0.340909  352 4
-136.608  0.252147  1630 4
213.704  0.333333  225 6
-89.734  0.217391  184 4
-318.156  0.230925  1481 6
192.094  0.243942  619 4
27.532  0.236575  689 4
-193.032  0.259974  777 6
172.592  0.228402  845 4
-167.876  0.260901  1399 6
64.112  0.32954  2109 4
86.344  0.315508  374 4
82.532  0.375148  845 4
173.188  0.113772  167 4
67.062  0.415094  477 6
60.906  0.384498  658 4
67.784  0.369063  1558 4
9.532  0.249004  1506 4
13  0.219355  465 4
5.644  0.240086  2320 6
54.75  0.358491  2544 4
60.998  0.358059  2184 4
13.218  0.218935  169 6
15.47  0.23445  209 6
75.248  0.391398  465 6
14.048  0.245179  363 6
-46.906  0.28103  427 4
63.908  0.371969  1691 4
10.314  0.216814  226 6
76.108  0.401639  854 6
272.188  0.204301  372 4
56.608  0.344189  1351 4
51.016  0.335417  2880 4
-224.812  0.289538  411 6
33.548  0.235732  1209 6
56  0.337796  2913 6
3.596  0.26352  2034 6
-176.56  0.238095  210 4
-219.782  0.261791  1463 6
12.436  0.173034  445 6
-351.596  0.263773  1198 6
-366.97  0.228636  1767 6
85.376  0.34904  573 4
311.438  0.272727  198 6
42.03  0.22618  1123 4
-61.14  0.284585  253 4
-99.468  0.262781  3208 4
0.016  0.260259  1779 4
196.564  0.378173  394 4
-2.188  0.324074  216 4
13.064  0.263083  707 6
13.686  0.289673  397 4
-185.766  0.238806  335 4
13.718  0.329588  267 6
161.64  0.344141  1758 4
59.81  0.417778  225 4
66.22  0.374425  1087 4
5.654  0.250611  818 4
-93.718  0.265882  425 6
16.782  0.189076  238 4
275.062  0.334294  347 6
80.126  0.34898  490 6
73.282  0.387097  1023 4
-125.028  0.253823  654 4
-157.64  0.24376  1202 6
15.532  0.246253  467 4
19.562  0.182796  279 6
-33.656  0.198178  439 4
71.252  0.363273  1002 4
82.812  0.379934  608 6
-5.78  0.245749  1823 6
10.75  0.208145  221 4
-20.562  0.0714286  168 6
61.446  0.387793  1065 6
247.748  0.227929  623 4
-144.044  0.322876  765 4
114.064  0.250585  427 6
56.812  0.386577  745 6
279.344  0.258664  1183 6
-319.844  0.25  176 6
62.844  0.368011  1413 6
57.764  0.357047  2235 4
6.408  0.256519  5637 4
-259.498  0.208651  393 4
12.562  0.282723  191 6
-149.22  0.231003  329 4
-14.5  0.208481  283 4
-238.634  0.241445  526 6
71.612  0.366142  254 6
74.096  0.348993  596 6
16.922  0.209607  229 6
18.748  0.232227  211 4
10.844  0.194861  467 6
16.344  0.222222  153 6
248.046  0.37276  558 6
-352.218  0.226829  410 4
71.438  0.421842  467 6
138.452  0.363636  1023 4
57.506  0.304804  2956 6
12.628  0.263793  580 6
-4.906  0.212025  632 6
12.452  0.259023  471 6
-278.626  0.255319  329 4
303.564  0  16383 6
3.096  0.264631  786 4
74.5  0.313653  271 6
-32.126  0.188602  737 6
16.594  0.207469  241 4
9.626  0.219388  196 6
7.626  0.250531  471 4
10.516  0.239283  2566 4
64.592  0.374269  855 6
-229.376  0.193396  212 6
10.39  0.270979  1144 6
62.796  0.348773  2159 6
-218.404  0.192771  166 4
77.686  0.379404  1107 4
133.016  0.347115  2322 6
66.858  0.352261  1902 6
-395.624  0.350263  571 6
2.376  0.250758  1978 6
51.952  0.356836  2794 6
56.496  0.379177  1556 6
2.088  0.244596  4117 4
13.78  0.192771  249 6
284.656  0.241692  1324 6
12.08  0.252475  808 4
76.046  0.41637  843 4
59.124  0.331049  2773 6
87.688  0.380323  681 6
-56.578  0.239069  1761 6
14.048  0.248421  475 6
15.562  0.194553  257 4
86.188  0.386964  1212 4
289.548  0.237603  1936 4
77.72  0.230159  504 6
15.896  0.254545  2585 4
-155.842  0.256265  2474 6
70.468  0.264423  208 6
289.642  0.249364  786 4
53.798  0.337765  2031 4
59.094  0.428345  1263 6
184.436  0.292096  291 6
28.874  0.212418  306 6
-133.124  0.244792  192 6
12.25  0.273438  512 6
50.156  0.37268  1940 6
63.844  0.389056  1663 4
53.062  0.344368  2175 6
-206.734  0.229745  901 6
147.876  0.379965  579 6
10.39  0.234467  1352 6
-7.624  0.174863  183 4
204.498  0.228261  184 6
13.624  0.249425  870 4
66.906  0.154229  201 6
94.92  0.346793  421 6
-215.5  0.259711  2703 6
10.142  0.275343  1529 4
-145.592  0.290179  672 6
13.22  0.234545  550 4
72.374  0.374154  1625 4
14.014  0.234615  520 4
-3.25  0.23588  301 6
11.124  0.29646  226 4
8.704  0.252723  2754 6
222.064  0.270463  281 6
300.438  0.279215  1121 6
7.268  0.248393  2645 6
54.892  0.344483  2900 4
56.374  0.341305  2007 4
12.842  0.260427  983 4
-203.22  0.209424  382 4
-365.436  0.185065  308 4
11.11  0.262449  1707 4
311  0.286853  251 6
1  0.23406  1192 6
-331.486  0.249582  1795 6
-361.468  0.242857  210 4
309.376  0.210227  176 4
127.908  0.255428  783 4
65.16  0.378703  1249 4
229.032  0.235103  923 6
8.564  0.252874  1479 6
68.374  0.367857  1400 4
56.22  0.343001  3379 6
-107.812  0.279874  318 4
-376.11  0.230563  373 4
55.516  0.350877  2109 6
55.988  0.354323  2001 4
309.92  0.381797  846 6
12.406  0.190981  377 6
14.204  0.181275  502 4
-147.936  0.329787  188 4
77.968  0.371755  963 6
12.502  0.2  165 4
10.032  0.252768  542 4
8.812  0.273438  256 6
9.012  0.257216  4712 4
50.716  0.334624  3873 4
9.748  0.248521  845 4
25.248  0.287805  205 4
237.656  0.206573  213 4
201.25  0.345133  226 6
14.158  0.143969  257 6
-185.126  0.309711  381 4
216.686  0.23301  824 4
79.236  0.406202  645 4
64.906  0.349823  283 4
12.846  0.05  140 4
17.188  0.246269  268 4
72.688  0.399194  744 4
67.032  0.394231  312 4
112.314  0.241636  269 4
78.784  0.458484  277 6
-8.406  0.243094  543 4
92.234  0.416838  487 4
92.28  0.343964  439 6
-165.906  0.102151  186 4
55.828  0.375252  1988 6
186.5  0.178947  190 4
16.28  0.315152  165 6
138  0.279365  315 6
10.562  0.201893  317 6
237.938  0.289474  646 4
171.36  0.357887  1344 4
5.908  0.268051  14542 6
262.72  0.159128  16383 6
119.608  0.349593  246 4
13.124  0.331325  166 4
15.032  0.282051  195 4
-0.626  0.197917  384 6
-144.47  0.224138  290 6
49.032  0.237209  2795 4
309.592  0.222543  692 4
58.076  0.391841  1054 4
203.906  0.231225  506 6
-50.844  0.226158  367 4
-190.028  0.267562  968 6
14.936  0.232737  391 4
75.532  0.323059  876 6
12.656  0.215768  241 4
12.718  0.330729  384 4
1.842  0.256023  2117 6
215.596  0.153527  241 4
263.936  0.170843  439 4
-169.484  0.24933  746 4
57.22  0.344272  1737 4
-203.936  0.203488  860 4
12.19  0.231947  457 4
63.97  0.394399  857 4
12.844  0.25  828 4
14.156  0.350785  191 6
223.704  0.250129  1931 6
7.126  0.188841  233 6
46.284  0.366923  1300 4
10.672  0.251241  1007 6
230.78  0.239474  1140 6
104.534  0.257282  206 6
-397.31  0.266667  780 6
2.688  0.27476  313 4
-299.952  0.327059  2125 4
63.344  0.401515  924 4
250.264  0.243043  1617 6
18.08  0.29878  164 4
-397.312  0.269841  189 4
11.816  0.231737  1670 4
58.124  0.352339  684 4
219.628  0.256983  1432 4
83.124  0.368723  697 6
-352.624  0.206813  411 4
163.048  0.256961  1257 4
105  0.424699  332 6
76.344  0.388158  760 4
9.624  0.231051  818 6
53.828  0.352897  1346 4
62.752  0.404075  1178 6
310.672  0.198758  161 4
-38.096  0.221491  456 4
-36.844  0.259932  881 6
311.392  0.259306  1585 4
-266  0.10241  166 4
72.656  0.238095  231 4
268.064  0.235149  1616 4
69.124  0.254272  1463 6
-180.764  0.233333  1080 6
54.656  0.377709  969 6
74.56  0.407777  1003 6
-358.736  0.238095  1806 4
51.592  0.356669  2714 4
160.528  0.37218  266 6
-19.404  0.26009  223 6
221.156  0.279835  243 4
9.032  0.288591  894 4
18.376  0.342857  350 6
-93.688  0.261628  688 4
9.98  0.258734  1832 6
14.376  0.245399  489 6
-0.252  0.228861  887 6
-55.032  0.230912  2161 6
54.032  0.341079  2539 6
-261.968  0.317949  195 4
86.236  0.234899  894 6
17.452  0.139303  201 4
10.936  0.165165  333 6
12.376  0.297753  178 6
227.376  0.349576  472 6
59.688  0.322421  1619 4
9.812  0.268139  317 4
0.968  0.3207  343 6
-115.36  0.251599  1407 4
88.716  0.217707  689 6
73.032  0.359021  1103 6
13.564  0.253178  944 4
17.064  0.21789  436 4
10.532  0.2325  800 6
210.108  0.24217  1788 6
75.968  0.384901  808 4
166.252  0.410437  709 6
4.828  0.248  3250 4
55.016  0.398968  1356 6
-100.128  0.222989  435 4
-98.42  0.184549  233 6
114.72  0.308989  356 6
57.404  0.371912  1417 6
8.184  0.242147  764 6
118.564  0.363918  970 4
55.704  0.371308  2607 6
2.312  0.206061  330 6
68.28  0.365653  1217 6
9.236  0.229084  1004 6
10.908  0.229236  301 4
67.376  0.0294118  102 4
83.936  0.353434  597 6
93.924  0.382199  382 4
50.228  0.345607  3938 6
119.656  0.392373  1180 6
76.904  0.359442  932 4
13.468  0.229075  227 6
-343  0.292208  616 4
11.624  0.246978  1903 4
-280.592  0.188679  159 4
78.108  0.408829  521 4
-45.012  0.271579  950 6
-188.184  0.173469  196 6
8.872  0.275783  1309 4
14.56  0.229167  288 4
10.876  0.270233  729 4
90.752  0.262208  12471 4
13.968  0.125874  143 6
64.816  0.434021  970 6
0.44  0.214724  163 4
58.236  0.327207  2503 6
8.784  0.239351  493 4
-245.064  0.244898  147 6
13.984  0.270035  574 4
-12.688  0.258483  12171 4
218.624  0.351426  2174 4
17.08  0.201087  184 4
65.06  0.371195  1347 6
-0.092  0.202667  375 4
11  0.263339  1162 4
62.86  0.369748  595 4
13.984  0.29584  649 4
195.312  0.217573  478 4
-80.968  0.250633  790 4
14.968  0.180328  183 6
20.748  0.245455  440 4
136.312  0.144737  152 6
78  0.355446  1010 4
15.86  0.291908  346 4
13.312  0.266667  180 4
-158.436  0.20073  274 4
-327.468  0.220149  268 6
12.656  0.297818  779 4
23.496  0.165468  139 4
-0.028  0  16383 6
80.096  0.457086  501 4
-67.624  0.224599  187 4
75.972  0.203822  157 6
8.016  0.240831  1636 6
286.64  0.246806  1957 4
44.516  0.259883  1543 6
14.468  0.27907  344 6
9.44  0.279926  1086 4
21.968  0.337054  448 4
2.656  0.261603  474 6
59.092  0.367424  528 6
51.404  0.349749  2985 6
13.984  0.207692  260 4
15.876  0.383966  237 6
13.376  0.225513  439 4
46.688  0.17734  203 6
-114.076  0.165138  218 6
17.72  0.270115  174 6
66.376  0.336066  1098 6
13.032  0.266667  885 6
25.596  0.222222  747 4
11.656  0.263708  383 4
66.232  0.315852  839 4
-226.824  0.179941  339 4
16.092  0.196875  320 4
-214.408  0.246097  1345 6
-6.216  0.269481  616 4
-120.344  0.264264  333 4
86.372  0.371041  442 4
11.876  0.182979  235 4
59.748  0.254438  169 6
62.004  0.367749  1724 4
17.72  0.259109  247 4
14.248  0.224044  183 4
65.596  0.359571  1677 4
11.408  0.240535  449 6
-315.78  0.236575  689 4
91.704  0.201389  144 6
-67.752  0.208716  872 6
14.7  0.269133  784 4
56.116  0.356436  808 4
140.128  0.222451  971 4
13.688  0.256125  449 6
-181.624  0.304  500 4
-167.316  0.301802  222 4
71.124  0.218873  763 6
101.86  0.330159  315 4
57.048  0.343716  2793 6
13.968  0.256494  308 4
58.7  0.364296  2756 4
134.628  0.270386  466 6
57.716  0.353018  762 6
9.328  0.24856  1215 4
68.42  0.336582  1539 4
14.892  0.214953  535 4
233.78  0.231018  619 4
-288.624  0.154362  149 6
61.296  0.388571  525 4
-48.596  0.258486  1149 4
-105.06  0.314741  251 6
65.688  0.400832  721 4
89.064  0.465201  273 4
278.44  0.244918  2066 4
19.988  0.137555  458 4
22.936  0.196203  158 6
-88.124  0.257291  2126 6
-1.124  0.19403  201 6
12.656  0.228395  162 6
7.572  0.24045  4267 6
16.628  0.354244  271 4
-133.844  0.180723  332 4
127.252  0.240385  208 4
8.592  0.26079  2734 6
-96.812  0.197309  223 6
60.376  0.376884  796 4
15.064  0.241379  493 4
16.156  0.189189  222 4
-355.752  0.246066  699 4
163.076  0.342429  1869 4
37.968  0.252277  1098 4
60.172  0.244776  670 6
-159.252  0.154762  252 4
33.684  0.188092  739 4
13.812  0.412698  189 4
16.312  0.263345  281 4
24.312  0.252252  777 4
73.032  0.347758  1271 6
-340.748  0.254021  3917 4
-80.532  0.244582  323 6
16.092  0.218354  316 4
53.688  0.359131  1796 4
12.436  0.229787  235 6
-244.468  0.22  300 4
-361.44  0.254613  271 4
6.412  0.251464  6319 6
14.924  0.216749  203 6
12.44  0.0753425  146 4
13.296  0.237288  472 4
16.624  0.177515  169 4
14.408  0.207865  178 4
130.188  0.330049  203 4
52.248  0.365639  1816 4
-255.472  0.270081  859 6
11.468  0.270042  237 6
166.764  0.350972  926 4
14.5  0.125  296 4
92.344  0.238223  2993 6
84.816  0.460606  330 4
-274.032  0.296296  324 6
60.404  0.341841  1293 6
-27.048  0.252381  420 6
64.968  0.253348  896 4
14.72  0.306306  222 4
13.752  0.238411  453 6
65.832  0.34044  1501 4
13.5  0.244444  360 4
199.688  0.293478  184 6
103.688  0.229847  1836 4
12.78  0.337553  237 6
29.252  0.365169  178 4
11.252  0.269231  156 6
13.404  0.25  580 6
1.184  0.242579  977 4
253.188  0.237721  509 4
302.564  0.225705  319 6
202.672  0.244898  1911 4
79.328  0.388143  894 4
228.392  0.417952  713 4
284.376  0.22619  336 6
-76.844  0.282927  410 6
-149.748  0.233533  668 4
-68.34  0.255708  219 4
27.312  0.24569  232 6
93.84  0.421141  596 4
11.684  0.24948  481 4
-24.94  0.23119  731 4
59.968  0.400812  1477 4
13.064  0.102564  156 6
13.656  0.233051  472 6
-3.124  0.256637  791 6
60.28  0.416393  915 6
-358.812  0.263869  1406 6
310.796  0.207367  733 6
64.968  0.352321  1422 6
-323.188  0.23569  297 4
-299.628  0.24408  549 4
15.872  0.0990099  101 6
-139.688  0.281915  188 4
115.812  0.36875  320 6
129.408  0.238839  896 4
66.848  0.422242  1106 6
17.408  0.157658  222 4
12.688  0.112861  381 4
-261.656  0.0714286  154 4
13  0.253482  718 6
23  0.230174  517 6
63.504  0.305699  193 4
66.252  0.397779  1531 6
74.608  0.366587  832 6
10.812  0.231362  389 6
155.5  0.348223  985 4
59.704  0.328358  2077 4
66  0.385802  1296 4
56.188  0.320457  1139 6
66.48  0.382509  1132 4
-35.376  0.260188  319 4
5.092  0.217391  437 6
-336.656  0.306723  238 6
155.952  0.295385  325 4
15.032  0.279221  308 4
-95.312  0.243555  1823 6
15.968  0.237885  227 6
13  0.257525  598 6
10.308  0.240964  249 4
56.656  0.340771  986 4
11.424  0.223333  900 6
-342.86  0.240146  1370 6
13.86  0.290667  375 4
161.408  0.402299  261 6
13.844  0.200787  508 4
74.564  0.383333  360 6
16.844  0.345455  220 4
13.872  0.211921  302 4
77.376  0.364148  1244 6
221.5  0.245652  460 6
-223.248  0.25  204 4
-15.124  0.0833333  192 6
14.612  0.224138  348 4
-231.812  0.260355  1690 4
54.16  0.355892  1256 6
16.376  0.155172  232 4
175.624  0.397554  654 6
