1.000000000000000056e-01 0.000000000000000000e+00
2.999999999999999889e-01 0.000000000000000000e+00
5.000000000000000000e-01 0.000000000000000000e+00
6.999999999999999556e-01 0.000000000000000000e+00
9.000000000000000222e-01 0.000000000000000000e+00
1.100000000000000089e+00 0.000000000000000000e+00
1.300000000000000044e+00 0.000000000000000000e+00
1.500000000000000000e+00 0.000000000000000000e+00
1.699999999999999956e+00 1.000000000000000000e+00
1.899999999999999911e+00 9.000000000000000000e+00
2.100000000000000089e+00 5.000000000000000000e+00
2.299999999999999822e+00 5.000000000000000000e+00
2.500000000000000000e+00 5.000000000000000000e+00
2.700000000000000178e+00 1.000000000000000000e+00
2.899999999999999911e+00 9.000000000000000000e+00
3.100000000000000089e+00 3.600000000000000000e+01
3.299999999999999822e+00 7.500000000000000000e+01
3.500000000000000000e+00 1.060000000000000000e+02
3.700000000000000178e+00 1.510000000000000000e+02
3.899999999999999911e+00 1.930000000000000000e+02
4.099999999999999645e+00 2.480000000000000000e+02
4.299999999999999822e+00 3.480000000000000000e+02
4.500000000000000000e+00 3.800000000000000000e+02
4.700000000000000178e+00 3.730000000000000000e+02
4.900000000000000355e+00 4.070000000000000000e+02
5.099999999999999645e+00 3.940000000000000000e+02
5.299999999999999822e+00 4.290000000000000000e+02
5.500000000000000000e+00 4.210000000000000000e+02
5.700000000000000178e+00 3.660000000000000000e+02
5.900000000000000355e+00 3.240000000000000000e+02
6.099999999999999645e+00 3.010000000000000000e+02
6.299999999999999822e+00 2.620000000000000000e+02
6.500000000000000000e+00 3.060000000000000000e+02
6.700000000000000178e+00 2.570000000000000000e+02
6.900000000000000355e+00 2.350000000000000000e+02
7.099999999999999645e+00 2.370000000000000000e+02
7.299999999999999822e+00 2.130000000000000000e+02
7.500000000000000000e+00 2.470000000000000000e+02
7.700000000000000178e+00 2.520000000000000000e+02
7.900000000000000355e+00 2.320000000000000000e+02
8.099999999999999645e+00 1.890000000000000000e+02
8.300000000000000711e+00 1.420000000000000000e+02
8.500000000000000000e+00 1.000000000000000000e+02
8.699999999999999289e+00 7.500000000000000000e+01
8.900000000000000355e+00 4.900000000000000000e+01
9.099999999999999645e+00 3.600000000000000000e+01
9.300000000000000711e+00 7.600000000000000000e+01
9.500000000000000000e+00 7.800000000000000000e+01
9.699999999999999289e+00 6.400000000000000000e+01
9.900000000000000355e+00 6.200000000000000000e+01
1.009999999999999964e+01 4.900000000000000000e+01
1.030000000000000071e+01 4.000000000000000000e+01
1.050000000000000000e+01 3.300000000000000000e+01
1.069999999999999929e+01 1.900000000000000000e+01
1.090000000000000036e+01 3.000000000000000000e+00
1.109999999999999964e+01 5.000000000000000000e+00
1.130000000000000071e+01 0.000000000000000000e+00
1.150000000000000000e+01 0.000000000000000000e+00
1.169999999999999929e+01 0.000000000000000000e+00
1.190000000000000036e+01 1.000000000000000000e+00
