1.000000000000000056e-01 0.000000000000000000e+00
3.000000000000000444e-01 0.000000000000000000e+00
5.000000000000000000e-01 0.000000000000000000e+00
7.000000000000000666e-01 0.000000000000000000e+00
9.000000000000000222e-01 6.147419961037823555e+01
1.100000000000000089e+00 5.046751508784220164e+02
1.300000000000000266e+00 5.545287548558225126e+02
1.500000000000000222e+00 5.155453028377517057e+02
1.700000000000000178e+00 7.065722765426178285e+02
1.900000000000000133e+00 8.170233117219704582e+02
2.100000000000000089e+00 9.018120025381278992e+02
2.300000000000000266e+00 9.290274065825590242e+02
2.500000000000000444e+00 9.425033730808125938e+02
2.700000000000000178e+00 1.017433860252179784e+03
2.900000000000000355e+00 1.231320461202320757e+03
3.100000000000000089e+00 1.468053318484810006e+03
3.300000000000000266e+00 1.365773040845689138e+03
3.500000000000000444e+00 1.280924216514898490e+03
3.700000000000000178e+00 1.142099266544551938e+03
3.900000000000000355e+00 1.047742368783438224e+03
4.099999999999999645e+00 1.069596143539231434e+03
4.299999999999999822e+00 1.149597705421795126e+03
4.500000000000000000e+00 1.113444516214526857e+03
4.700000000000000178e+00 1.159298832346648169e+03
4.900000000000000355e+00 1.132161456524276218e+03
5.099999999999999645e+00 1.060910496461254070e+03
5.299999999999999822e+00 9.154859227333770377e+02
5.500000000000000000e+00 7.536214765608019661e+02
5.700000000000000178e+00 6.784891266505330805e+02
5.900000000000000355e+00 4.488376110335822204e+02
6.099999999999999645e+00 2.535373419052598365e+02
6.299999999999999822e+00 7.559647939186923793e+01
6.500000000000000000e+00 2.275873378583602147e+01
6.700000000000000178e+00 2.549517191781361714e+00
6.900000000000000355e+00 5.220294877780203180e+00
7.099999999999999645e+00 2.632795684698546079e+00
7.299999999999999822e+00 0.000000000000000000e+00
7.500000000000000000e+00 8.164128331916629122e+00
7.700000000000000178e+00 0.000000000000000000e+00
7.900000000000000355e+00 2.830422766262680856e+00
8.099999999999999645e+00 2.835690998116122241e+00
8.300000000000000711e+00 2.822965013799916711e+00
8.500000000000000000e+00 0.000000000000000000e+00
8.699999999999999289e+00 0.000000000000000000e+00
8.900000000000000355e+00 3.050429811780524858e+00
9.099999999999999645e+00 3.122520136374950628e+00
9.300000000000000711e+00 3.167902066143111650e+00
9.500000000000000000e+00 0.000000000000000000e+00
9.700000000000001066e+00 0.000000000000000000e+00
9.900000000000000355e+00 3.242953359922799095e+00
1.009999999999999964e+01 6.583389100319421594e+00
1.030000000000000071e+01 3.321104927557467335e+00
1.050000000000000000e+01 0.000000000000000000e+00
1.070000000000000107e+01 3.387500123027709531e+00
1.090000000000000036e+01 0.000000000000000000e+00
1.109999999999999964e+01 0.000000000000000000e+00
1.130000000000000071e+01 3.541487632630791360e+00
1.150000000000000000e+01 7.200254876348445521e+00
1.170000000000000107e+01 0.000000000000000000e+00
1.190000000000000036e+01 0.000000000000000000e+00
1.209999999999999964e+01 3.765765281505734752e+00
1.230000000000000071e+01 7.532497672834054470e+00
1.250000000000000000e+01 0.000000000000000000e+00
1.270000000000000107e+01 0.000000000000000000e+00
1.290000000000000036e+01 0.000000000000000000e+00
1.309999999999999964e+01 3.949045893060181722e+00
1.330000000000000071e+01 0.000000000000000000e+00
1.350000000000000000e+01 0.000000000000000000e+00
1.370000000000000107e+01 0.000000000000000000e+00
1.390000000000000036e+01 0.000000000000000000e+00
1.409999999999999964e+01 0.000000000000000000e+00
1.430000000000000071e+01 0.000000000000000000e+00
1.450000000000000000e+01 0.000000000000000000e+00
1.470000000000000107e+01 0.000000000000000000e+00
1.490000000000000036e+01 0.000000000000000000e+00
1.509999999999999964e+01 0.000000000000000000e+00
1.530000000000000071e+01 0.000000000000000000e+00
1.550000000000000000e+01 0.000000000000000000e+00
1.570000000000000107e+01 0.000000000000000000e+00
1.590000000000000036e+01 0.000000000000000000e+00
1.610000000000000142e+01 0.000000000000000000e+00
1.630000000000000071e+01 0.000000000000000000e+00
1.650000000000000355e+01 0.000000000000000000e+00
1.670000000000000284e+01 0.000000000000000000e+00
1.690000000000000213e+01 0.000000000000000000e+00
1.710000000000000142e+01 0.000000000000000000e+00
1.730000000000000071e+01 0.000000000000000000e+00
1.750000000000000355e+01 0.000000000000000000e+00
1.770000000000000284e+01 0.000000000000000000e+00
1.790000000000000213e+01 0.000000000000000000e+00
1.810000000000000142e+01 0.000000000000000000e+00
1.830000000000000071e+01 0.000000000000000000e+00
1.850000000000000355e+01 0.000000000000000000e+00
1.870000000000000284e+01 0.000000000000000000e+00
1.890000000000000213e+01 0.000000000000000000e+00
1.910000000000000142e+01 0.000000000000000000e+00
1.930000000000000426e+01 0.000000000000000000e+00
1.950000000000000355e+01 0.000000000000000000e+00
1.970000000000000284e+01 0.000000000000000000e+00
1.990000000000000213e+01 0.000000000000000000e+00
2.010000000000000142e+01 0.000000000000000000e+00
2.030000000000000426e+01 0.000000000000000000e+00
2.050000000000000355e+01 0.000000000000000000e+00
2.070000000000000284e+01 0.000000000000000000e+00
2.090000000000000213e+01 0.000000000000000000e+00
2.110000000000000142e+01 0.000000000000000000e+00
2.130000000000000426e+01 0.000000000000000000e+00
2.150000000000000355e+01 0.000000000000000000e+00
2.170000000000000284e+01 0.000000000000000000e+00
2.190000000000000213e+01 0.000000000000000000e+00
2.210000000000000142e+01 0.000000000000000000e+00
2.230000000000000426e+01 0.000000000000000000e+00
2.250000000000000355e+01 0.000000000000000000e+00
2.270000000000000284e+01 0.000000000000000000e+00
2.290000000000000213e+01 0.000000000000000000e+00
2.310000000000000142e+01 0.000000000000000000e+00
2.330000000000000426e+01 0.000000000000000000e+00
2.350000000000000355e+01 0.000000000000000000e+00
2.370000000000000284e+01 0.000000000000000000e+00
2.390000000000000213e+01 0.000000000000000000e+00
2.410000000000000142e+01 0.000000000000000000e+00
2.430000000000000426e+01 0.000000000000000000e+00
2.450000000000000355e+01 0.000000000000000000e+00
2.470000000000000284e+01 0.000000000000000000e+00
2.490000000000000213e+01 0.000000000000000000e+00
2.510000000000000142e+01 0.000000000000000000e+00
2.530000000000000426e+01 0.000000000000000000e+00
2.550000000000000355e+01 0.000000000000000000e+00
2.570000000000000284e+01 0.000000000000000000e+00
2.590000000000000213e+01 0.000000000000000000e+00
2.610000000000000142e+01 0.000000000000000000e+00
2.630000000000000426e+01 0.000000000000000000e+00
2.650000000000000355e+01 0.000000000000000000e+00
2.670000000000000284e+01 0.000000000000000000e+00
2.690000000000000213e+01 0.000000000000000000e+00
2.710000000000000142e+01 0.000000000000000000e+00
2.730000000000000426e+01 0.000000000000000000e+00
2.750000000000000355e+01 0.000000000000000000e+00
2.770000000000000284e+01 0.000000000000000000e+00
2.790000000000000213e+01 0.000000000000000000e+00
2.810000000000000142e+01 0.000000000000000000e+00
2.830000000000000426e+01 0.000000000000000000e+00
2.850000000000000355e+01 0.000000000000000000e+00
2.870000000000000284e+01 0.000000000000000000e+00
2.890000000000000213e+01 0.000000000000000000e+00
2.910000000000000142e+01 0.000000000000000000e+00
2.930000000000000426e+01 0.000000000000000000e+00
2.950000000000000355e+01 0.000000000000000000e+00
2.970000000000000284e+01 0.000000000000000000e+00
2.990000000000000213e+01 0.000000000000000000e+00
