27.531  0.233624  458 4
68.437  0.343872  2056 4
39.843  0.333209  2680 6
17.001  0.306818  176 4
12.623  0.283333  240 4
-0.125  0.252959  676 6
-52.783  0.27151  1941 6
-54.939  0.242308  260 6
2.187  0.158491  265 6
-50  0.314721  197 6
-207.813  0.296429  280 6
177.719  0.259494  316 4
51.376  0.350177  1979 6
12.031  0.223092  511 4
-355.032  0.182266  203 4
12.89  0.258947  475 4
55.406  0.349408  1182 6
-28.781  0.251269  788 6
13.002  0.34486  1070 6
-39.094  0.25295  2542 6
0.562  0.246154  195 6
3.467  0.267754  7238 4
16.875  0.206522  184 4
73.906  0.365511  1067 4
-290.032  0.282496  577 6
10.122  0.259921  504 4
171.247  0.142857  161 6
58.218  0.384831  1424 6
-12.125  0.238501  1174 6
215.938  0.259067  193 4
79.999  0.242009  657 6
80.204  0.236061  1381 6
3.872  0.260355  169 6
47.562  0.395349  301 6
55.296  0.374757  2060 4
75.875  0.378859  1069 4
-4.594  0.266583  799 6
14.406  0.326733  303 4
1.437  0.22763  637 6
53.095  0.409091  1144 6
-48.687  0.176707  249 4
169.968  0.379585  627 4
57.749  0.339766  2902 4
-96.25  0.329268  328 6
153.188  0.363708  1262 6
62  0.175573  262 6
2.532  0.275862  406 6
71.625  0.260563  142 4
94.653  0.374821  699 6
11.813  0.252621  954 4
80.313  0.397394  921 4
-198.531  0.233353  1667 6
16.717  0.278539  219 4
89.345  0.377108  830 4
55.686  0.360522  613 6
212.843  0.439206  403 4
11.844  0.219814  323 4
-3.093  0.282004  539 6
207.501  0.0728745  247 6
289.938  0.247899  238 6
-390.436  0.213457  862 4
27.062  0.166667  204 6
52.218  0.372924  3191 4
-81.876  0.266376  458 6
1.218  0.25724  587 6
-367.219  0.251256  199 4
5.064  0.138889  180 6
-210.5  0.368107  1342 4
-121.797  0.242886  1968 4
-185.498  0.00769231  130 6
67.905  0.341192  1527 4
83.907  0.296748  246 4
2.529  0.236782  870 6
1.186  0.21374  655 6
187.874  0.352336  1070 4
37.28  0.392473  1116 4
-5.407  0.248932  936 6
47.25  0.41345  1710 6
0.53  0.263889  864 6
-128.547  0.265718  7873 6
8.435  0.325581  473 6
3.656  0.243038  395 6
-36.095  0.287744  563 4
-284.566  0.270796  565 6
1.187  0.242634  577 6
202.782  0.393822  518 4
-330.968  0.221233  1573 6
2.593  0.245528  615 6
3.5  0.280335  478 6
57.156  0.39527  1184 6
-356.063  0.236196  652 6
47.53  0.395021  1205 6
55.593  0.272285  1851 4
15.361  0.242331  326 4
16.094  0.0580645  155 4
-293.001  0.215827  278 4
-2.439  0.244966  298 6
59.062  0.376137  1869 4
-7.844  0.233126  1926 6
-235.048  0.245614  1881 6
-17.501  0.0925926  162 6
15.312  0.252788  269 6
-335.375  0.26072  583 4
-88.892  0.249775  2218 6
-5.124  0.243615  509 6
52.22  0.344697  3168 4
123.312  0.269841  567 4
24.345  0.337784  749 6
-30.251  0.351759  199 6
-20.031  0.255595  3619 6
33.859  0.356532  1638 6
-128.188  0.21875  320 6
85.156  0.405844  924 4
172.313  0.270893  347 6
266.25  0.0687023  131 6
38.499  0.438303  778 6
78.765  0.245695  871 4
44.844  0.350407  2948 6
98.5  0.307958  289 6
-235.813  0.214286  238 6
69.688  0.36102  1216 4
-335.625  0.216814  452 4
-240.812  0.161215  428 6
-0.439  0.274463  419 6
5.124  0.223529  255 6
0.501  0.235075  268 6
42.673  0.362004  2395 6
81.814  0.347653  2770 6
-2.126  0.254045  618 6
3.125  0.302583  271 6
66.062  0.227273  220 6
19.657  0.211429  175 4
2.813  0.235849  318 6
241.469  0.272606  752 6
86.188  0.372973  185 6
-21.796  0.263074  5679 6
75.561  0.360506  1423 4
12.906  0.281321  878 4
7.75  0.254829  6471 4
256.001  0.144509  173 6
107.671  0.235371  2307 4
-88.69  0.206633  392 4
-38.126  0.216216  185 6
-267  0.275  480 4
-273.188  0.242718  1030 6
-8.75  0.253901  1410 4
210.001  0.252446  511 6
66.782  0.404792  793 4
-156.735  0.236616  1513 6
-5.405  0.251339  6537 6
-109.781  0.201521  263 4
2.937  0.28125  384 6
-22.398  0.244707  4487 6
0.279  0.209859  710 6
160.436  0.323263  331 4
175.435  0.364973  748 6
77.719  0.334714  1207 4
-278.063  0.249207  1577 6
-32.063  0.234266  286 6
54.907  0.368859  1201 4
-381.39  0.245958  2598 6
38.375  0.37889  739 6
12.875  0.311111  180 4
-58.264  0.25195  2179 6
21.876  0.27504  629 6
211.658  0.246269  1072 4
267.938  0.312757  243 4
10.204  0.241379  551 4
-214.469  0.267568  740 6
126.532  0.236264  182 4
59.485  0.38843  242 4
-258.251  0.266667  345 4
12.062  0.241687  1233 4
1.562  0.245763  708 6
-18.25  0.344221  398 6
-2.835  0.259112  11798 6
-131.313  0.238482  369 4
72.625  0.379132  968 6
192.375  0.15  220 6
38.922  0.322479  4453 6
48.22  0.354409  601 6
53.219  0.350097  517 6
124.312  0.382883  222 6
-247.172  0.245595  2838 6
52.062  0.330862  3237 4
42.827  0.328565  2097 6
-389.514  0.274194  186 4
2.375  0.254902  510 6
-48.72  0.238663  838 6
-93.188  0.26513  347 6
12.531  0.248869  884 4
-328.374  0.280632  253 6
50.626  0.339039  4206 4
-397.344  0.252688  372 4
-388.751  0.246454  564 4
14.327  0.261682  428 4
62.596  0.343949  471 6
63.812  0.381783  516 6
251.454  0.229566  1982 6
69.999  0.392157  663 4
6.063  0.216981  212 6
64.235  0.343527  981 4
-273.187  0.222388  670 6
44.36  0.356042  2011 6
43.781  0.386836  866 6
-1.687  0.25592  4181 4
46.719  0.35531  1987 6
55.939  0.352477  1776 4
55.358  0.365966  2380 4
66.827  0.34192  1708 4
-206.844  0.282991  682 6
64.563  0.377448  1481 4
42.908  0.414122  1048 6
-10.47  0.258172  2692 6
261.124  0.0691824  159 6
-87.624  0.195266  507 6
77.437  0.26971  482 6
-252.548  0.252357  1379 6
2.204  0.242563  437 4
144.47  0.24548  2102 6
81.531  0.386792  530 4
6.936  0.248232  1555 4
14.844  0.211712  222 4
5.811  0.205263  190 6
-191.344  0.245567  1128 6
-363.937  0.2  285 6
13.251  0.310204  245 4
-268.75  0.217742  248 4
268.923  0.253614  1522 6
-7.906  0.248698  2304 6
83.72  0.262262  1468 6
212.766  0.255837  1028 6
64.845  0.354237  590 6
-23.831  0.246198  2104 6
58.125  0.384615  468 6
-36.655  0.328326  466 6
78.314  0.362768  419 6
16.093  0.133333  165 4
99.624  0.168889  225 6
59.345  0.342589  2557 4
0.873  0.202572  311 4
-185.532  0.220539  594 6
8  0.232932  249 6
-21.203  0.337481  1286 6
-36.562  0.240761  893 4
71.062  0.33463  771 4
3.124  0.163866  238 6
-9  0.256755  6403 6
108.685  0.27439  328 6
-18.877  0.264273  1086 6
69.172  0.364749  1634 4
301.217  0.210145  414 6
87.518  0.361582  708 4
4.437  0.225806  217 6
199.188  0.380531  226 6
-18.999  0.081761  159 6
-1.031  0.252955  423 6
47.341  0.360599  2604 6
42.751  0.352969  2088 6
293.28  0.342541  1086 6
47.282  0.360825  2231 6
-4.516  0.251903  3021 6
2.376  0.167453  424 6
162.358  0.24481  1156 6
245.97  0.320792  505 6
134.078  0.228423  1541 6
15.78  0.315789  209 4
-367  0.186701  391 6
205.031  0.243922  1275 4
-50.171  0.235562  2632 4
-140.546  0.236665  1631 6
55.438  0.369  2271 4
-0.048  0.263658  1684 6
141.092  0.197531  162 4
-214.936  0.258389  596 6
227.815  0.223602  161 6
50.311  0.342625  861 6
-9.516  0.249599  3121 6
14.452  0.213759  407 4
38.688  0.330872  4470 6
5.937  0.0631068  206 6
-21.218  0.240427  1593 6
2.312  0.2225  400 6
3.064  0.239437  355 6
45.78  0.359877  2273 6
57.155  0.379573  656 6
-3.436  0.263456  353 6
-53.033  0.26936  891 6
-148.156  0.219178  803 6
-0.656  0.278632  585 6
167.562  0.289973  369 6
17.5  0.155556  180 6
14.845  0.217391  322 4
5.314  0.021164  189 6
-290.72  0.213542  768 6
-376.031  0.228457  1996 6
1.501  0.275362  345 6
-8.061  0.273399  406 6
-35.844  0.207937  630 6
70.296  0.34495  1406 4
0.468  0.198047  717 6
67.281  0.402844  1266 4
47.125  0.42602  784 6
-5.562  0.196653  239 6
-156.594  0.271369  2410 6
-279.876  0.237037  135 4
55.656  0.35989  1456 6
-11.054  0.245969  4155 6
226.501  0.234421  337 4
-383.719  0.235816  564 6
124.595  0.189024  164 4
74.937  0.408  625 6
39.077  0.32059  3322 6
-376.594  0.236364  880 6
-150.75  0.100531  16383 4
52.405  0.372781  1183 6
16.124  0.181481  270 4
-32.454  0.228898  2097 6
-0.125  0.374741  966 6
51.266  0.375397  2203 6
6.298  0.00207532  16383 4
-38.282  0.251148  1525 4
26.748  0.411079  343 6
-320.813  0.252033  246 6
55.5  0.347135  2077 4
20.374  0.251497  167 6
110.936  0.306569  274 6
75.843  0.277311  238 4
64.872  0.432836  268 4
-223.811  0.234257  397 6
58.173  0.364363  1751 4
13.125  0.202046  391 4
54.905  0.268657  871 6
58.657  0.360028  1436 4
169.936  0.21164  189 4
67.876  0.393862  391 4
181.062  0.285223  582 6
71.969  0.325362  1380 4
-321.063  0.0865385  208 4
-72.639  0.252342  1708 4
188.626  0.328704  216 6
2.438  0.240157  254 6
109.188  0.323651  241 4
-17.546  0.244137  5927 6
-6.718  0.19  600 6
53.279  0.388732  710 6
-8.265  0.253655  2736 6
15.937  0.269455  1028 6
-319.327  0.240191  1045 4
25.874  0.402844  211 4
13.266  0.244406  581 4
-359.969  0.386364  528 4
-88.142  0.273018  3443 4
-6.815  0.240964  415 6
302.969  0.186992  246 4
151.094  0.273369  567 6
-59.173  0.0827687  16383 6
177.749  0.294118  340 6
-11.406  0.269608  13961 6
-118.907  0.265487  339 4
48.719  0.370937  523 6
-43.656  0.273279  494 4
8.562  0.277642  2867 4
-0.781  0.230769  416 6
-132.94  0.231771  384 6
100.001  0.383784  370 6
-348.189  0.323699  173 4
3.063  0.226351  296 6
41.781  0.346856  2958 6
281.538  0.244396  3703 6
-0.438  0.270588  255 6
273.124  0.171123  187 6
45.439  0.346939  1813 6
2.593  0.251838  544 6
-111.781  0.368836  1014 4
-2.134  0.248837  3440 4
67.155  0.227496  611 6
-52.625  0.176829  164 6
5.063  0.121359  206 6
-5.311  0.248658  559 6
57.656  0.387314  741 4
-136.923  0.194915  236 4
53.811  0.209756  205 6
63.563  0.394133  784 4
1.968  0.243144  547 6
73.577  0.253918  1595 4
70.687  0.402707  591 6
55.906  0.371365  894 6
53.922  0.362875  1433 6
68.797  0.375385  650 4
-196.437  0.261603  1185 4
133.155  0.25  1104 6
60.904  0.392562  1210 6
-238.719  0.25139  1798 6
48.283  0.360258  2018 6
238.344  0.36532  1188 6
-30.656  0.251149  653 6
-304.906  0.334559  272 4
-4.907  0.235974  1212 6
77.251  0.432161  597 4
-352.813  0.324324  296 4
12.999  0.220183  327 4
190.157  0.251309  573 6
-132.093  0.277389  429 4
-356.625  0.267974  153 6
-61.251  0.237668  223 4
61.906  0.33125  320 4
65.36  0.393723  1402 4
-44.155  0.228313  2098 6
-298.375  0.234177  1106 6
51.625  0.287129  202 6
-375.688  0.286301  730 6
-285.44  0.232114  629 6
-392.343  0.280899  623 6
-357.562  0.101911  157 4
-1.439  0.265147  5133 6
-335.564  0.242678  239 6
158.562  0.376688  1407 6
75.063  0.358799  733 6
116.063  0.294118  170 4
-76.688  0.192857  280 6
-310.407  0.263758  7014 4
257.281  0.288742  755 6
-196.03  0.272459  679 6
1.844  0.213918  388 6
6.063  0.271845  206 6
47.908  0.349823  283 6
274.406  0.213645  557 6
2.063  0.252033  615 6
254.359  0.263875  1027 6
-17.845  0.254525  884 6
-16.031  0.275981  1453 6
12.968  0.218553  636 4
-45.438  0.0964912  228 6
86.999  0.35426  223 6
-0.125  0.257009  428 6
-96.532  0.229669  1328 6
43.905  0.382488  2170 6
271.81  0.241007  278 6
222.25  0.223776  286 4
2.343  0.254321  405 6
-6.064  0.204082  147 6
14.844  0.254808  416 4
-351.429  0.23663  2113 6
-330.5  0.224924  329 4
-279.096  0.190965  487 6
63.281  0.253201  703 6
-23.595  0.271605  162 4
73.812  0.356279  1075 4
60.001  0.373871  1883 4
264.655  0.237596  1814 6
32.501  0.263682  804 6
54.344  0.366124  1535 6
40.781  0.356387  2646 6
-6.938  0.249782  2298 6
-193.595  0.218241  614 6
69.562  0.361996  1884 6
44.876  0.370757  1532 6
2.687  0.230769  468 6
13.594  0.259358  1870 4
7.563  0.264977  434 4
71.936  0.215297  353 6
-3.61  0.254909  2852 6
10.624  0.247688  973 4
-189.533  0.422009  936 4
-4.953  0.258185  6964 6
235.157  0.263743  1528 4
-358.375  0.19469  113 6
50.532  0.375381  983 6
0.094  0.22453  1011 6
10.251  0.228873  284 4
-285.829  0.245085  1526 6
-380.5  0.335404  161 6
138.498  0.248469  2286 6
133.154  0.248485  660 6
-12.938  0.245714  1925 6
69.657  0.356628  1803 4
-187.625  0.278261  230 4
-98.07  0.3241  3610 6
43.36  0.339609  2762 6
1.781  0.178241  432 6
66.109  0.376842  475 4
117.314  0.35426  223 6
2.188  0.221898  685 6
6.251  0.265627  7951 4
-214.281  0.268629  1087 6
51.062  0.363861  1212 6
-14.376  0.255172  435 6
-7.845  0.250316  1582 6
315.468  0.228507  884 6
14.234  0.266667  540 4
3.062  0.272981  359 6
85.437  0.143713  167 6
-246  0.217962  991 6
59.405  0.389587  557 6
-24.937  0.237389  337 6
-96.812  0.23065  646 6
139.185  0.193694  222 4
74.532  0.372607  679 4
1.916  0.240763  4249 4
-344.688  0.232824  262 4
-99.188  0.17757  214 6
-8.25  0.256048  992 6
-7.656  0.252549  1667 6
2.063  0.313305  233 6
-11.531  0.234803  839 6
48.248  0.351864  1475 6
141.455  0.24019  1682 4
257.811  0.320285  281 4
83.937  0.413245  755 4
148.282  0.319077  1473 6
-3.908  0.218509  1167 6
263.937  0.271845  309 4
-325.969  0.235981  428 6
-14.593  0.389408  1926 6
-2.281  0.232525  701 6
-9.64  0.266941  6080 6
14.142  0.213333  525 4
84.734  0.375  568 4
-234.061  0.272124  452 6
-290.875  0.21562  1178 4
57.281  0.379005  1467 6
-139.811  0.270903  299 4
9.406  0.250325  3076 4
199.969  0.360335  716 4
255.717  0.259304  833 6
58.218  0.357988  1014 4
-133.47  0.243433  1142 6
-37.999  0.266197  710 6
-90.688  0.254989  451 6
290.251  0.244565  184 6
151.25  0.393899  754 6
44.657  0.387387  999 6
134.31  0.396617  532 6
65.999  0.38255  447 6
30.17  0.341924  3492 6
69.751  0.372736  1049 4
-5.077  0.233289  1496 6
-232.077  0.267496  1286 4
-101.188  0.267644  1091 6
4.75  0.255507  227 6
61.69  0.378628  758 6
88.439  0.360784  1275 4
71.187  0.371611  627 6
-1.343  0.245411  1035 6
219.938  0.276565  687 6
60.468  0.384241  1028 4
-21.565  0.260003  6173 6
64.437  0.433272  547 6
-0.469  0.235825  776 6
280.437  0.388406  345 4
67.061  0.375683  732 6
-355.594  0.363184  201 4
48.937  0.355327  1652 6
11.515  0.251526  1638 6
6.999  0.265573  8348 4
-32.876  0.272727  451 6
-0.375  0.276161  1615 6
-324.437  0.0880829  193 6
29.53  0.239596  1586 6
130.187  0.348576  2493 6
9.016  0.263514  2812 4
53.657  0.362069  232 4
14.528  0.266284  522 4
-17.406  0.259948  2312 6
-75.749  0.226453  499 6
-311.562  0.270588  340 6
269.187  0.326748  658 6
-21.329  0.241397  1947 4
-273.938  0.240331  362 6
16.937  0.194805  231 4
265.281  0.269697  990 6
12.11  0.242117  888 4
-96.641  0.237436  1373 6
-2.438  0.20339  236 6
43.156  0.355801  905 6
-10.721  0.253762  1927 6
70.079  0.382275  756 4
77.5  0.205036  278 6
105.687  0.338144  485 4
2.842  0.258586  495 6
-38.968  0.220065  309 6
-331.469  0.239067  686 6
104.68  0.245142  4014 6
108.328  0.374706  2554 6
139.499  0.368622  784 6
131  0.535928  1002 6
125.877  0.419534  901 6
136  0.446898  951 6
132.001  0.463415  984 6
130.376  0.496161  1042 6
32.503  0.236111  504 6
11.327  0.252874  1653 4
7.219  0.256986  5296 4
-6.843  0.271451  641 6
284.467  0.259839  2109 4
43.657  0.312277  3087 6
194.655  0.273585  318 4
-132.72  0.221504  1237 4
69.875  0.366071  336 6
-195.564  0.0769231  143 4
35.648  0.326219  3139 6
-12.094  0.256512  3532 6
-118.063  0.169811  106 6
56.282  0.37988  1332 6
0.562  0.244411  671 6
73.748  0.357657  973 4
57.095  0.330056  1424 4
-30.564  0.195616  593 6
-2.437  0.24164  3170 6
276.592  0.246004  1126 6
-186.247  0.260674  445 6
273.781  0.26178  191 4
109.969  0  16383 6
-234.405  0.264664  699 6
4.813  0.254464  224 6
-34.969  0.276195  1966 6
66.408  0.423214  1120 4
168.968  0.219595  592 6
-323.251  0.226337  243 4
-30.532  0.177419  434 6
-12.899  0.265168  3247 6
-0.813  0.214502  331 6
6.376  0.283505  194 4
65.969  0.390244  492 4
-5.359  0.270913  1303 6
-3  0.252632  855 6
0.561  0.297753  356 6
-14.749  0.285372  417 6
231.095  0.247805  1025 4
-18.501  0.282813  640 6
64.375  0.358689  1617 4
48.626  0.381356  354 6
-218.469  0.226786  560 4
138.155  0.376354  2216 4
52.187  0.397802  455 6
-71.405  0.251227  1222 6
76.047  0.333207  2632 6
235.658  0.268222  343 4
275.187  0.366858  1044 6
-9.979  0.255523  13580 6
93.282  0.350168  297 4
14.095  0.282946  258 4
226.406  0.250559  447 4
25.499  0.0709677  155 4
57.656  0.385321  981 6
54.766  0.337086  3198 4
-153.375  0.181132  265 6
124.344  0.206349  378 4
8.064  0.225645  1201 6
278.528  0.250627  399 4
-3.093  0.259336  482 6
110.438  0.466292  356 4
-137.095  0.212963  324 4
-17.249  0.238676  574 6
258.033  0.431591  899 4
81.58  0.380403  347 4
-70.721  0.274606  1016 4
1.844  0.258065  589 6
71.407  0.352413  891 4
233.124  0.343387  862 4
67.124  0.405537  614 6
79.967  0.355863  1228 4
-88.595  0.176904  407 6
-18.5  0.194631  149 6
1.938  0.309859  213 6
-56.752  0.238281  256 6
312.062  0.403153  444 6
73.658  0.355556  675 6
239.814  0.319756  3928 4
283.625  0.372642  424 6
28.688  0.241486  323 6
73.517  0.202335  257 4
-77.548  0.215736  394 4
42.75  0.354201  2428 6
-2.063  0.253213  778 6
109.751  0.223684  152 4
274.656  0.286802  394 6
0.093  0.210773  427 6
76.03  0.2  175 4
51.126  0.423862  637 6
-24.953  0.253644  3773 6
-23.031  0.256677  4905 6
202.124  0.25256  586 4
47.798  0.339638  1216 6
-21.936  0.245283  371 6
42.766  0.380832  1972 6
222.313  0.369898  392 6
13.639  0.282345  1399 4
67.5  0.362896  1105 6
26  0.349749  995 6
-246.437  0.263393  448 4
313.656  0.240449  445 4
59.264  0.347383  1471 6
202.873  0.222445  499 6
17.875  0.245995  874 4
-167.219  0.253247  1386 6
-161.125  0.235818  1234 6
-233.718  0.219481  770 4
-83.889  0.255452  321 4
53.438  0.380165  484 6
-150.031  0.260899  10276 6
1.719  0.201629  491 6
-4.282  0.237515  821 6
-58.782  0.246835  474 6
-114.156  0.144186  215 4
16.297  0.291892  370 4
-8.688  0.265683  271 4
-209.378  0.24004  1004 6
70.234  0.37442  1509 4
71.062  0.411932  352 6
293  0.39657  933 6
-17.032  0.25  1688 6
1.812  0.238443  411 6
-47.375  0.214286  252 4
49.984  0.328235  1700 6
-62.47  0.246565  1383 4
-1.749  0.252475  606 6
4.25  0.300518  193 6
3.494  0.260245  2855 4
-14.753  0.162706  547 6
39.609  0.170213  141 4
-226.406  0.257078  883 6
-1.249  0.285714  182 6
6.501  0.365546  238 6
49.157  0.34565  839 6
51.334  0.32462  3749 4
13.86  0.145161  248 4
1.219  0.28  525 6
71.344  0.403599  778 4
-178.718  0.262295  366 4
-22.001  0.256128  1183 6
53.282  0.400756  529 6
17.034  0.235577  208 4
2.814  0.211031  417 6
88.874  0.370115  435 6
-216.5  0.25042  1785 6
-306.218  0.256881  763 6
-3.906  0.258186  2382 6
52.376  0.378104  886 6
26.312  0.171315  251 6
-321.875  0.234834  511 6
-264.157  0.179641  167 4
-16.314  0.215385  195 6
-1.298  0.252645  2363 6
65.811  0.397727  528 6
-217.094  0.223164  708 4
27.892  0.301587  189 4
-10.937  0.258638  2026 6
-6.764  0.268168  2353 6
181.75  0.390539  909 6
131.392  0.353389  1446 6
55.031  0.362283  1209 4
64.281  0.374648  710 6
5.126  0.281513  238 6
15.905  0.214447  443 4
52.281  0.351334  1537 6
-0.672  0.232409  938 6
61.328  0.416819  547 4
-351.248  0.219382  939 6
-205.252  0.175227  331 6
-47.374  0.238443  822 4
-348.218  0.230583  412 6
4.25  0.268198  3091 4
2.124  0.184524  336 6
19.688  0.227273  220 4
275.19  0.241739  575 4
81.141  0.425033  767 4
2.811  0.332061  262 6
304.388  0.240297  3504 6
18.468  0.348174  2875 6
288.781  0.295455  220 4
-7.625  0.172285  267 6
159.906  0.388727  1029 4
-9.314  0.247191  267 6
1.189  0.228938  546 6
60.377  0.337812  2605 4
9.625  0.270096  311 6
-90.218  0.219873  473 6
70.767  0.388796  1196 4
90.281  0.27381  336 4
-336.751  0.226502  649 6
291.548  0.25433  5485 6
-143.593  0.242489  466 4
-5.469  0.27572  486 6
36.312  0.154696  181 6
53.047  0.359047  1763 6
-6.25  0.213675  234 6
-6.001  0.24684  2532 6
2.499  0.223464  358 6
76.608  0.379189  1134 4
70.89  0.381944  576 4
1.625  0.288416  423 6
3.064  0.132948  173 6
-298.955  0.224913  1156 4
-12.501  0.253407  5063 6
-20.297  0.252255  9978 4
3.937  0.162896  221 6
44.657  0.400679  589 6
41.906  0.333694  2775 6
72.329  0.387027  925 4
-66.564  0.234961  1945 6
61.75  0.415954  351 6
-18.971  0.308394  548 6
27.202  0.324742  194 4
-237.532  0.243391  3102 4
-0.875  0.225397  315 6
74.594  0.388813  733 6
-5.437  0.185841  226 6
-7.25  0.255005  949 6
74.031  0.257459  2715 6
-155.064  0.257732  194 6
72.75  0.372166  1279 4
167.468  0.263584  3828 6
8.654  0.248208  1116 4
269.436  0.315  200 4
42.407  0.35551  2931 6
-247.533  0.265409  795 6
-5.658  0.233596  381 6
-8.523  0.0631752  16383 6
-287.796  0.261667  1200 6
-2.001  0.244489  499 6
-22.751  0.242958  284 6
-1.937  0.213992  243 6
78.97  0.27957  372 4
11.686  0.265537  177 4
41.515  0.348873  2574 6
-113.844  0.263652  1172 6
-381.938  0.231263  467 6
-341.937  0.21902  347 6
276.469  0.235906  2501 6
86.17  0.391101  427 4
-13.812  0.193333  150 6
-19.858  0.260443  2753 6
-6.969  0.26868  1954 6
-101.344  0.245161  155 4
295.249  0.0381679  131 6
-199.343  0.246988  498 4
-183.938  0.251445  692 4
-151.311  0.235457  361 6
-67.797  0.238691  2078 6
2.437  0.226244  442 6
-16.064  0.265419  908 6
18.484  0.20283  212 4
-232.655  0.25734  579 4
-33.437  0.265478  2019 4
69.438  0.377307  1463 4
18.469  0.184971  173 4
4.718  0.252754  6445 4
-37.999  0.250637  2354 4
-18.75  0.352941  306 6
275.702  0.27804  1061 6
70.313  0.416157  817 4
172.657  0.390698  860 4
48.438  0.299401  167 6
-178.005  0.182292  192 4
-80.124  0.227273  154 4
-4.968  0.264602  4811 4
60.984  0.265298  2386 4
-13.781  0.239796  2156 6
69.501  0.422018  327 6
50.907  0.362147  1099 4
45.968  0.365554  1138 6
-9.625  0.254517  2546 6
-61.235  0.26009  669 4
1.875  0.231293  147 6
-332.906  0.218346  774 4
-338.735  0.243863  1222 6
-91.625  0.173228  127 6
53.156  0.38271  2140 6
266.657  0.365193  701 6
128.563  0.253456  217 6
-82.688  0.184739  249 6
-60.782  0.259409  6191 6
283.5  0.325  200 4
50.625  0.327957  186 6
-242.751  0.239546  1411 6
-23.906  0.247835  924 4
294.374  0.126154  325 6
75.72  0.399076  649 6
-316.812  0.323834  386 4
-299.721  0.27142  1739 4
70.078  0.369403  1072 4
56.5  0.388379  654 6
-321.189  0.282759  290 6
-73.53  0.216867  581 6
164.251  0.40146  274 6
-321.064  0.142012  169 4
118.311  0.264865  370 6
45.502  0.405462  952 6
17.908  0.220833  240 4
14.469  0.162562  203 4
-311.516  0.242178  1598 6
13.935  0.112676  142 4
1.655  0.245059  506 6
10.093  0.231084  489 4
66.719  0.364246  895 6
-10.703  0.24182  1253 6
70.656  0.234211  1900 6
295.312  0.416094  1019 6
15.063  0.289683  252 4
-0.377  0.249093  827 6
68.626  0.25974  231 6
143.14  0.430328  244 4
-336.437  0.234146  820 6
-125.469  0.27593  511 6
-133.748  0.222857  175 6
183.89  0.341864  2071 6
135.438  0.336658  401 6
42.127  0.330285  3609 6
42.407  0.396624  711 6
292.078  0.267857  1120 4
12.406  0.276056  355 4
-20.748  0.201835  218 6
114.407  0.376077  1045 6
168.905  0.381865  783 4
70.405  0.350389  899 6
67.517  0.389666  929 4
-367.891  0.209534  902 4
1.596  0.176606  436 6
279.124  0.41369  672 6
105.375  0.36  225 6
152.376  0.248603  358 4
12.125  0.18705  139 4
109.374  0.410468  726 4
62.218  0.386623  613 6
-106.626  0.203202  812 4
120.438  0.23913  552 4
-45.188  0.298475  459 6
-12.219  0.224568  1042 6
-245.968  0.252227  1796 6
50.219  0.350689  2612 4
14.626  0.218107  486 4
-221.595  0.23127  614 4
0.53  0.223986  567 6
54.811  0.359606  1015 6
-10.656  0.261694  791 6
-173.687  0.2513  3076 6
-15.984  0.237237  2997 6
-295.564  0.238356  365 6
83.938  0.354223  367 6
205.061  0.256014  582 6
103.219  0.371324  1088 6
1.781  0.23166  518 6
-0.718  0.259161  1501 6
-396.251  0.229885  174 6
229.435  0.242678  717 6
12.969  0.258065  868 4
66.718  0.380233  1720 4
-132.658  0.266487  743 4
63.125  0.380098  1226 6
63.406  0.385321  981 6
56.343  0.306977  215 4
0.064  0.278583  621 6
-94.187  0.258312  391 6
1.593  0.265273  622 6
-0.561  0.252241  781 6
6.281  0.287185  874 6
-132.749  0.251592  314 6
216.548  0.273596  837 6
-203.407  0.245014  1053 6
69.218  0.394464  578 6
193.624  0.225543  368 4
308.578  0.257757  838 4
197.938  0.289308  318 6
63.939  0.367232  885 4
-66.266  0.256348  827 4
63.253  0.280335  239 6
67.56  0.272031  522 6
58.029  0.337963  3024 4
11.968  0.242979  819 4
74.811  0.354955  555 6
47.595  0.345481  1372 6
38.219  0.400709  846 6
-342.937  0.0882353  170 4
2.781  0.270115  348 6
85.313  0.302267  397 4
-6.874  0.265727  922 6
-83.455  0.249216  1914 6
51.781  0.282791  1075 4
198.689  0.413302  842 6
-201.875  0.336066  244 6
-223.25  0.281174  409 4
266  0.185185  189 6
43.468  0.363115  1220 6
88.874  0.442396  217 6
102.25  0.255539  1354 6
174.937  0.192208  385 6
-41.219  0.23909  3208 6
14.657  0.293233  399 4
302.998  0.288177  406 6
61.718  0.385437  1030 6
110.904  0.354458  931 6
-36.188  0.354223  367 6
67.563  0.393829  551 6
125.873  0.425031  807 6
12.422  0.256741  853 4
114.125  0.296296  243 4
-120.375  0.150769  325 6
51.874  0.36626  901 6
11.5  0.272727  693 4
12.376  0.334842  221 4
-224.03  0.20904  708 6
4.5  0.333333  231 6
44.766  0.340078  2570 6
-37.469  0.236559  837 6
53.5  0.366732  2056 4
287.062  0.212329  438 6
-349.843  0.237171  721 6
-4.094  0.249165  2095 6
287.312  0.369527  571 4
-314.188  0.209845  386 6
18.189  0.181208  149 4
-161.844  0.281513  238 4
16.578  0.047619  189 4
11.47  0.254369  515 4
33.153  0.366925  1548 6
-301.469  0.222037  1198 4
56.532  0.363203  2310 4
-0.673  0.268075  8617 6
92.11  0.268456  447 4
-338.748  0.239286  280 6
209.999  0.229075  227 4
44.781  0.376365  1007 6
58.374  0.355719  2308 4
40.313  0.412844  545 6
-332.859  0.246942  1308 6
47.344  0.338095  2730 6
50.561  0.354178  1807 6
-2.953  0.258574  2216 6
175.405  0.311346  758 4
-114.625  0.259386  293 6
179.626  0.289216  204 6
291.374  0.365445  955 6
172.732  0.232739  1289 6
49.564  0.441624  394 6
278.89  0.255367  885 4
-83.22  0.238245  638 4
21.874  0.396581  1170 6
16.144  0.175862  290 4
195.156  0.372368  760 6
-194.186  0.300546  366 6
249.358  0.318797  1330 6
11.436  0.244202  733 4
1.78  0.242718  515 6
-2.156  0.249652  4314 6
-91.408  0.291111  450 4
-28.75  0.253143  1193 6
-201.624  0.223629  237 4
13.218  0.174342  304 4
44.28  0.346908  663 6
66.452  0.383217  715 4
-207.66  0.182741  394 6
-17.748  0.147887  142 6
-394.72  0.253  1000 6
67.424  0.350877  1083 4
-4.97  0.265634  6908 6
17.284  0.149758  207 4
45.782  0.350797  3073 6
53.734  0.346121  3519 4
-19.158  0.238174  1205 6
205.876  0.238519  2025 6
17.374  0.0872483  149 4
-18.906  0.256711  596 6
238.86  0.248724  1371 6
12  0.257143  140 4
289.78  0.259615  416 6
301.498  0.36272  397 4
235.97  0.243948  537 6
41.28  0.381178  1477 6
-21.328  0.260148  6085 6
-10.56  0.247734  331 6
47.406  0.340877  1414 6
-26.046  0.24156  1718 6
-299.126  0.221831  284 6
153.032  0.204678  342 4
-211.56  0.225225  222 6
-215.752  0.17357  507 6
14.064  0.219828  464 4
156.44  0.169421  242 6
31.282  0.301724  232 4
173.64  0.371457  988 4
-70.752  0.333333  207 4
81.748  0.116129  155 6
-9.796  0.25  2120 6
2.938  0.264881  336 6
162.844  0.03125  96 4
40.344  0.369451  1329 6
13.562  0.271084  830 4
-80.25  0.4102  902 4
62  0.365736  1862 4
60.376  0.393429  1187 6
283.25  0.3875  160 4
27.184  0.34375  1984 6
28.812  0.0847458  118 4
-82.062  0.286957  805 6
-34  0.251773  564 6
10.282  0.242826  1359 4
43.376  0.375144  869 6
74.282  0.295139  288 4
64.032  0.357607  769 4
48.904  0.340944  1927 6
98.5  0.344828  290 6
-289.14  0.275154  974 6
-14.876  0.233677  873 6
-303.312  0.193265  683 4
32.172  0.350331  1510 6
-206.344  0.258735  1202 4
57.392  0.34697  1320 6
-368.11  0.226648  1456 6
59.422  0.394262  1220 4
271.748  0.259649  285 4
-279.126  0.146939  245 6
51.766  0.356075  1539 6
-10.094  0.272727  341 6
65.656  0.40836  311 4
231.688  0.329545  264 6
11.876  0.242038  157 4
20.454  0.247253  182 4
50.61  0.35778  1009 6
78.688  0.338338  999 4
220.78  0.292719  673 6
12.594  0.263158  684 4
-197.938  0.28271  428 6
1.03  0.265988  688 6
-380.064  0.24359  468 4
25.092  0.334566  541 6
47.156  0.336073  2312 6
-30.186  0.265347  505 6
-382.502  0.252486  2313 4
0.812  0.25  204 6
-340.906  0.23496  881 4
60.188  0.221088  294 6
-311.814  0.262911  213 4
105.092  0.264706  782 6
135.608  0.233803  1420 4
-90.062  0.267658  269 6
284.656  0.231033  2043 6
-129  0.256198  242 6
74.532  0.364776  1516 4
-3.436  0.278856  979 6
121.982  0.38019  1686 6
-362.5  0.34359  195 6
9.97  0.267402  2356 4
61.28  0.358255  642 6
-367.97  0.22288  507 6
-13.78  0.194915  236 4
83.2  0.335443  316 4
71.314  0.400951  631 4
16.642  0.262009  229 4
1.346  0.257991  438 6
-140.94  0.303867  181 6
184.782  0.235263  1883 6
-16.314  0.248175  274 6
5.124  0.227679  224 6
-1.564  0.181495  562 6
9.156  0.245381  1353 4
60.954  0.351351  222 4
1.814  0.261803  233 6
261.75  0.285714  280 6
-116.624  0.243968  373 6
-97.92  0.257703  1785 6
-73.156  0.320197  609 6
54.344  0.353004  932 6
71.092  0.408654  624 4
-278  0.295585  521 4
282.076  0.371866  1436 4
-306.252  0.340659  364 6
79.124  0.396476  227 6
-357.656  0.268235  425 4
-347.44  0.25266  376 4
15.062  0.179104  335 4
48.062  0.39883  1710 6
1.688  0.186869  198 6
-249.188  0.272059  272 4
2.372  0.341463  287 6
68.844  0.412946  448 4
-92.78  0.261936  1508 4
-250.156  0.227191  559 4
158.75  0.978453  16383 6
-294.626  0.976805  16383 6
84.452  0.24761  2197 6
72.5  0.356271  901 4
318.534  0.246339  1912 6
18.406  0.138462  195 4
235.75  0.157609  184 6
-5.548  0.264215  4133 6
-139.124  0.224247  1262 6
42.514  0.360119  1008 6
-329.124  0.248209  1954 6
61.656  0.411268  355 4
-9.094  0.250969  4642 6
38.382  0.337132  3598 6
-173.468  0.250347  1442 4
-161.032  0.258173  1193 4
80.126  0.383268  514 6
-320.936  0.25  328 6
5  0.199029  206 6
230.36  0.330645  1488 6
270.796  0.186869  198 4
127.062  0.273523  457 4
-1.376  0.292553  188 6
3.344  0.309227  401 6
96.28  0.227778  720 6
65.048  0.365385  1248 4
75.408  0.390118  1356 4
54.75  0.338983  236 4
63.592  0.352201  1272 4
-376.156  0.229114  790 4
35.812  0.257062  354 6
-23.562  0.271607  5924 6
11.936  0.219802  505 4
62.25  0.35873  315 6
110.062  0.337037  2700 6
-278.656  0.264637  427 4
45.062  0.371777  2133 6
-61.344  0.272142  1863 6
209.452  0.247761  335 4
144.064  0.391269  1214 6
2.656  0.282443  524 6
-147.314  0.246537  361 4
34.908  0.332013  2777 6
-274  0.326007  273 4
-201.124  0.247191  890 6
89.376  0.416129  310 4
16.984  0.315271  203 4
41.796  0.331777  3641 6
1.156  0.237089  426 6
-390.528  0.264828  725 4
228.546  0.330508  354 4
89.344  0.227273  352 6
-337.686  0.269767  430 6
3.624  0.287823  271 6
-20.906  0.258693  719 6
218.064  0.381818  220 6
-72.002  0.22467  454 6
9.406  0.244681  2162 4
162.28  0.348039  204 4
139.688  0.382083  1306 6
-260.342  0.18932  206 4
-272.586  0  16383 4
137.92  0.2  390 4
-6.5  0.241265  3005 6
69.28  0.382796  465 4
-119.28  0.231658  1731 6
-27.656  0.232104  922 6
43.408  0.419811  1060 6
-7.844  0.259598  10809 6
1.374  0.251185  633 6
61.704  0.333883  1818 4
-23  0.243697  595 6
-9.016  0.232365  1446 6
14.422  0.240708  565 4
4.938  0.213198  197 6
15.456  0.342756  283 4
-263.06  0.27451  510 6
51.064  0.324324  296 6
-75.16  0.259007  2498 6
-2.47  0.249039  1301 6
102.124  0.240664  241 6
-37.94  0.33213  277 6
66.156  0.29595  642 4
-4.484  0.249717  2651 6
10.156  0.254073  3806 4
14.952  0.221939  392 4
-90.626  0.320611  262 6
300.03  0.357934  271 4
-14.5  0.202381  252 6
4  0.191327  392 6
12.688  0.211401  421 4
309.124  0.265882  425 6
108.25  0.382129  1052 4
312.188  0.272311  437 6
-0.064  0.248322  298 6
2.124  0.233083  266 6
-2.75  0.241176  170 6
258.376  0.0357143  112 6
8.688  0.0282486  177 4
47.468  0.34582  2189 6
229.126  0.256725  2937 6
1.876  0.177177  333 6
-10.468  0.261905  966 6
-6.922  0.258901  1966 6
-347.218  0.252366  634 6
165.092  0.202247  356 6
14.686  0.195853  434 4
-176.626  0.257069  1167 4
-126.28  0.258916  1402 6
53.938  0.344236  1865 4
-28.866  0.257448  5236 6
231.734  0.223881  201 4
0.938  0.236641  262 6
-23.748  0.330677  251 6
-12.368  0.256602  9240 6
-272.968  0.172107  337 6
158.624  0.234694  196 6
-324.568  0.250498  12060 6
-19.22  0.213855  664 6
41.812  0.179688  384 6
-14.352  0.25436  5677 6
73.156  0.39417  789 4
25.374  0.259363  1068 4
13.216  0.109524  210 4
58.876  0.367397  411 6
17.968  0.21875  256 4
-207.626  0.304147  217 6
64.564  0.374169  1053 6
6  0.161458  192 6
96.872  0.450746  335 6
15.316  0.224138  348 4
-80.376  0.232767  2002 6
60.642  0.325944  1218 6
8.748  0.25212  1769 4
-0.156  0.247566  719 6
50.842  0.362971  956 6
204.404  0.380952  777 4
49.188  0.363336  1211 6
-10.374  0.240809  544 6
50.126  0.12931  116 6
284.594  0.279817  436 4
137.248  0.269444  360 4
16.624  0.153509  228 4
-102.124  0.234177  158 6
-286.814  0.135294  170 4
116.624  0.259804  204 6
2.752  0.304668  407 6
-199.75  0.257634  1048 6
-245.062  0.247312  186 6
-7.6  0.25855  6111 6
273.266  0.1  100 4
6.532  0.234694  686 4
3.436  0.260234  342 6
84.218  0.399425  696 4
-200.752  0.300613  163 6
1.47  0.269912  452 6
61.706  0.386623  613 4
57  0.405547  1334 4
8.5  0.207447  376 4
58.048  0.349374  1039 6
-380.092  0.255889  1868 6
38.156  0.221106  199 4
21.376  0.259459  185 4
3.22  0.258649  2428 4
-4.158  0.250554  1804 4
80  0.422222  360 6
-123.64  0.243164  1024 6
-20.516  0.26065  1784 4
78.658  0.144654  159 4
91.186  0.365297  438 4
-289.314  0.234694  588 6
-276.75  0.305439  239 6
3.814  0.293151  365 6
12.186  0.219828  232 4
15.58  0.231818  220 4
-8.564  0.172794  272 6
-252.108  0.258438  1037 6
1.814  0.258123  554 6
0.22  0.21262  729 6
15.22  0.20274  365 4
-7.782  0.446615  1433 6
80.782  0.341621  1086 4
196.374  0.333333  255 6
302.562  0.227488  422 6
41.564  0.365314  542 6
-3.06  0.20396  505 6
7.188  0.20625  160 6
42.624  0.351941  2705 6
129.39  0.152941  170 4
-285.094  0.236653  1255 6
-29.422  0.206003  733 6
75.858  0.384615  1118 4
-51.592  0.231144  411 6
-7.564  0.240143  279 6
-47.094  0.269461  334 6
62.126  0.382315  1538 4
114.75  0.354289  1527 4
44.312  0.378264  1417 6
-302.936  0.250942  1327 4
-63.124  0.273906  617 4
-182.284  0.22549  306 6
41.44  0.389668  1568 6
15.06  0.138686  137 4
66.78  0.358974  507 6
115.108  0.4  1610 6
53.39  0.353321  2785 4
53.218  0.37046  1239 6
14.284  0.268595  242 4
257.716  0.212355  259 6
4.906  0.259878  4429 4
-24.596  0.251788  2097 6
197.392  0.3391  289 4
73.736  0.266055  218 4
76.312  0.396529  749 6
72.908  0.374677  774 4
80  0.403622  773 4
12.002  0.255639  1463 4
-25.968  0.259424  451 6
-1.844  0.273138  443 6
-1.592  0.230563  746 6
19.656  0.366136  691 6
-262.438  0.341564  243 4
15.594  0.245763  354 4
-46.656  0.247596  1248 6
8.812  0.255556  1530 6
274.532  0.347315  596 6
58.876  0.405963  872 6
104.048  0.234076  628 4
55.904  0.34544  2588 4
208.156  0.3932  1147 6
59.5  0.380691  1274 4
-138.374  0.227273  440 6
-304.534  0.186047  387 4
-347.312  0.213889  360 4
-149.688  0.264376  1339 4
-28.438  0.321168  274 6
-340.56  0.294872  156 6
303.252  0.199005  201 6
16.156  0.291513  271 4
-9.844  0.238579  3546 6
60.97  0.367246  1209 4
15.688  0.355932  354 6
7.702  0.261895  4792 4
-163.936  0.245283  424 4
-20.844  0.226919  899 6
13.108  0.286957  460 4
18.908  0.143713  167 4
159.688  0.374858  883 6
2.53  0.255269  427 6
-121.484  0.25107  5608 6
233.372  0.406516  706 6
0.75  0.262809  1659 6
57.422  0.330336  2113 4
-85.282  0.216667  420 6
12.984  0.226027  438 4
-20.906  0.254372  629 6
18.248  0.169014  213 6
87.498  0.462366  558 4
278.94  0.19685  127 4
-3.172  0.256291  2146 6
296.872  0.395018  843 4
-45.358  0.171429  385 4
128.406  0.248563  1392 6
-5.094  0.247136  611 6
7.86  0.251216  1851 4
-88.752  0.167832  143 6
64.002  0.400568  352 6
2.94  0.215385  195 6
13.53  0.207018  570 4
-307.498  0.247059  1275 4
-231.422  0.263661  3349 6
10.53  0.240522  2374 4
7.392  0.218135  1169 4
-7.718  0.226415  689 6
1.844  0.23913  460 6
57.672  0.369922  1157 6
73.282  0.345455  825 6
25.06  0.23615  1787 6
-30.31  0.251073  932 6
45.216  0.331514  2932 6
62.034  0.400681  881 4
185.814  0.282051  234 6
308  0.267532  385 4
-17.452  0.261378  3076 6
47.096  0.349201  2878 6
-196.752  0.258741  1859 4
53.408  0.371965  906 6
-242.126  0.179688  256 6
-1.248  0.266118  729 6
-4.908  0.265439  923 6
66.968  0.360634  1514 4
-13.404  0.261564  3070 6
13.204  0.231667  600 4
1.876  0.209632  353 6
56.64  0.372028  2145 4
252.14  0.340041  1938 6
4.814  0.251462  342 4
-7.56  0.250189  1323 6
1.252  0.274406  379 6
-262.688  0.246154  715 6
67.844  0.411681  702 6
50.39  0.358074  997 6
2.748  0.177215  395 6
-110.626  0.287194  1062 4
58.174  0.350174  574 4
3.812  0.376106  226 6
167.528  0.256377  3842 6
11.78  0.202572  311 4
3.782  0.290761  368 6
-129.454  0.246386  1660 4
-274  0.254771  4035 6
-14.75  0.231061  264 6
87.97  0.351706  381 4
-19.752  0.136792  212 6
-10.218  0.241793  2498 6
3.936  0.239544  263 6
57.252  0.380474  1096 6
-3.358  0.240047  854 6
174.094  0.392394  1157 4
14.388  0.241641  658 4
-156.312  0.245399  163 6
-14.312  0.248915  3688 6
64.58  0.349738  1910 4
86.624  0.382143  280 4
6.062  0.237288  177 6
-16.468  0.211447  629 6
265.252  0.29783  507 4
-40.734  0.251577  1427 6
-29.188  0.268265  876 6
49.498  0.283019  212 6
184.092  0.271942  695 6
9.936  0.24  300 4
65.986  0.266447  608 4
48.968  0.344076  4127 4
-244.688  0.229607  331 4
61.732  0.373297  1101 4
192.124  0.0413223  121 4
-230.156  0.198225  338 6
55.578  0.351753  3366 4
-3.562  0.262274  774 6
-3.624  0.180124  322 6
-93.076  0.394786  1074 4
78.484  0.35745  1161 4
-11.06  0.335548  301 6
187.718  0.246114  386 6
15.592  0.228395  162 4
-35.936  0.204301  372 4
1.936  0.262712  590 6
-230.812  0.277228  202 4
11.812  0.2875  240 4
10.624  0.282051  156 6
73.452  0.335943  1405 4
-183.124  0.395604  182 6
-149.376  0.260933  686 6
154.812  0.251969  1016 6
275.498  0.271062  273 6
220.876  0.227273  154 6
-14.358  0.244352  1682 6
42.252  0.36528  553 6
-293.436  0.372093  215 6
2.94  0.252101  357 6
21.312  0.265165  577 4
45.064  0.341309  2048 6
-7.096  0.25  3708 6
197.5  0.230435  690 6
-70.188  0.304147  217 6
285.484  0.35241  664 4
64.626  0.381789  1252 4
289.876  0.240343  466 6
195.252  0.354839  217 6
-5.186  0.178125  320 6
-0.656  0.248096  1838 4
47.874  0.385241  1843 6
-79.468  0.26455  567 6
70.188  0.333333  390 6
56.53  0.375862  580 6
170.878  0.293233  266 4
63.968  0.383516  1820 4
117.876  0.4  270 6
62.904  0.333677  1942 4
-350.804  0  16383 6
-10.252  0.303965  454 6
80.78  0.168919  148 4
-165.5  0.254013  1059 6
191.872  0.261651  1781 6
3.312  0.330383  339 6
-253.844  0.330863  2968 6
-5.124  0.275  200 6
178.002  0.262274  774 6
115.5  0.331754  211 6
13.094  0.238011  563 4
60.138  0.355602  1437 6
14  0.234875  281 4
-7.452  0.262483  2263 6
43.75  0.341643  2447 6
8.86  0.252577  1940 4
85.124  0.235421  463 6
41.452  0.34968  3283 6
80.312  0.281179  441 4
3.564  0.201681  238 6
1.438  0.263682  402 6
-86.748  0.259887  177 6
-199.968  0.237037  135 4
22.788  0.31584  5221 6
62.752  0.336982  2101 4
10.532  0.23804  857 4
-317  0.449495  198 6
-374.876  0.207547  265 4
15.174  0.142395  309 4
51.97  0.364064  1063 6
-28.564  0.241581  683 6
-377.376  0.264098  1791 6
4.968  0.237219  489 4
41.564  0.367511  2370 6
65.032  0.365385  780 6
70.684  0.338144  485 4
-119.436  0.210526  570 4
55.03  0.359952  2517 4
73.252  0.423077  468 6
160.876  0.320132  303 6
181.748  0.368732  339 6
-68.686  0.222707  229 6
12.874  0.252438  923 4
3.248  0.207447  376 6
42.064  0.385696  1566 6
42.172  0.35322  2112 6
45.532  0.269341  1047 6
-240.002  0.183761  234 4
40.28  0.331566  2829 6
5  0.154762  252 6
67.936  0.354486  457 4
53.796  0.330406  3302 4
190  0.212048  415 6
13.72  0.249351  770 4
269.126  0.444944  445 4
217.158  0.389049  694 6
-205.032  0.274008  781 6
66.594  0.310855  608 6
55.592  0.361242  1063 6
52.092  0.328524  901 6
10.61  0.23466  2135 4
8.22  0.215686  204 4
2.028  0.254808  624 6
68.076  0.35727  1128 4
115.64  0.291594  1142 4
-142.812  0.265842  647 6
1.814  0.234667  375 6
106.904  0.379859  566 6
300.202  0.346429  1960 6
48.564  0.384134  479 6
257.314  0.386918  902 6
55.376  0.344203  276 6
-136.502  0.216685  923 4
8.53  0.261524  3189 4
74.562  0.427451  255 6
64.654  0.256742  927 4
45.876  0.371429  910 6
10  0.226149  16383 4
301.876  0.198864  176 6
19.47  0.231156  199 4
58.624  0.304  250 6
-325  0.226266  632 6
-8.86  0.241661  1589 6
13.814  0.0245902  122 4
13.578  0.246632  965 4
218.092  0.209901  505 6
-216.624  0.221519  158 6
1.218  0.237931  580 6
220.938  0.16875  160 4
-376.502  0.0841121  214 6
-2.718  0.248661  1307 6
3.688  0.170404  223 6
40.466  0.337529  3496 6
59.752  0.409171  567 6
77.502  0.377224  281 6
7.686  0.273224  183 6
-219.906  0.33758  314 6
1.124  0.118577  253 6
3.78  0.258131  2921 4
11.048  0.195545  404 4
141.78  0.399183  734 6
56.216  0.362468  2334 4
63.906  0.360577  1040 6
-206.876  0.26281  605 6
0.278  0.223404  376 6
132.624  0.25  336 6
-230.25  0.229773  309 4
-132.032  0.233487  651 6
22.374  0.279147  1501 6
-4.656  0.226158  734 6
58.53  0.373239  852 6
-176.846  0.252688  558 4
253.812  0.231618  272 4
2.656  0.214452  429 6
-314.156  0.0423729  118 4
164.968  0.254496  1835 4
117.44  0.318408  201 6
1.812  0.276  500 6
-44.548  0.261303  1504 6
80.142  0.239419  1583 6
-210.812  0.248322  149 6
14.972  0.201149  348 4
-19.032  0.2543  814 6
-4.718  0.216387  476 6
61.096  0.387515  849 4
-17.53  0.241199  767 6
6.316  0.17284  162 6
176.126  0.251866  1608 4
39.22  0.361568  2857 6
-43.344  0.235043  234 4
1.594  0.202405  499 6
3.562  0.360515  233 6
-379.532  0.232078  823 6
0.936  0.289277  401 6
15.186  0.264368  435 4
55.938  0.35641  2340 4
200.624  0.239456  735 6
11.812  0.244898  245 4
-298.188  0.308271  266 4
57.984  0.338473  2594 4
64  0.375594  631 6
67.624  0.413127  259 6
60.968  0.356775  1166 6
-195  0.237736  265 6
90.718  0.239669  1210 6
228.358  0.244399  1473 6
189.748  0.341463  328 6
-5.252  0.206667  150 6
50.89  0.335917  3355 4
302.564  0.174905  263 6
7.628  0.20297  202 6
295.516  0.284553  246 4
184.532  0.384973  1504 6
93.468  0.258783  1167 4
-172.564  0.20979  143 6
-30.5  0.282546  1037 6
0.342  0.241554  592 6
57.094  0.348837  817 6
13.188  0.117647  119 4
-266.44  0.22063  349 6
70.016  0.431599  519 4
43.5  0.367624  2576 6
60.032  0.371207  1417 6
-10.408  0.261591  3796 6
-9.814  0.243566  4352 6
2.22  0.184091  440 6
-28.688  0.270817  1285 6
232.5  0.298343  181 6
75.374  0.326316  285 4
181.252  0.370019  1054 6
-8.17  0.254296  3492 6
-10.688  0.21875  320 6
4.376  0.174888  223 6
0.532  0.238779  557 6
-49.232  0.251799  834 6
-5.844  0.174881  629 6
-25.69  0.275194  258 6
3.816  0.138365  159 6
87.47  0.39845  645 4
-328.594  0.259634  9186 6
12.75  0.226415  265 4
-0.436  0.262997  327 6
69.784  0.221902  1041 6
38.28  0.369055  3070 6
-272.624  0.0542169  166 6
-108.436  0.294852  641 4
50.532  0.347526  3335 4
11.062  0.257426  404 4
41.156  0.360016  2536 6
63.656  0.404227  757 6
38.048  0.353114  2039 6
-97.686  0.33871  186 6
45.124  0.424561  570 6
-0.846  0.212329  730 6
0.25  0.242762  449 4
-257.592  0.254032  248 4
-16.596  0.244453  2569 6
-7.372  0.267339  793 6
-292.846  0.212815  437 6
62.624  0.351875  2427 4
-2.784  0.258786  626 6
174.094  0.415902  654 6
-195.44  0.244552  413 6
45.858  0.340418  2682 6
3.656  0.163889  360 6
4.564  0.204188  191 6
120.126  0.23976  1001 4
15.908  0.209677  248 4
105.532  0.171171  111 4
312.28  0.228288  403 6
46.314  0.243063  901 6
285.842  0.376802  3052 4
-233.314  0.216895  438 4
-228.626  0.278226  248 4
-379.998  0.19337  181 6
14.282  0.242424  297 4
198.314  0.167147  347 6
-63.936  0.237931  290 6
-312.72  0.225768  846 6
0.188  0.244186  602 6
2.204  0.258664  1183 6
270.42  0.253739  1939 6
-357.248  0.2263  327 6
254.936  0.272727  297 6
47.312  0.36061  721 6
8.5  0.15528  161 4
-374.064  0.239243  581 4
-9.936  0.249364  393 6
-3.876  0.299754  407 6
50.032  0.372467  1431 6
233.312  0.379888  358 6
-392.466  0.216174  643 4
53.75  0.206897  435 4
-55.36  0.265833  1200 6
-43.19  0.236607  448 6
118.516  0.237171  1598 6
-7.438  0.256198  242 6
-387.282  0.217765  698 6
291.688  0.354839  217 6
-27.248  0.202532  158 6
70.75  0.397749  533 6
62.752  0.334239  368 6
10.752  0.244518  912 4
73.72  0.398866  529 4
7.188  0.277523  436 4
65.094  0.359083  1657 4
2.626  0.232456  228 6
98.72  0.255952  672 4
-3.25  0.256958  2623 6
1.218  0.170732  492 6
62.314  0.34174  793 4
14.358  0.284472  805 4
13.904  0.241026  585 6
7.718  0.240929  689 4
-162.844  0.214286  252 4
-364.75  0.272727  154 4
11.316  0.370166  362 6
15.704  0.333932  2782 6
54.22  0.368771  1505 6
13.812  0.225641  390 4
55.498  0.368771  1505 4
-4.718  0.187387  555 6
-226.656  0.272643  1082 6
-24.218  0.252082  4804 6
206.468  0.39451  1275 6
26.28  0.332034  3334 6
62.282  0.390845  568 6
63.752  0.162037  216 4
34.748  0.29955  444 6
214.156  0.275986  279 4
12.438  0.199074  216 4
0.44  0.274038  416 6
15.53  0.22082  317 4
12.454  0.221292  836 4
85.374  0.407975  326 4
48  0.409869  993 6
79.252  0.389432  511 6
49.78  0.397516  1127 6
3.75  0.203883  206 6
67.406  0.365451  1453 4
201.282  0.271691  2017 6
-184.782  0.259794  485 6
78.736  0.38706  881 4
4.188  0.313008  246 6
-377.248  0.310345  406 6
57.234  0.361865  1437 4
17.5  0.24026  154 4
3.156  0.23166  518 6
-12  0.270627  303 6
127.784  0.370593  1163 6
-7.064  0.295547  247 6
190.25  0.215517  232 6
80.252  0.353982  226 6
88.876  0.363636  297 6
-268.764  0.0153846  130 4
156.376  0.290598  234 4
52.28  0.340245  3762 4
-281.248  0.266436  867 4
46.906  0.340659  1092 6
222  0.231707  164 6
88.626  0.252747  273 6
19.564  0.0210526  95 4
-214.376  0.232416  327 6
178.372  0.251613  155 6
56.748  0.359731  1932 4
-129.092  0.251809  691 6
-375.872  0.151899  237 6
20.5  0.269625  293 4
-16.628  0.383562  584 6
-107.092  0.274933  371 6
282.25  0.0428571  140 4
31.312  0.232346  439 6
11.154  0.252183  1832 4
61.968  0.332472  2322 4
-13.436  0.250348  719 6
53.188  0.360947  507 6
287.438  0.387487  991 4
63.936  0.383539  1786 4
-4.408  0.262891  1183 6
128.952  0.2571  2007 6
13.266  0.244118  340 4
166.968  0.376147  1199 6
77.658  0.416667  552 6
-90.124  0.1571  331 6
7.548  0.223199  1138 4
0.312  0.253446  1306 6
-208.75  0.284133  271 4
-98.202  0.274725  182 4
-1.19  0.236782  435 6
1.97  0.262295  488 6
95.5  0.385294  340 6
-339.28  0.265475  727 6
267.716  0.238768  779 6
-41.186  0.159574  282 6
-323.688  0.0507246  138 6
-75.656  0.283552  991 4
3.624  0.261438  306 6
76.342  0.362963  540 6
53.876  0.392205  821 4
-339.124  0.359184  245 6
11.08  0.255125  1317 4
-43.874  0.243421  152 6
0.626  0.208984  512 6
10.998  0.235294  272 4
3.064  0.265625  320 6
18.562  0.30622  209 4
93.53  0.235184  3746 4
-309.752  0.27907  258 6
-213.688  0.206452  155 6
-273.002  0.0434783  184 4
8.656  0.261394  746 4
49.498  0.384858  317 6
14.094  0.233853  449 4
3.626  0.246124  516 6
-80.188  0.270896  993 4
2.376  0.250464  539 6
-6.218  0.259045  691 6
2.22  0.319307  404 6
274.252  0.158798  233 6
-110.906  0.213636  220 4
-8.092  0.24333  937 6
12.69  0.185629  167 4
296.64  0.230485  2165 4
260.342  0.255537  587 4
0.252  0.152047  171 6
-0.592  0.233918  513 6
42.126  0.335155  549 6
-144.702  0.249369  1981 4
72.688  0.364312  269 6
-4.5  0.219436  319 6
63.346  0.434066  364 4
1.876  0.222615  283 6
17.814  0.146853  143 4
56.876  0.285714  238 6
4.188  0.251101  227 6
-24.25  0.246006  313 6
46.812  0.327089  2082 6
19.56  0.310734  177 4
-126.374  0.247573  206 6
16.844  0.286885  244 4
18.28  0.194286  175 4
3.814  0.278873  355 6
-166.376  0.218341  229 6
45.704  0.268406  1073 6
20.546  0.329933  2255 6
56.28  0.389058  658 4
47.562  0.329128  1744 6
43.28  0.362126  1204 6
306.094  0.263591  1214 4
65.654  0.377375  1158 4
29.376  0.265244  328 6
-77.374  0.12963  162 6
9.576  0.228961  1319 4
275.316  0.227273  484 6
-39.376  0.233607  488 6
-0.5  0.236203  453 6
13.096  0.300341  293 4
53.906  0.337121  264 4
2.75  0.249042  522 6
-377.126  0.260465  215 6
-3.904  0.262758  8289 6
-25.936  0.182266  203 6
-225.188  0.117347  196 4
-132.642  0.264648  2543 4
-186.498  0.183333  180 6
306.812  0.26071  817 6
43.28  0.359788  1512 6
1.748  0.26072  583 6
69.732  0.368644  944 4
300.936  0.267677  396 6
169.25  0.289515  639 4
46.498  0.374795  1222 6
16.844  0.18232  181 4
-39.998  0.266429  1400 4
79.484  0.208375  1003 6
65.936  0.335106  376 6
-15.248  0.239837  738 4
-149.186  0.047619  273 6
52.28  0.359231  1300 4
3.594  0.260504  357 6
68.03  0.231081  740 6
277.47  0.283019  636 6
79.532  0.39172  628 4
5.656  0.284008  1926 4
106.252  0.269923  778 6
70.28  0.389368  696 6
69.938  0.389948  577 6
-72.936  0.25  196 6
-172.188  0.279539  347 6
72.688  0.406072  527 6
-141.562  0.259124  274 6
132.408  0.377067  907 6
68.688  0.405959  537 4
300.094  0.358717  499 6
16.468  0.171233  146 4
32.844  0.349454  2564 6
12.686  0.244792  192 6
-11.796  0.262825  1579 6
-2.28  0.238554  415 6
-191.328  0.214215  1013 4
-388.404  0.251908  786 6
268.874  0.421818  275 4
70.75  0.398707  928 4
56.53  0.393186  1086 4
38.576  0.338167  3448 6
1.282  0.284264  591 6
26.376  0.258621  174 4
-146.53  0.238141  1033 6
-136.686  0.276056  355 6
119.062  0.225589  297 4
28.876  0.165605  157 6
2.28  0.266846  371 6
175.812  0.283721  215 6
-28.094  0.28169  213 4
2.188  0.15655  313 6
171.654  0.226619  278 4
-11.268  0.243955  2316 6
90.328  0.440285  561 4
-210.064  0.291139  316 6
55.812  0.0650407  123 6
1.688  0.193694  222 6
-20.774  0.259845  8278 6
-54.938  0.312253  253 6
-5.922  0.258503  2646 6
13.876  0.285068  221 4
68.72  0.354025  1031 4
-280.436  0.197368  228 6
196.124  0.348394  996 6
124.376  0.326829  205 6
74.748  0.363946  294 6
49.5  0.337526  1431 6
-338.234  0.309645  197 4
119.782  0.369515  1299 4
36.454  0.345591  2529 6
3.5  0.224138  348 6
-44.53  0.243697  952 6
67.03  0.346154  338 4
51.532  0.365655  1846 6
-78.156  0.183962  424 6
265.064  0.349867  1129 4
-253.406  0.265849  978 4
196.284  0.250459  1090 6
171.468  0.269207  1627 4
-17.94  0.280303  924 4
-159.936  0.248908  229 4
254.812  0.243243  185 6
187.36  0.243313  1159 6
-117.002  0.220588  272 6
-262.624  0.179688  256 6
194.156  0.241379  464 6
-98.876  0.143939  132 6
2.094  0.271787  677 6
-373.248  0.332283  3807 6
1.814  0.297297  148 6
11.872  0.196765  371 4
54.938  0.387755  637 6
80.468  0.388686  548 4
184.672  0.254928  761 4
0.472  0.25738  1931 6
47.842  0.339838  2716 6
64.422  0.354331  508 4
79.58  0.356089  1084 4
55.69  0.353535  198 6
-369.83  0.246703  1820 6
1.158  0.248869  442 6
13.938  0.266949  472 4
75  0.398625  1164 4
-215.784  0.304878  656 6
-296.156  0.22557  1228 6
175.064  0.390845  852 6
60.216  0.397995  1696 4
-7.532  0.240093  429 6
3.312  0.3  260 4
78.046  0.349754  1015 4
15.906  0.259259  216 4
17.906  0.259912  227 4
54  0.35533  1379 6
174.092  0.271557  777 6
286.094  0.257294  754 6
52.874  0.346465  1980 6
18.984  0.250909  275 4
12.5  0.255217  1246 4
-15.342  0.192837  726 6
-64.284  0.267857  728 6
-233.22  0.269474  475 4
0  0.233533  501 6
-41.064  0.227129  317 6
0.998  0.358333  240 6
186.47  0.247453  687 4
1.968  0.204797  542 6
-284.248  0.192  125 4
-20.906  0.370618  599 6
21.952  0.245728  2926 6
-0.282  0.160858  373 6
63.5  0.371359  412 4
-264.892  0.266746  5031 6
152.844  0.290954  409 6
12.812  0.290323  279 4
95.562  0.26694  487 6
21.984  0.251989  377 4
-9.468  0.263314  676 6
12.5  0.140562  249 4
5.126  0.2625  240 6
-226.47  0.240349  803 6
-4.498  0.215  200 6
53.752  0.380587  1432 6
121.156  0.239006  523 6
55.532  0.353966  1664 6
5.314  0.215385  195 6
49.686  0.30837  454 6
-366.376  0.225131  573 6
53.062  0.362437  985 6
8.232  0.223919  1179 4
-1.342  0.241185  709 6
225.252  0.299652  287 6
158.628  0.432314  458 6
233.344  0.263556  793 6
13.124  0.183099  142 6
53.936  0.234169  2353 4
-140.25  0.176  250 6
53.092  0.354136  1378 4
-1.78  0.267429  13899 6
200.814  0.369318  176 4
59.748  0.354221  1149 6
248.846  0.254633  1241 4
60.562  0.361702  282 4
48.294  0.387344  2086 6
7.908  0.255189  6552 4
12.186  0.257951  283 4
-3.404  0.27193  456 6
-280.406  0.243807  767 6
133.25  0.326829  205 6
215.626  0.181416  226 4
130.374  0.386869  990 6
48.062  0.385496  1310 6
67.842  0.423112  1099 4
6.688  0.256989  6117 4
2.94  0.216036  449 6
73.78  0.337455  1375 4
-5.812  0.257143  175 6
-0.124  0.257353  272 6
135.89  0.386891  1724 4
10.188  0.291005  378 4
51.532  0.392456  1246 6
71.186  0.362745  612 6
53.28  0.380017  1171 6
14.998  0.23125  160 4
-7.564  0.252174  1495 6
-162.406  0.219512  328 4
1.69  0.267692  325 6
5.502  0.257529  4881 4
13  0.284345  626 4
42.968  0.352767  2367 6
80.876  0.359626  748 4
-14.36  0.248965  1691 6
66.408  0.380604  1093 6
4.5  0.115727  337 6
136  0.356571  875 4
53.156  0.381657  676 6
258.356  0.346673  1999 4
-13.75  0.245658  806 6
40.53  0.234957  2094 6
-346.218  0.261928  1027 4
63.14  0.374475  1191 4
12.33  0.320186  431 4
-61.03  0.2409  1511 6
-243.874  0.193483  491 6
3.128  0.245614  399 6
62.248  0.39375  640 6
-146.096  0.265861  993 4
55.438  0.373563  348 6
57.16  0.392965  995 4
-8.328  0.238405  1229 6
44.874  0.38085  1859 6
-20.062  0.279635  329 6
77.404  0.293427  426 4
4.876  0.282258  248 6
6.436  0.321716  373 6
104.31  0.267176  262 6
0.358  0.214391  1362 6
49.998  0.380952  714 6
175.75  0.250681  734 4
-19.532  0.288728  1659 6
27.328  0.161677  167 4
-6.5  0.255374  1163 6
0.06  0.125714  175 6
58.908  0.40327  734 4
163.656  0.267218  726 4
0.06  0.219549  665 6
75.596  0.348018  681 4
41.344  0.3867  812 6
-208.156  0.156028  282 4
-325.5  0.294416  197 4
106.592  0.236882  667 6
69.126  0.404601  739 6
295.312  0.214545  275 6
41.576  0.329558  2649 6
-1.218  0.288438  2413 6
140.03  0.236842  570 6
1.876  0.276639  488 6
76.156  0.262805  2089 4
6.938  0.255208  192 4
-102.734  0.219424  278 4
1.562  0.234973  366 6
-84.126  0.151351  185 6
14.846  0.203252  246 4
18.188  0.184  125 4
32.564  0.227468  233 4
226.78  0.366972  654 6
45.844  0.340159  2637 6
258.408  0.286604  321 4
1.06  0.228  250 6
-103.656  0.248865  2202 6
44  0.290323  372 6
-219.206  0.239385  1366 4
182.296  0.397086  549 4
13.436  0.236808  777 4
56.47  0.33073  2177 4
38.592  0.364162  1557 6
59.58  0.311404  228 4
110.686  0.393728  287 4
-3.374  0.121387  173 4
126.514  0.257525  598 4
200.796  0.243722  1354 4
8.296  0.253446  4135 4
59.468  0.405063  316 4
-5.484  0.257119  4706 6
4.876  0.246575  292 6
215.484  0.258675  951 4
276.844  0.320158  253 4
62.642  0.365965  1093 6
46.846  0.349115  2260 6
-95.062  0.302846  492 6
140.972  0.301552  451 6
83.342  0.447423  485 4
57.874  0.340659  1911 4
111.376  0.255245  286 6
15.562  0.230508  295 4
9.312  0.214689  177 6
59.266  0.37344  1122 4
148.282  0.242138  636 6
123.688  0.289157  249 6
181.44  0.257143  525 6
9.42  0.250672  2605 4
238.844  0.235521  777 6
62.736  0.386613  1733 4
38.656  0.315303  3790 6
173.032  0.216849  641 6
2.532  0.3  400 6
0.72  0.231939  526 6
-287.768  0.231806  1113 6
257.752  0.252555  685 4
14.092  0.248915  691 4
8.904  0.267735  437 4
-292.732  0  16383 6
-42.5  0.269003  4565 6
1.5  0.261214  379 6
-0.252  0.196923  325 6
121  0.379538  303 6
44.14  0.352168  2053 6
-10.468  0.260677  679 6
55.468  0.359375  896 6
2.716  0.171134  485 6
-376.576  0.267023  2056 4
96  0.339535  215 6
-246.372  0.317269  249 6
57.592  0.370954  1143 6
-192.628  0.360515  233 4
80.564  0.273092  249 6
8.608  0.257732  3104 4
-4.296  0.269452  5051 6
20.688  0.142857  140 6
-4.316  0.246603  1987 6
2.748  0.159011  283 6
-144.188  0.183246  191 6
47.908  0.386312  1768 6
198.596  0.255403  509 6
13.408  0.235294  527 4
135.436  0.42638  652 6
43.196  0.351672  2781 6
-36.22  0.318605  430 4
23.22  0.34109  3524 6
12.124  0.260618  518 4
287.096  0.252281  15344 4
8.688  0.225564  399 4
-347.656  0.257202  486 6
264.684  0.155738  244 6
84.596  0.432836  402 4
-42.624  0.262879  2077 6
-8.436  0.1959  439 6
-299.248  0.284153  183 6
-24.312  0.256579  304 6
74.064  0.367316  667 6
-0.936  0.282913  357 6
66.376  0.343096  239 6
68.408  0.228537  827 6
54.672  0.334899  3407 4
3.312  0.293729  303 6
283.532  0.34456  1544 4
63.284  0.344454  1109 6
49.752  0.27327  838 4
83.628  0.227936  1303 6
46.048  0.345877  3056 6
60.404  0.375418  1497 6
4  0.23871  155 6
-322.624  0.286195  297 6
49.936  0.434307  274 6
-12.248  0.246949  2458 6
5.88  0.228571  210 6
6.376  0.254335  173 6
47.86  0.333783  1483 6
64.628  0.289855  276 6
56.94  0.360704  1364 6
-303.592  0.255172  725 6
-4.828  0.23753  842 6
12.84  0.205479  219 4
303  0.211538  156 4
-31.56  0.251374  728 6
13.816  0.254902  153 6
138.72  0.243968  746 6
264.216  0.169935  153 4
-5.328  0.244688  4283 6
14.812  0.25641  390 4
56.048  0.359689  1543 6
-3.656  0.269203  1367 6
57.904  0.389281  709 4
6.5  0.236264  182 6
-8.06  0.239316  1638 6
202.66  0.245559  957 6
11.624  0.234957  349 4
-363.996  0.256226  2088 4
-48.72  0.240933  386 6
-4.5  0.309013  233 6
4.436  0.268  250 6
40.216  0.238238  999 6
253.036  0.195364  302 4
-78.876  0.256641  4216 6
-4.936  0.277132  516 6
-373.204  0.222734  1302 4
61.592  0.318226  1037 6
-1.872  0.176849  311 6
180.156  0.225177  564 6
69.716  0.37782  532 4
298.972  0.213836  159 4
51.876  0.412192  689 6
-4  0.173913  161 6
43.124  0.225641  195 6
-197.688  0.20916  655 4
3.876  0.319527  169 6
18.064  0.194631  149 4
102.344  0.215859  454 6
1.124  0.265306  196 6
3  0.284289  401 6
-69.764  0.251852  1890 6
2.252  0.238512  457 6
256.56  0.110599  217 6
17  0.319588  194 4
14.812  0.238693  398 4
45.312  0.317597  3029 6
52.968  0.354988  2155 6
66.748  0.367226  1013 4
2.188  0.154229  201 6
-24.124  0.217778  1125 6
-1.312  0.260821  3604 6
-224.128  0.169591  171 6
282.908  0.297668  729 4
-29.172  0.259048  4393 6
38.956  0.374651  1073 6
74.876  0.412921  356 6
149.872  0.257937  252 4
-61.844  0.104938  162 4
-55.876  0.270161  248 6
44.376  0.386095  676 6
117.56  0.218935  169 6
41.312  0.327705  2606 6
14.752  0.25  448 4
3.844  0.28341  434 6
218.84  0.216743  1744 4
124.376  0.295918  294 4
-27.872  0.25742  3504 6
166  0.116279  172 4
65.784  0.369681  1128 6
36.624  0.336879  282 6
-138.184  0.198582  423 6
96.708  0  16383 4
11.28  0.244813  241 4
246.236  0.343062  1953 4
143.624  0.274887  884 6
0.564  0.239264  326 6
7.16  0.278409  2288 6
59.576  0.373383  1623 4
54.596  0.378102  685 6
291.752  0.509434  212 6
50.752  0.428571  476 6
15.08  0.191964  224 4
-164.624  0.318966  232 6
-222.56  0.167715  477 4
151.5  0.404624  1384 4
182.688  0.38  400 6
-11.86  0.25  2212 6
177.94  0.386423  383 6
14.312  0.227545  167 4
-353.86  0.245203  1876 4
255.748  0.335962  634 4
-253.156  0.28866  388 6
-2.344  0.288925  623 6
-330.844  0.247541  610 6
15.968  0.294785  441 4
12.876  0.285199  277 4
12.44  0.249102  835 4
11.656  0.253506  927 4
1.124  0.251984  504 6
135.252  0.261811  508 4
1.468  0.256528  651 6
-319.344  0.111111  144 4
64.752  0.307407  270 4
-51.252  0.255982  1797 6
-135.784  0.234604  1023 6
-5.908  0.208134  836 6
70.124  0.410072  1251 4
14.436  0.231102  463 4
44.66  0.3403  3062 6
14.628  0.208333  480 4
50.404  0.3603  1199 6
14.844  0.255814  430 4
50.816  0.327047  1856 6
-336.824  0.272033  1702 4
114.58  0.367725  1512 4
-25.684  0.270195  359 6
-392.436  0.239382  259 4
2.468  0.246667  300 6
125.064  0.27027  666 4
-19.344  0.22444  16383 4
5.504  0.268293  164 6
44.064  0.363273  2249 6
2.496  0.306034  464 6
1.06  0.332117  548 6
40.564  0.383128  2276 6
14.876  0.240106  379 4
-203.172  0.265047  8025 4
116.952  0.251675  1343 4
85.748  0.312821  390 6
-65.688  0.182464  422 6
7.848  0.247952  1831 4
10.2  0.33829  1076 6
115.84  0.262264  530 4
-67.096  0.258564  905 4
-239.48  0.243537  2205 4
12.564  0.332103  271 6
-71.128  0.228013  307 6
-7.408  0.275223  1457 6
85.188  0.408108  370 6
4  0.092  250 6
22.94  0.285714  126 6
317.656  0.234273  461 6
-2  0.267765  971 6
48.064  0.246575  146 6
42.812  0.358362  1758 6
-1.876  0.27112  509 6
187.188  0.260199  1103 4
-96  0.162651  332 4
13.624  0.235192  574 4
-183.1  0.261777  3545 4
112.624  0.247934  242 6
1.312  0.267802  646 6
52.112  0.363121  1410 6
-188.316  0.272727  198 6
-42.908  0.230769  468 4
-279.312  0.19403  201 6
-5.372  0.120613  16383 4
6.78  0.272109  1029 4
173.092  0.201183  507 6
76.06  0.418129  342 6
2.812  0.274419  215 6
0.748  0.265501  629 6
37.248  0.294416  197 6
201.028  0.343803  1178 6
1.816  0.256917  253 6
-232.248  0.290323  403 6
11.64  0.25  1376 4
300.624  0.267016  382 6
1.936  0.339793  2219 6
173.592  0.318725  502 6
2.36  0.246134  1552 4
-7.812  0.276978  278 6
41.784  0.33888  1803 6
78.184  0.379747  474 4
42.548  0.33053  2378 4
295  0.260577  1040 4
-0.78  0.188679  371 6
44.876  0.377273  220 6
22.156  0.305389  167 4
76.608  0.25  2128 6
2  0.329114  237 6
-237.968  0.237512  1061 4
-140.252  0.185976  328 6
52.468  0.347156  1688 6
227.624  0.273684  855 6
93.16  0.242938  1062 4
-29.316  0.234043  423 6
9.124  0.186916  107 6
-24.404  0.257292  3634 6
37.688  0.232558  129 6
148.528  0.265423  4717 4
211.592  0.214286  476 6
142.624  0.362126  301 6
55.86  0.338501  387 4
69.876  0.372694  271 6
-7.624  0.238372  516 6
-22.12  0.276923  195 6
264.188  0.222535  355 6
-338.688  0.24878  205 4
49.78  0.353278  2273 4
40.796  0.360656  1403 6
-13.032  0.248476  1312 6
71.076  0.393455  1375 4
70.656  0.263889  1008 6
0.628  0.208571  350 6
-9.748  0.252656  5648 6
-47.064  0.208791  364 6
-24.092  0.243295  522 6
7.532  0.285714  644 6
-19.86  0.239454  1612 6
11.816  0.242424  198 4
266.844  0.249766  1069 6
102.752  0.405063  474 6
268.784  0.226908  498 6
68.692  0.356498  1108 4
14.492  0.206049  529 4
3.312  0.142857  287 6
183.016  0.343333  300 4
54.72  0.39207  1135 6
-258.188  0.25  460 4
104.468  0.247578  929 6
32.28  0.356225  3189 6
53.64  0.347898  3021 4
32.48  0.348996  2490 6
14.688  0.167785  298 4
51.784  0.349673  3366 4
41.812  0.347497  3695 6
49.716  0.25791  4804 4
56.688  0.336245  229 4
68.312  0.411003  309 6
-17.344  0.249741  5786 6
306.252  0.177596  366 6
7.376  0.346154  494 4
49.624  0.26506  166 6
14.812  0.469136  405 6
-253.436  0.120192  208 6
-0.128  0.261851  886 6
4.688  0.282353  170 6
-6.812  0.158215  493 6
1.688  0.273016  315 6
-306  0.202381  252 6
38.376  0.286802  394 6
58.436  0.384532  918 6
14.188  0.228346  254 4
85.5  0.395303  511 6
69.56  0.312629  483 6
41.188  0.261364  176 6
2.064  0.266667  600 6
87.652  0.298765  405 4
311.44  0.436709  316 6
10.684  0.23192  1203 4
115.496  0.268519  432 6
-104.128  0.318182  220 6
214.812  0.0857143  175 4
-185.532  0.202109  569 6
-375.14  0.241379  145 4
-377.596  0.210117  514 6
-293.092  0.131034  145 4
-396.624  0.26658  769 6
81.188  0.184049  163 6
-65.12  0.117647  187 6
32.484  0.357424  2034 6
-165.5  0.156489  262 6
0.152  0.2573  3459 4
-256.84  0.243655  394 6
-22.312  0.289502  943 6
73.644  0.342052  497 4
62.44  0.425775  613 6
5.592  0.191874  443 4
-371.188  0.245192  208 4
229.892  0.244444  360 4
237.94  0.209877  162 6
1.156  0.2544  625 4
77.248  0.401408  284 6
60.22  0.409511  757 6
121.124  0.214286  210 6
-360.816  0.276119  268 4
34.752  0.0769231  156 6
-131.936  0.254386  228 6
-1.936  0.212625  301 6
62.216  0.359296  2388 4
197.936  0.333333  765 4
-9.216  0.241688  4361 6
-38.08  0.224852  169 4
157.968  0.224762  1050 4
-174.564  0.269474  475 4
59.424  0.354863  1316 4
73.812  0.420635  504 4
66.688  0.313636  220 4
2.5  0.240385  520 6
78.376  0.418231  373 6
-309.064  0.211538  260 6
55.268  0.31929  3323 4
-6.22  0.239155  899 6
12.996  0.254673  856 6
95.904  0.278339  891 4
182.404  0.195446  527 6
-96.86  0.254175  3832 6
-5.28  0.257784  3565 6
113.392  0.208874  924 4
46.872  0.250246  2034 6
-342.496  0.242356  1341 6
298.784  0.379227  828 6
5.248  0.324324  296 6
2.688  0.246512  215 6
11.624  0.235  400 4
60.716  0.380874  1213 6
68.328  0.327684  1770 4
243.284  0.40708  339 4
-317  0.179348  184 6
102.624  0.353659  246 6
11.316  0.184275  407 4
2.784  0.250847  295 6
1.156  0.241304  460 6
-237.596  0.287714  643 6
15.076  0.246341  410 4
53.996  0.468694  559 4
-113.856  0.228283  990 4
-367.436  0.29745  353 6
151.72  0.255692  571 6
-141.344  0.226013  469 6
19.58  0.170068  147 4
271.5  0.266667  225 4
247.064  0.410019  539 6
-9.252  0.162921  178 6
-3.684  0.372319  1958 4
27.568  0.25829  6303 6
69.688  0.358209  1005 4
-7.408  0.257794  3817 6
119.312  0.380488  1230 6
2.5  0.239278  443 6
2.984  0.251507  4644 4
1.188  0.279476  229 6
-105.564  0.211679  685 6
-213.188  0.243386  378 4
13.564  0.31828  465 6
54.436  0.34375  576 6
-1.936  0.302455  896 4
53.468  0.416667  660 6
86.784  0.365385  676 4
13.936  0.272016  511 4
-325.94  0.297436  195 4
11.532  0.22063  1047 4
10.688  0.27334  1039 4
313.872  0.318367  245 6
-37.936  0.242424  198 6
4.872  0.236948  249 6
102  0.328084  381 4
-347.564  0.0963855  166 6
15.248  0.244845  388 4
-7.5  0.257085  494 6
-7.348  0.185714  490 6
-219.128  0.130769  130 4
-8.468  0.257885  4312 6
-173.028  0.289308  318 4
-150.356  0.252158  3359 4
-345.5  0.354286  175 6
12.188  0.147982  223 6
-234.312  0.298137  322 6
-46.316  0.297727  440 6
17.436  0.208791  182 6
-1.592  0.217722  395 6
273.376  0.25098  255 6
-152.268  0.290168  417 4
215.624  0.247899  714 6
91.624  0.184343  396 4
14.436  0.236842  228 4
43.044  0.3386  2658 6
-1.312  0.185279  394 6
58.924  0.403145  1399 4
45.468  0.341603  524 6
5.952  0.244222  2596 4
-0.624  0.258757  885 6
101.004  0.311404  228 6
-5.108  0.263602  1066 6
6.752  0.273547  998 4
11  0.201342  149 4
16.188  0.25  232 4
45.436  0.346  1500 6
12.84  0.252809  356 4
31.12  0.212851  249 4
-14.408  0.238404  1078 6
57.688  0.391224  1618 4
0.532  0.280443  542 6
125.372  0.246073  382 6
220.596  0.219269  903 6
13.34  0.287805  205 4
-130.688  0.298851  174 4
124.624  0.399625  533 6
76.66  0.374339  756 4
