-16.093  0.246088  703 6
13.5  0.312195  205 4
54.079  0.380928  1961 4
-185.297  0.287719  285 4
314.248  0.181692  721 6
-1.718  0.183115  841 6
2.001  0.279661  236 6
-51.5  0.230415  217 6
4.626  0.153061  196 6
2.031  0.150718  418 6
2.235  0.243945  3468 6
-136.656  0.223464  358 4
51.469  0.372785  1580 6
85.094  0.252137  234 4
-4.749  0.233533  334 6
-128.25  0.198895  181 4
5.126  0.256983  179 6
-5.342  0.263573  1142 6
65.279  0.379167  960 4
-159.5  0.265896  173 6
45.031  0.349637  2065 6
55.905  0.362768  838 6
161.492  0.388364  1375 4
46.345  0.362249  3735 4
58.546  0.339761  2178 4
17.468  0.312775  227 4
-346.593  0.220104  577 6
2.562  0.236707  583 6
68.906  0.383043  1321 4
67.969  0.2851  698 6
-257.032  0.283262  466 6
106.938  0.314136  382 6
-391.061  0.230392  408 6
97.72  0.147059  170 4
100.063  0.333333  261 6
58.811  0.37095  895 6
50.734  0.353969  2746 4
48.315  0.393013  229 6
10.484  0.243902  1722 4
195.25  0.211538  208 6
56.594  0.35572  1757 6
12.656  0.233444  604 4
-93.937  0.232614  417 6
-332.626  0.218216  527 6
-170.625  0.150685  146 6
42  0.40113  531 6
-227.001  0.26087  184 4
-158.28  0.236953  2127 6
-13.938  0.126904  197 6
-19.843  0.249039  4682 6
69.936  0.410742  633 4
14.188  0.295238  210 4
39.219  0.256801  4007 4
42.687  0.210084  357 6
157.673  0.153846  182 4
-33.187  0.324895  474 6
165  0.248031  254 4
77.752  0.377483  302 6
-47.845  0.223455  631 6
1.657  0.304904  469 6
45.123  0.361884  1401 6
202.657  0.35014  714 6
-14.436  0.203448  290 6
241.563  0.231102  463 6
159.031  0.374969  4051 4
194.251  0.260847  1959 6
11.656  0.222779  1396 4
4.376  0.134259  216 6
53.312  0.35119  1008 6
291.53  0.189266  354 4
-387.178  0.252648  3115 6
-0.78  0.254132  484 6
-349.343  0.283388  307 4
-177.625  0.274033  905 6
77.032  0.35689  849 6
-382  0.123188  138 6
-10.594  0.259824  2494 6
-1.344  0.232533  1875 6
65.921  0.357606  1387 4
260.139  0.223052  937 6
247.031  0.242919  918 6
-168.437  0.311688  231 6
42.907  0.387989  1482 6
3.25  0.272436  312 6
179.092  0.313025  476 6
14.811  0.156463  147 4
-20.938  0.176471  170 6
134.405  0.339734  1354 4
-385.031  0.303338  689 4
-302.53  0.298507  201 4
49.361  0.332808  2536 6
-3.33  0.242196  2659 6
59.312  0.390121  992 6
123.063  0.359427  907 6
61.283  0.384354  294 6
43.517  0.36865  2067 6
-3.016  0.173145  283 4
69.969  0.406574  578 4
11.374  0.27972  429 4
-11.658  0.169884  518 4
46.344  0.363972  2165 6
-19.624  0.129032  186 6
13.813  0.117057  299 4
79.376  0.433186  681 4
2.219  0.230769  481 6
14.439  0.0867052  173 4
236.188  0.22  300 6
-101.609  0.242619  1558 6
52.844  0.387661  1086 4
26.031  0.379598  2039 6
232.063  0.175074  337 6
32.095  0.380194  1444 6
59.047  0.353757  865 4
238.311  0.220238  336 6
85.108  0.264368  261 4
2.562  0.256098  410 6
68.562  0.324324  259 6
-144.282  0.204856  659 4
-193.626  0.2529  1724 4
48.343  0.416  750 6
-13.877  0.275168  298 6
14.25  0.253676  272 4
-333.282  0.233924  1073 6
141.189  0.372703  762 6
56.468  0.357746  710 4
33.749  0.169014  284 6
108.53  0.244582  646 6
14.39  0.283702  497 4
4.656  0.319149  423 6
-330.874  0.24565  977 6
89.688  0.412322  633 4
-336.377  0.256684  187 6
3.312  0.256932  541 6
-6.938  0.245893  1826 6
-242.499  0.352941  238 6
-393.689  0.197479  238 6
58.655  0.360896  1294 6
-236.938  0.249726  913 6
61  0.382514  366 6
5.313  0.333333  228 6
-0.997  0.224537  432 6
47.267  0.347186  2719 4
69.986  0.351724  290 4
268.094  0.223881  469 6
15.657  0.314894  235 4
68.28  0.35486  1502 4
215.329  0.24359  1326 4
1.656  0.228873  568 6
52.564  0.407407  270 6
17.719  0.167203  311 4
59.313  0.355517  2284 4
105.094  0.248459  1622 6
-175.906  0.199029  206 4
-44.125  0.168831  154 6
169.249  0.405797  897 6
43.281  0.379342  2159 6
-57.063  0.250825  303 6
-3.031  0.280749  374 6
-172.251  0.210682  674 6
73.501  0.370479  1023 4
53.499  0.348821  1399 6
-0.127  0.288889  135 6
-241.499  0.306773  251 6
-30.375  0.269162  561 4
-3.313  0.299419  344 6
-266.344  0.262136  206 4
-7.189  0.258571  1400 6
11.311  0.344385  3348 6
4.125  0.321739  575 6
-47.656  0.259669  362 6
-384.438  0.230643  607 4
2.937  0.252525  594 6
-336.686  0.215947  301 6
187.5  0.264803  608 6
-73.595  0.25  712 6
-61.843  0.191304  575 6
-10.25  0.0379747  158 6
-315.968  0.269795  682 6
3.564  0.254237  295 6
14.531  0.203077  325 4
60.97  0.396584  1054 6
-18.908  0.275081  1236 6
45.64  0.353209  2633 6
-14.125  0.244147  2392 6
120.844  0.2175  400 4
-6.001  0.234273  461 6
-28.123  0.26558  2086 6
70.782  0.399142  699 6
-191.812  0.438692  367 6
-91.375  0.158537  164 6
-237.812  0.282353  340 6
-4.095  0.235294  561 6
24.438  0.0520231  173 6
198.624  0.293478  184 6
-71.687  0.368852  366 6
39.625  0.226601  203 6
121.375  0.371336  1228 6
-210.624  0.26386  974 6
184.251  0.232891  979 6
58.533  0.287379  515 6
-69.251  0.265233  2232 6
11.126  0.236934  287 4
-4.033  0.265208  4570 6
-214.406  0.134021  194 4
-372.157  0.248355  608 6
-296.75  0.337539  317 4
306.002  0.175287  348 6
101.812  0.275862  203 6
50.188  0.365059  767 6
30.967  0.379619  1678 6
71.391  0.367669  1330 4
-221.531  0.247684  1619 6
-162.941  0.247851  1396 6
2.156  0.259481  501 6
-184.064  0.252227  2807 6
-207.249  0.155303  264 6
124.076  0.256156  2315 6
10.985  0.242019  1347 4
-28.436  0.275  280 6
167.249  0.195652  230 6
137.437  0.384309  752 6
-162.375  0.247126  174 4
7.001  0.38191  199 6
-23.391  0.228543  1002 6
182.593  0.464481  366 4
45.843  0.397983  1289 6
62.063  0.36016  2249 4
-17.22  0.280328  610 6
-3.969  0.244946  2572 6
9.813  0.232441  598 4
67.688  0.372407  964 6
-153.564  0.192857  140 4
6.781  0.265483  2535 4
-51.719  0.25  472 6
-66.032  0.245236  1207 6
20.531  0.343609  2433 6
58.531  0.338832  788 4
-70.375  0.246193  394 6
3.75  0.318072  415 6
287.249  0.402507  718 4
-0.516  0.246386  3113 6
72.077  0.371622  1480 4
168.657  0.211568  657 6
85.625  0.238476  1627 6
-330.235  0.263007  1749 4
41.156  0.345469  3653 6
-10.594  0.278873  1065 6
43.032  0.338643  3139 6
-5.596  0.263314  676 6
-11.125  0.292982  570 6
62.406  0.397759  714 6
-133.593  0.208333  912 6
2.158  0.251928  389 6
-301.765  0.363596  2280 4
77.78  0.383721  860 4
-21.624  0.242424  1089 6
-278  0.217391  230 6
151.062  0.365688  443 6
31.654  0.263514  1332 6
-5.093  0.233248  1955 6
12.297  0.242009  657 4
283.155  0.258259  6478 4
81.498  0.218487  238 4
-258.437  0.302326  172 6
2.062  0.174497  298 6
48.782  0.379719  2278 6
-13.501  0.236686  169 6
-24.967  0.221207  547 6
-1.812  0.243876  939 4
-2.469  0.261474  1438 6
132.063  0.428826  562 6
1.374  0.0344828  87 6
-242.435  0.233677  291 6
-325.469  0.274648  426 6
46.439  0.36106  1094 6
10.875  0.217899  514 4
227.093  0.381295  1668 6
172.811  0.366  500 6
-84.562  0.238363  1246 6
212.812  0.121359  206 6
-220.453  0.246802  1329 6
71.282  0.442586  897 6
-1.877  0.142105  190 6
9.515  0.256015  2203 4
2.623  0.171429  210 6
-7.439  0.151351  185 6
14.405  0.246073  573 4
-189.938  0.258741  286 6
11.498  0.234114  299 4
64.469  0.364583  672 6
147.753  0.242017  1190 6
227.251  0.348148  540 6
61.123  0.441441  444 6
67.688  0.372642  1272 4
55.594  0.334344  3299 4
-311.594  0.217249  916 6
-226.75  0.122905  179 4
-77.22  0.257853  764 6
-0.499  0.277108  249 6
-254.531  0.258287  1448 6
-132.531  0.328358  268 4
-319.827  0.392876  1853 4
-262.844  0.220401  549 4
60.062  0.397329  599 6
277.998  0.340611  229 6
3.187  0.179389  262 6
-13.282  0.260504  1428 6
-232.624  0.235294  306 4
277.281  0.273388  1101 4
-58.031  0.308036  224 4
73.58  0.384713  785 4
196.033  0.217391  736 6
-213.407  0.138095  210 4
52.595  0.360169  1416 6
83.984  0.40106  566 4
-219.499  0.194757  267 4
1.062  0.0555556  162 6
-4.718  0.177062  497 6
46.436  0.364508  417 6
2.251  0.201238  323 6
184.375  0.243926  2058 4
-120.437  0.241259  286 6
70.812  0.362524  1062 4
-1.999  0.212938  371 6
90.157  0.208791  546 6
-39  0.414894  846 6
8.139  0.255023  3882 4
-272.329  0.258248  879 6
-7.531  0.239297  911 6
-222.688  0.176471  272 6
8.687  0.204225  284 6
38.135  0.325252  4867 6
134.78  0.370807  1610 6
61.499  0.317585  381 4
-40.497  0.293103  174 6
248.923  0.255132  682 4
1.843  0.24374  599 6
94.438  0.263989  697 6
55.624  0.365835  1282 6
-29.312  0.266272  507 6
-22.765  0.269375  1329 6
273.001  0.247148  263 6
47.25  0.336981  2650 6
-296.625  0.125  192 4
75.437  0.395022  924 6
229.562  0.189831  295 6
-186.25  0.174699  166 6
-314.874  0.272873  1246 4
-7.47  0.236351  1392 6
-370.937  0.187739  261 6
62.078  0.341538  1300 6
-25.687  0.164706  340 6
-207.47  0.236842  342 6
-3.908  0.242947  638 6
-389.781  0.254847  2837 4
51.047  0.349708  2056 4
123.218  0.380634  1198 6
51.454  0.353834  1252 4
13.796  0.218487  595 4
-7.97  0.2544  625 6
-3.875  0.170213  141 6
170.342  0.409429  403 4
5.061  0.245192  208 6
100.093  0.369771  741 6
-384.031  0.269939  489 6
3.873  0.233766  231 6
-169.689  0.332203  295 6
-389.5  0.178451  297 6
-5.439  0.302083  288 6
172.75  0.383808  667 6
-16.468  0.258581  874 6
-13.065  0.220974  267 6
55.001  0.370504  556 6
-193.25  0.311111  180 6
-386.624  0.306122  294 6
81.968  0.422619  672 4
13.28  0.240586  478 4
14.281  0.249147  293 4
211.531  0.256906  362 4
13.532  0.210356  309 4
57.937  0.358553  304 6
-2.937  0.249211  317 6
2.561  0.277778  288 6
-185.844  0.260341  1233 4
-166.969  0.22508  1555 4
-0.375  0.300926  216 6
-25.469  0.252336  642 6
-15.25  0.26738  374 6
35.845  0.359066  1114 6
19.124  0.225882  425 4
-141.643  0.260257  10359 6
-6.437  0.25854  9631 6
-346.939  0.202055  292 6
10.359  0.244389  2807 4
62.22  0.360756  1957 4
14.595  0.280405  592 4
-5.345  0.246967  2061 6
-1.938  0.25  268 6
42.69  0.339564  321 6
208.047  0.239791  1910 4
59.626  0.36878  1025 4
180.219  0.239766  171 4
-131.172  0.234326  1276 6
-140.499  0.136792  212 6
41.092  0.370571  2032 6
127.749  0.240385  208 4
17.25  0.258294  422 4
5.562  0.217391  184 6
-286.281  0.270375  773 6
-8.954  0.242884  1581 6
12.406  0.286344  454 4
-60.125  0.209655  725 4
37.171  0.327034  3281 6
-6.656  0.195556  450 6
11.313  0.273616  614 4
45.033  0.368245  2683 6
49.47  0.396533  923 6
11.593  0.237095  1143 4
-339.251  0.09  200 6
85.063  0.335463  313 4
-52.883  0.248394  7162 6
111.625  0.149194  248 6
3.125  0.2393  514 6
87.626  0.307692  234 6
-2.502  0.287671  292 6
195.938  0.235169  472 4
2.249  0.271784  482 6
-3.891  0.261231  1202 6
-363.03  0.257045  1455 6
-142.624  0.0758621  145 6
300.126  0.238532  218 4
-392.468  0.220548  730 6
165.234  0.384824  1476 6
250.501  0.257547  1557 6
60.749  0.408955  670 6
62.595  0.345207  1544 6
74.25  0.26178  573 4
55.063  0.383562  803 6
3.377  0.286136  339 6
-272.999  0.223942  969 6
-99.313  0.361446  249 4
-161.658  0.248031  1270 6
-203.312  0.23348  227 6
266.437  0.328244  262 4
47.187  0.371875  320 6
-55.158  0.256778  1881 6
3.563  0.207469  241 6
41.437  0.332448  4142 6
10.029  0.256966  323 6
-0.188  0.135889  287 6
-103.421  0.247956  1468 6
13.798  0.251443  1213 4
-158.094  0.228826  673 6
12.126  0.272446  323 4
276.969  0.232902  541 6
164.968  0.242623  610 6
8.657  0.268534  6070 4
0.188  0.261484  283 6
279.657  0.277182  653 4
11.876  0.209137  985 4
-59.561  0.243316  374 6
1.375  0.249123  285 6
58.578  0.348655  2676 4
-61.938  0.219653  346 6
3.877  0.245714  175 6
-74.421  0.261708  726 6
-56.047  0.267986  2071 6
80.407  0.204778  586 6
299.628  0.25  260 6
-9.344  0.241237  485 6
54.216  0.356455  1038 6
0.126  0.248521  676 6
5.874  0.28866  194 6
-363.047  0.304619  801 4
-320.233  0.259928  277 4
1.5  0.212121  330 6
93.439  0.455  400 4
-15.188  0.311765  170 6
197.249  0.324675  385 4
-41.529  0.217729  643 6
-119.719  0.239221  719 4
8.5  0.296928  293 6
11.312  0.258427  178 6
259.689  0.324  250 6
56.265  0.34164  2769 4
47.75  0.361022  313 6
-23.437  0.23622  254 6
-9.593  0  16383 6
40.031  0.341584  606 6
-25.5  0.185629  167 6
-190.609  0.261683  15343 6
1.751  0.248718  390 6
-211.187  0.242188  128 4
165.03  0.274157  890 4
56.422  0.35  1720 4
34.405  0.261198  1987 6
61.25  0.447099  293 6
-384.422  0.247209  627 4
-17.188  0.260413  5714 6
118.797  0.348795  1660 6
53.703  0.343789  2391 4
55.747  0.247918  2642 6
1.876  0.300676  296 6
-170.909  0.214602  452 6
-297.313  0.28382  377 6
-16.064  0.212375  598 6
42.22  0.348542  2915 6
55.015  0.339546  2951 4
46.532  0.412466  1091 6
10.093  0.231451  2143 4
-40.375  0.229391  279 6
68.968  0.420099  607 4
75.534  0.386091  834 4
-167.281  0.254559  5429 6
4.997  0.272251  191 6
247.532  0.25139  899 4
-19.001  0.246309  2980 6
13.063  0.30131  229 4
-52.752  0.299603  504 6
-227.109  0.26299  1886 6
73.03  0.242478  3390 6
71.813  0.35656  1593 4
297.782  0.266898  577 6
2.594  0.259657  466 6
154.998  0.36772  601 4
108.044  0.265437  2332 6
-285.891  0.252803  2765 4
-5.75  0.231419  592 6
-7.374  0.246724  4426 6
-60.407  0.26791  2359 6
-353.157  0.288043  552 4
162.468  0.389583  960 6
-9.564  0.19764  339 6
1.686  0.259136  602 6
231.217  0.416938  921 6
3.812  0.2  270 6
-2.467  0.224607  1910 6
16.718  0.300912  658 4
230.5  0.378698  507 4
82.748  0.359509  815 4
113.406  0.281734  323 4
-70.061  0.343915  189 4
264.344  0.213851  1314 6
84.97  0.262222  450 4
65.375  0.338857  1207 6
-3.78  0.241201  966 6
41.186  0.266696  6828 6
20.608  0.338338  1865 6
215.593  0.385143  875 4
219.687  0.230769  182 6
-110.469  0.194774  421 4
-12.72  0.256888  2468 6
149.564  0.113333  150 4
-14.578  0.260335  2927 6
-4.625  0.224138  348 6
-72.626  0.315385  390 6
61.718  0.354023  1740 4
62.843  0.126582  237 4
-2.564  0.248387  620 6
-22.189  0.253968  252 6
-4.249  0.265388  991 6
3.47  0.206759  503 6
50.969  0.347858  1354 6
12.718  0.343972  282 4
-89.561  0.259009  1332 6
62.439  0.334509  2269 4
40.906  0.387737  1109 6
2.938  0.213816  304 6
9.016  0.244552  2478 4
160.093  0.382838  1212 6
44.749  0.376359  736 6
-72.937  0.315985  807 6
51.5  0.364662  1064 6
215.75  0.0357143  168 6
1.562  0.257525  299 6
16.782  0.368421  190 4
13.408  0.303448  290 4
44.653  0.362793  1833 6
-184.562  0.272081  985 6
-10.751  0.227673  795 4
203.343  0.266524  2330 4
-32.031  0.166667  408 6
-175.936  0.259669  181 6
12.688  0.176136  176 4
-191.187  0.182186  247 6
-6.406  0.246092  2239 6
82.093  0.330116  518 6
-6.032  0.223039  408 6
13.5  0.132812  128 4
13.157  0.248092  262 4
47.219  0.345269  391 6
53.657  0.358702  1695 4
58.282  0.372967  984 6
67.829  0.344017  1404 6
-106.312  0.135714  140 6
-179.563  0.247934  242 4
-75.749  0.29918  244 4
95.579  0.323308  266 4
-43.156  0.26087  3956 6
236.532  0.0920635  315 4
-33.688  0.248087  1568 6
-8.189  0.326761  355 6
1.375  0.22488  209 6
195.624  0.174468  235 6
-3.718  0.356446  4817 6
-17.531  0.287719  570 6
269.876  0.238938  904 6
60.969  0.280769  520 6
76.872  0.371053  380 6
2.125  0.276532  669 6
63.187  0.351981  429 6
-351.188  0.170455  176 4
59.392  0.397727  528 4
2.718  0.247768  448 6
84.124  0.27907  172 6
50.126  0.367965  1386 6
-157.625  0.269531  256 6
-314.874  0.199115  226 6
-4.155  0.250696  1077 6
-266.563  0.267059  5774 6
309.375  0.371078  733 6
70.656  0.254207  1129 6
-6.843  0.267504  2628 6
42.185  0.208696  230 6
-310.844  0.248152  947 6
-47.561  0.244949  396 6
0.656  0.258385  805 6
-238.25  0.227213  757 4
-33.625  0.173184  179 4
-25.624  0.216667  240 6
16.844  0.0875298  16383 6
-247.75  0.230769  351 4
-209.548  0.240136  1470 6
2.75  0.272311  437 6
12.361  0.216724  586 4
-7.157  0.265281  4957 6
237.814  0.216495  194 6
227.876  0.413793  319 6
56.968  0.317976  1324 6
47.641  0.359089  2239 6
4.906  0.230392  204 6
162.251  0.389189  925 6
-267.251  0.232704  636 6
-7.188  0.0858369  233 6
212.219  0.397638  254 4
-167.094  0.235215  744 6
74.501  0.40836  622 6
-67.095  0.101386  16383 6
15.016  0.333333  2649 6
264.249  0.263158  152 6
-13.218  0.289982  569 6
-37  0.29703  303 6
300.438  0.344086  279 6
-40.609  0.236385  863 6
56.404  0.19375  320 6
4.563  0.240741  216 6
16.079  0.295652  230 4
3.563  0.246777  543 6
68.547  0.395501  1378 4
-51.095  0.270922  3979 6
-137.093  0.240132  304 6
-11.032  0.272727  1870 6
169.092  0.155629  302 6
-344.155  0.261084  609 6
136.251  0.431429  350 6
-160.609  0.236282  1786 6
78.077  0.343609  3763 6
-229.032  0.275  160 4
-114.063  0.309179  207 6
-246.813  0.197248  218 4
92.748  0.310924  357 4
89.188  0.407674  417 6
7.968  0.247268  732 4
77.329  0.425743  707 4
-118.033  0.247396  384 6
6.126  0.244265  2354 4
3.562  0.302041  245 6
-3.97  0.281145  2689 6
36.046  0.381004  2769 6
44.031  0.383448  1450 6
-0.343  0.238112  2902 6
-315.03  0.101818  275 4
-3.53  0.29595  321 4
244.579  0.359053  2281 4
-6.251  0.247161  1849 6
3.374  0.278974  1208 4
-2.374  0.342907  1706 6
-237.782  0.289294  439 6
-11.407  0.233363  1127 6
20.266  0.222032  1171 6
3.314  0.273016  315 6
60.156  0.338931  655 4
-0.938  0.231061  264 6
-13.218  0.252361  1165 6
200.157  0.219512  287 4
140.782  0.249538  541 6
64.938  0.287805  205 4
-111.251  0.237931  870 6
45.797  0.358924  1524 6
-196.282  0.235489  603 6
73.938  0.255319  282 4
28.594  0.174061  293 6
-177.47  0.259985  1377 6
49.501  0.344513  2415 6
129.844  0.239754  488 4
298.563  0.294574  258 6
-0.875  0.229391  279 6
281.438  0.196581  234 6
3.751  0.20068  294 6
44.265  0.379478  1647 6
100.559  0.386986  292 6
-59.844  0.235592  989 4
15.065  0.0988372  172 4
2.406  0.257576  396 6
293.029  0.274313  1491 6
54.25  0.414557  316 6
-15.688  0.283898  708 6
-11.937  0.0773481  181 6
89.344  0.431335  517 6
-49.5  0.199234  261 6
-166.312  0.215686  255 6
30.469  0.424188  554 6
-388.811  0.257683  423 4
42.002  0.174528  212 6
-187.875  0.0318471  157 6
265.376  0.387795  508 6
9.813  0.0425532  141 6
-7.345  0.255887  637 6
3.25  0.331707  205 6
101.063  0.277108  249 6
104.502  0.250292  855 6
69.938  0.352291  1266 4
-0.266  0.235795  1408 6
90.313  0.233898  295 6
-6.704  0.237862  2039 6
13.376  0.294393  214 4
-46.533  0.237374  1782 6
54.811  0.365654  2073 6
14.609  0.236686  338 4
-146.217  0.253078  1462 4
147.219  0.392944  822 6
-5.751  0.278075  187 6
10.061  0.238423  1598 4
69.033  0.357262  599 4
-154.625  0.27972  143 6
-36.72  0.227331  783 6
67.001  0.3856  625 6
-23.594  0.257732  679 6
55.201  0.351984  2949 4
-29.032  0.250444  1689 6
62.329  0.280952  210 4
-93.938  0.237871  1484 6
3.876  0.229885  261 6
68.374  0.338983  590 6
56.437  0.254386  228 4
75.687  0.344985  1316 4
-99.423  0.24338  1775 6
42.858  0.34631  3211 6
132.188  0.296296  459 4
161.032  0.377358  689 6
10.437  0.366197  213 6
62.469  0.384058  276 4
0.311  0.26799  2015 6
279.313  0.227027  185 4
-12.171  0.238491  3367 6
209.094  0.301127  621 4
111.247  0.319635  219 6
-373.562  0.210526  380 6
84.874  0.312704  307 6
-272.577  0.273266  2192 6
85.186  0.451404  463 6
33.094  0.356515  1251 6
51.032  0.252535  1085 6
-5.468  0.2369  1355 6
-11.453  0.247977  1730 6
81.97  0.264775  423 6
29.72  0.356262  3082 6
-370.313  0.286517  178 4
-361.75  0.210918  403 4
56.656  0.35905  1348 6
-209.312  0.150327  153 6
13.188  0.226667  225 4
-4.812  0.2875  320 6
0.36  0.243539  2012 6
262.062  0.256334  671 4
3.5  0.100671  149 6
17.375  0.339104  982 6
13.438  0.3875  1040 6
57.062  0.345342  805 4
79.375  0.457413  317 4
-16.999  0.224826  1152 6
-123.688  0.253823  327 6
-154.657  0.371257  1670 6
-303.875  0.228717  787 6
2.718  0.209567  439 6
69.358  0.356145  716 4
217.188  0.239067  343 6
12.781  0.268966  290 4
45.438  0.392174  1150 6
152.501  0.168831  154 6
116.812  0.333333  249 6
44.501  0.381963  754 6
121.954  0.255276  995 6
7.937  0.231561  583 4
-3.375  0.320175  228 6
-9.625  0.156863  153 6
51.546  0.345397  3454 4
-360.75  0.26935  323 4
14.046  0.246347  479 4
16.921  0.281768  181 4
5.562  0.237113  194 6
-273.658  0.233818  757 4
1.375  0.215  400 6
-7.281  0.248383  773 6
-342.563  0.196532  173 6
-15.593  0.243119  654 6
-10.173  0.246552  4640 6
176.156  0.233074  901 6
-137.469  0.241445  1578 6
127.282  0.403199  1188 6
-85.157  0.261398  658 6
-101.999  0.204225  142 6
3.5  0.256684  187 6
61.498  0.368237  573 6
121.813  0.238356  365 4
-191.439  0.307116  267 6
-0.189  0.167979  381 6
260.751  0.286164  318 6
-15.579  0.23913  3542 4
-182.672  0.242727  2303 6
1.405  0.174603  252 6
250.189  0.255048  941 6
13.844  0.262626  297 4
14.563  0.22739  774 6
-161.251  0.192308  234 6
1.749  0.204802  708 6
10.438  0.24942  862 4
14.047  0.256484  347 4
41.64  0.327836  3517 6
79.187  0.431548  336 6
55.405  0.392655  1416 6
-11.252  0.240741  2106 6
-7.219  0.243364  3353 6
2.874  0.201183  169 6
151.497  0.208333  168 6
13.406  0.36036  1665 6
-6.858  0.246094  3840 6
-261.281  0.283433  501 6
257.781  0.427978  722 6
-2.811  0.252769  993 6
62.391  0.391141  1332 4
-194.375  0.250522  479 4
8.969  0.25222  3041 4
-0.515  0.258065  217 4
228.001  0.376258  497 6
21.999  0.397233  506 6
-33.062  0.227957  465 4
8.921  0.266122  1101 4
43.827  0.333676  2922 6
4.749  0.0970464  237 6
53.5  0.363109  862 6
-385.719  0.229167  240 4
-282.063  0.247475  198 6
-344.25  0.113122  221 6
2.344  0.251732  433 6
16.421  0.334437  302 4
9.125  0.255115  1564 4
65.64  0.368771  1505 4
289.22  0.225914  602 6
-18.164  0.254482  6303 6
-319.585  0.165829  199 4
-127.468  0.263128  1790 6
-289.937  0.212996  277 4
-16.063  0.24026  308 6
9.126  0.259156  2157 4
34.773  0.32648  3599 6
-6.438  0.236607  448 6
-7.414  0.256869  13867 6
255.625  0.400391  512 4
-378.405  0.215311  418 4
-10.242  0.229677  2817 6
223.609  0.36891  1724 4
43.686  0.35221  2896 6
64.312  0.409247  584 6
-18.877  0.321244  193 6
-17.936  0.213415  328 6
-94.016  0.259091  220 4
-17.125  0.236842  190 6
-15.937  0.286501  363 6
136.125  0.256374  3569 6
47.906  0.344371  604 6
92.218  0.146667  225 4
-146.969  0.294737  380 6
12.627  0.0728477  151 4
-219.063  0.141447  304 6
-10.704  0.25929  6055 6
0.14  0.248058  1802 6
12  0.256137  937 4
172.125  0.132701  211 6
-45.062  0.216216  259 4
145.718  0.267288  1287 6
2.249  0.356  250 6
-14.186  0.319527  507 6
-277.843  0.287671  292 4
65.375  0.440367  218 6
27.5  0.233333  300 6
-2.377  0.263984  1019 6
5.751  0.320856  187 6
233.47  0.32183  1246 6
67.296  0.367636  1273 4
141.639  0.251748  2288 4
-354.5  0.202765  217 4
-95.061  0.275132  189 6
7.251  0.236842  190 6
51.562  0.265781  301 4
53.156  0.271174  1346 4
-13.843  0.248022  3919 6
41.219  0.356973  2947 6
2.625  0.25  544 6
62  0.354216  2123 4
101.094  0.271357  199 4
210.187  0.235867  1026 6
-6.252  0.202847  281 6
-57.593  0.367568  185 4
88.563  0.360231  347 6
35  0.341456  3119 6
186.344  0.248974  731 6
42.376  0.365036  2534 6
3.033  0.264973  551 6
-57.657  0.196429  448 6
16.472  0.163842  177 4
3.781  0.235169  472 6
-216.938  0.239669  484 6
-31.689  0.25039  1282 6
73.188  0.164502  231 6
4.563  0.261854  2341 4
-192.249  0.242731  791 4
6.314  0.210526  190 6
14.33  0.226069  491 4
23.593  0.274172  755 6
218.155  0.253071  2035 6
-165.816  0.248988  494 6
1.623  0.230032  313 6
155.561  0.21875  384 4
-273.874  0.319797  197 4
117.563  0.191209  455 4
57.906  0.399575  941 4
310.905  0.225676  740 6
15.875  0.286853  251 4
15.954  0.0879121  182 4
50.688  0.242754  552 6
-21.657  0.258158  1379 6
117.625  0.291536  319 6
-82.439  0.241722  302 6
210.045  0.207334  709 4
134.532  0.360097  822 6
20.968  0.255639  266 4
55.031  0.418084  1117 6
68.874  0.372738  1658 4
16.124  0.260997  341 4
79.594  0.366071  672 6
-329.377  0.319149  235 6
45.578  0.37508  1557 6
68.125  0.389571  652 4
12.689  0.256489  655 4
13.813  0.265182  494 4
7.748  0.25  1012 4
-326.25  0.247405  1156 6
-217.938  0.271914  559 6
35.39  0.357114  2509 6
10.624  0.209581  167 6
-330.25  0.214539  564 4
122.374  0.231441  229 6
244.999  0.213636  440 4
60.626  0.235808  229 6
218.688  0.257463  536 6
-79.125  0.353591  181 4
-38.72  0.247706  981 6
-124.249  0.264454  934 6
1.125  0.321244  193 6
44.03  0.351906  682 6
-51.499  0.233892  1552 6
-39.782  0.271462  431 6
78.314  0.320513  312 4
-378.219  0.25  1584 6
11.58  0.246994  1996 4
48.252  0.415771  279 6
0.812  0.238095  147 6
1.642  0.260523  1758 4
5.499  0.262712  236 6
43.095  0.416789  679 6
19.344  0.251314  951 4
52.564  0.380565  1842 4
290.157  0.225806  279 4
64.25  0.361702  893 6
3.343  0.216146  384 6
13.063  0.292308  520 4
-278.062  0.252101  476 6
70.311  0.244533  503 6
-241.141  0.269822  845 4
57.531  0.420668  958 6
74.749  0.157658  222 4
-244.532  0.262712  1062 6
14.704  0.216561  314 4
12.248  0.233533  167 4
-55.626  0.168675  166 6
263.219  0.375929  673 6
107.375  0.234375  192 6
-21.374  0.258598  1512 6
-5.156  0.253525  3546 6
57.72  0.364557  395 6
293.063  0.213656  454 4
-0.156  0.258907  842 6
-188.985  0.269231  1794 6
127.749  0.318542  631 4
-0.936  0.132353  204 6
-4.593  0.232323  1386 4
-14.062  0.0331754  211 6
-12.969  0.228571  420 6
-313.766  0.231552  786 4
202.126  0.413043  506 6
-7.906  0.264309  1555 6
14.498  0.213198  197 4
-1  0.0888889  180 6
1.125  0.242382  722 6
10.75  0.22335  197 4
2.127  0.316583  199 6
104.624  0.0872093  172 6
-200.124  0.298507  335 4
-201.56  0.253623  276 6
-0.436  0.218519  270 6
-53.282  0.2652  1727 6
45.828  0.349216  3316 6
85.844  0.278107  338 4
238.626  0.268226  1454 6
-246.016  0.264241  632 4
12.716  0.267148  554 4
58.342  0.411683  719 6
266.092  0  16383 6
38.658  0.34098  1918 6
-7.032  0.26038  3107 6
12.004  0.239829  467 4
-229.11  0.265774  2092 4
58.28  0.373077  1820 4
-12.844  0.241647  1287 6
-164.314  0.273084  509 4
4.156  0.251244  2814 4
3.312  0.0588235  238 6
56.468  0.356665  2843 4
-5.876  0.235223  829 6
-355.782  0.25  288 4
-6.624  0.287387  2220 6
-34  0.234783  460 6
-16.75  0.286267  517 6
-235.282  0.208155  466 6
-152.124  0.10219  137 6
219.124  0.247326  748 6
13.06  0.239394  330 6
-11.624  0.242818  1462 6
169.312  0.240132  304 4
224.158  0.413588  839 6
87.25  0.413882  389 4
53.564  0.369992  1273 6
59.812  0.390291  1030 6
158.922  0.244919  1919 4
143.312  0.261628  516 6
57.314  0.373707  1643 6
-11.624  0.198686  609 6
45.876  0.462585  294 6
64.124  0.342711  782 6
66.812  0.233766  462 4
-33.562  0.225806  341 6
40.72  0.367968  2791 6
121.844  0.250608  411 6
-291.628  0.237624  202 6
57.778  0.362167  1237 6
3.22  0.188525  244 6
99  0.370572  367 6
61.452  0.348409  1194 4
57.814  0.451282  585 6
311.656  0.221719  442 4
232.718  0.171687  332 6
0.188  0.209378  917 4
29.108  0.242888  1828 4
-13.438  0.244318  352 6
15.08  0.235589  399 4
-323.594  0.24839  3261 4
34.126  0.266667  330 6
245.064  0.470405  321 6
-28.498  0.219388  196 6
12.75  0.194313  211 4
-11.876  0.256158  203 6
-375.844  0.241058  643 6
-318.11  0.262108  1404 4
-371.312  0.153409  176 6
4.936  0.241573  534 6
13.282  0.25  304 4
57.092  0.378238  1544 4
82.972  0.373134  536 4
79.046  0.319963  1072 4
12.94  0.246246  333 4
-120.156  0.247059  510 4
56.862  0.358857  1750 4
58.784  0.418919  518 4
44.594  0.333768  767 6
-11.704  0.266355  1498 6
77.328  0.219398  1928 6
13.642  0.244681  940 4
-202.344  0.199336  301 4
-356.532  0.219512  164 4
-7.718  0.209272  755 6
172.436  0.368085  470 4
75.72  0.249162  1790 4
-132.376  0.248942  1181 6
92.592  0.252485  2012 6
82.438  0.380322  1057 4
49.72  0.39501  962 6
-346.564  0.226087  460 6
-0.624  0.326087  276 6
151.376  0.261324  287 6
3.748  0.271505  372 6
-4.532  0.238889  720 6
14.298  0.242291  454 4
0.47  0.223423  1110 6
1.75  0.238606  373 6
-1.626  0.162162  148 6
55.312  0.334243  733 6
42.97  0.227799  518 4
5.376  0.227273  176 6
-208.186  0.21466  382 4
-61.688  0.204225  284 6
217.998  0.219796  687 6
41.124  0.182927  328 6
99.626  0.385475  179 6
65.846  0.380711  788 6
50.578  0.353631  3071 4
53.344  0.317073  1025 6
-226.564  0.257951  283 4
10.128  0.250631  3168 4
3.998  0.308571  175 6
78.876  0.256563  3695 4
51.498  0.353473  1771 6
242.688  0.254054  555 4
47.06  0.340373  2415 6
-3.75  0.236097  953 6
248.5  0.368308  1868 6
61.31  0.372709  982 4
38.094  0.372529  2934 6
2.564  0.174825  286 6
3.124  0.252708  277 6
-12.06  0.212815  437 6
58.814  0.308562  619 6
28.188  0.252459  1220 6
87.874  0.242284  648 6
60.656  0.38884  1129 6
88.186  0.432665  349 6
-2.75  0.15493  142 6
48.172  0.357195  2724 6
216.452  0.254215  1542 6
207.16  0.395979  1144 6
-166  0.22541  244 4
118.75  0.24812  266 6
-254.47  0.192157  255 4
-214.53  0.240972  1440 4
43.468  0.357317  820 6
2.344  0.310891  505 6
-238.984  0.267845  1527 6
9.252  0.163265  147 6
-106.5  0.238361  1074 4
-5.592  0.263838  542 6
63.016  0.347826  1288 4
-252.404  0.207497  747 6
-262.282  0.249351  385 6
1.876  0.393939  297 6
42.22  0.340146  685 6
52.874  0.353941  3235 4
13.344  0.21608  199 4
2.812  0.2393  514 6
-389.5  0.20155  387 6
-272.314  0.228412  359 6
-13.5  0.139896  193 6
60.47  0.364771  721 4
-1.712  0.255676  13302 6
-303.564  0.261364  352 6
99.53  0.204433  406 6
-73.156  0.184106  755 6
3.372  0.245823  419 6
4.812  0.329787  188 6
-8.97  0.254563  6356 6
95.452  0.229406  959 6
210.972  0.371383  1244 4
3.314  0.146245  253 6
14.53  0.242647  544 4
42.502  0.333996  503 6
43.31  0.204301  186 6
-321.408  0.274038  416 6
76.936  0.373984  984 4
85.028  0.249763  1057 6
-375.406  0.231579  380 6
-342.032  0.260638  376 4
228.5  0.114094  149 6
-9.562  0.235092  872 6
36.686  0.186667  225 4
-99.188  0.319756  491 6
-181.748  0.244385  1113 6
79.656  0.234568  648 6
-285  0.164794  267 6
22.062  0.394656  1310 6
-198.812  0.31016  187 4
12.812  0.172973  185 4
11.5  0.307107  394 4
2.56  0.243902  369 6
60.266  0.242052  1793 6
16.672  0.279693  261 4
-12.156  0.225379  528 6
76.484  0.176678  283 4
0.592  0.392512  1656 6
-337.828  0.252913  2060 6
-381.03  0.283451  568 6
64.846  0.351332  1426 4
-86.25  0.359848  264 6
-8.366  0.231477  2065 6
60.282  0.331952  2654 4
-201.392  0.260088  2057 4
180.502  0.406383  470 6
-236.594  0.240856  1121 6
0.624  0.274775  444 6
10.47  0.246479  426 4
-2.782  0.293629  361 6
-5.656  0.270469  1087 6
64.156  0.370703  669 6
-5.372  0.284585  253 6
31.968  0.358269  2219 6
-37.312  0.26556  241 6
57.626  0.336  2375 4
-171.468  0.226337  243 4
-6.062  0.260942  3587 6
-26.002  0.27907  215 6
-368.156  0.22449  490 6
48.34  0.310881  193 4
-189  0.25431  232 6
42.22  0.370741  1996 6
14.062  0.277883  529 4
280.936  0.183381  349 6
3.872  0.268775  253 6
6.436  0.195122  205 6
-303.06  0.255725  262 6
-15.956  0.248498  3662 6
-10.188  0.212871  606 6
97.498  0.239564  551 6
41.562  0.262846  1012 4
-389.78  0.0434783  161 4
2.404  0.239437  426 6
-1.642  0.267708  11139 6
-258.998  0.220217  277 4
68.5  0.272727  176 6
-0.688  0.264631  393 6
-7.374  0.274038  208 6
14.278  0.272727  264 4
-300.406  0.275604  1201 6
3.998  0.251852  270 6
-307.81  0.223975  1268 6
15.702  0.232394  284 4
88.376  0.421245  273 6
61.188  0.351145  262 6
58.874  0.374702  838 6
154.936  0.396527  691 4
-288.78  0.217105  456 4
-310.876  0.195876  291 4
52.596  0.39521  501 4
-119.876  0.216667  240 4
11.28  0.258252  515 4
53.316  0.364945  2710 4
-205.316  0.244776  335 4
13.094  0.324405  336 4
-7.626  0.25  1224 6
2.688  0.204461  269 6
3.5  0.207792  231 6
-2.124  0.282828  297 6
16.032  0.175862  290 4
274.624  0.393939  759 6
-1.718  0.224096  415 6
9.468  0.255645  1240 4
8.75  0.261146  157 6
-214.22  0.24961  1923 6
-36.406  0.20935  492 4
-92.78  0.262004  1687 4
2.094  0.280269  446 6
-273.562  0.266467  334 6
142.968  0.288835  412 6
-326.75  0.218447  206 6
162.858  0.246862  239 4
50.78  0.377219  1352 6
47.126  0.386473  207 6
59.22  0.415677  842 6
91.362  0.39627  429 4
3.752  0.273292  161 6
-217.502  0.184713  157 6
272.436  0.261628  172 6
-396.532  0.132867  143 4
69.298  0.39603  1058 4
-317.124  0.241113  647 6
9.636  0.256615  3137 4
152.61  0.360384  1146 4
-207.812  0.266938  738 6
45.156  0.275074  1356 6
-15.312  0.171717  198 6
62.656  0.38676  287 4
-160.248  0.246006  313 6
-177.284  0.251753  1569 4
1.782  0.250251  995 6
11.218  0.247278  643 4
-218.968  0.257349  1939 6
99.952  0.28125  224 4
208.188  0.294872  390 6
-377.67  0.256574  1407 6
-210.172  0.248184  1652 4
1.064  0.278107  338 4
-353.016  0.233496  818 6
61.624  0.391784  998 6
63.686  0.390135  446 6
2.936  0.255754  391 6
60.172  0.344177  2490 4
-4.75  0.303483  201 6
-41  0.221239  339 6
14.002  0.212806  531 4
57.75  0.345475  1757 4
6.624  0.262745  255 4
26.654  0.253247  770 4
50.874  0.260797  602 6
25.78  0.176119  335 6
180.734  0.24075  1919 6
-244.312  0.225296  253 6
-26.564  0.257373  373 6
43.906  0.335744  2904 6
-97.158  0.18125  320 6
27.204  0.204444  225 4
-187.032  0.264539  1943 6
16.578  0.0727273  165 4
-5.39  0.240829  1881 6
50  0.356599  1576 6
11.064  0.244589  462 4
-377.156  0.278704  1080 6
148.734  0.264929  1189 6
0.532  0.233108  592 6
56.312  0.342657  429 6
99.218  0.253629  3927 4
0.686  0.230068  439 6
106.064  0.315589  263 4
-5.998  0.262617  1070 6
70.654  0.367466  1377 4
-16.344  0.271556  1009 6
38.438  0.373272  1085 6
86.314  0.372263  274 4
48.748  0.369091  550 6
41.64  0.34342  1421 6
10.062  0.244094  254 4
-139.374  0.126761  142 6
-346.188  0.115556  225 6
70.502  0.195918  245 6
141.436  0.0188679  212 4
-10.544  0.286022  1395 6
199.188  0.00573765  16383 6
-308.064  0.196787  249 6
-286.5  0.321608  199 6
208.128  0.258537  820 4
46.514  0.377398  1929 6
127.626  0.231016  935 4
-3.47  0.248918  462 4
50.344  0.259317  644 6
32.64  0.367339  2480 6
2.94  0.338415  328 6
-11.31  0.259459  185 6
13.312  0.262452  522 6
-340.516  0.240252  1590 4
12.472  0.307927  328 4
1.814  0.20332  482 6
46.264  0.364392  1685 6
65.626  0.336679  1096 4
-269.782  0.263191  1592 6
2.468  0.257143  560 6
57.218  0.357625  741 6
40.5  0.263383  467 6
60.954  0.353383  1596 4
-248.22  0.158854  384 6
4.704  0.267208  2339 4
297.766  0.255442  6432 6
-311.186  0.27957  186 6
55.298  0.350644  2484 4
19.924  0.235294  272 4
55.672  0.431925  426 4
47.406  0.363591  2005 6
9.718  0.25361  2701 4
30.188  0.283019  212 6
-1.284  0.179153  307 6
-240.438  0.276498  217 4
52.658  0.393328  1289 6
30.424  0.354102  1926 6
-0.75  0.250746  335 6
51.532  0.380058  1384 6
-1  0.253456  217 6
-280.154  0.172324  383 4
-290.78  0.198675  151 4
-67.268  0.204724  254 4
190.218  0.281746  504 4
50.5  0.318325  3820 4
246.252  0.211524  1319 6
12.5  0.19084  262 4
-241.812  0.247587  1761 4
1.562  0.247297  740 6
206.564  0.307116  267 6
-168.344  0.260994  2797 4
1.75  0.289362  235 6
70.372  0.362664  1216 4
176.002  0.448584  671 4
17.468  0.228188  149 6
305.188  0.184971  173 6
0.564  0.235756  509 6
-93.75  0.261605  2779 4
64.298  0.385965  1311 4
297.624  0.371728  191 4
58.546  0.376039  1444 4
109.874  0.100529  189 6
41.562  0.25483  1087 6
-373.062  0.219731  669 4
-9.188  0.240196  1428 6
39.924  0.371685  2225 6
1.216  0.176471  442 6
-7.282  0.250577  866 6
1.092  0.286245  807 6
89.874  0.353383  399 4
-3.844  0.216667  480 6
-2.502  0.218225  417 6
2.562  0.25  308 6
229.844  0.253205  312 4
169.094  0.365759  1028 6
56.326  0.248356  1977 4
-4.938  0.257467  3884 6
118.188  0.395297  893 6
11.78  0.237785  307 4
-11.938  0.264309  2149 6
-16.39  0.227848  1659 6
-340.734  0.24177  972 4
-42.436  0.276042  384 6
43.844  0.349345  1603 6
46.516  0.394863  2297 6
62.124  0.37581  926 4
3.314  0.254682  267 6
301.688  0.235739  1455 4
56.936  0.345968  1240 4
158.486  0.230769  1157 4
9.28  0.266553  2341 4
19.108  0.281746  252 4
-260.284  0.261248  2756 6
-189.564  0.232026  306 6
13  0.165657  495 4
172.22  0.234172  1311 6
-350.906  0.275393  955 6
89.128  0.382275  756 4
43.656  0.362562  2201 6
176.814  0.416393  305 6
-3.872  0.176471  170 6
-257.752  0.251641  457 6
4.752  0.269592  319 6
171.018  0.259601  651 4
-374.656  0.253507  5061 6
-25.374  0.0740741  135 6
10.344  0.251094  1828 4
13.436  0.3  270 4
198.876  0.257143  175 6
-67.842  0.243103  1160 4
73.5  0.327801  241 4
82.844  0.258096  1019 6
-392.94  0.2  280 4
-161.628  0.287736  212 6
-136  0.251055  948 6
-16.624  0.288  625 6
-271.498  0.236045  627 6
17.03  0.220994  181 4
-315.126  0.2583  1506 6
-6.626  0.254618  5522 6
-26.968  0.217742  868 6
13.814  0.188571  175 4
-45.5  0.0197766  16383 6
-42.938  0.232044  362 6
45.11  0.332001  3003 6
-2.374  0.170833  240 6
13.514  0.163324  349 4
219.188  0.376623  231 6
12.764  0.226506  830 4
-34.688  0.353909  243 6
-5.784  0.217768  923 6
10.314  0.335227  352 4
-34.344  0.251135  661 6
52.592  0.426329  828 6
201.938  0.277457  519 6
163.842  0.378698  338 4
-9.032  0.256657  1765 6
-199.158  0.285  800 4
7.062  0.347561  164 6
61.124  0.423792  269 4
13.94  0.194444  144 6
158.408  0.240964  1162 6
-111.22  0.246902  1049 4
-222.748  0.162544  283 4
12.876  0.205405  185 4
-286.844  0.119149  235 6
63.564  0.358294  1055 6
48.876  0.354111  754 6
10.546  0.25697  2475 4
-3.688  0.244949  396 6
57.342  0.384384  999 6
67.108  0.362162  925 4
-224.752  0.254574  1257 6
-2.25  0.274691  324 6
117.72  0.261097  8020 4
-70  0.354978  231 6
-3.874  0.25  228 6
12.216  0.271523  302 4
-160.28  0.265027  1098 6
-44.374  0.240541  740 4
-2.78  0.283713  571 6
-331.376  0.272727  231 6
3.564  0.210863  313 6
1.592  0.272857  700 6
-1.064  0.262357  526 6
166.686  0.260116  173 6
-11.28  0.249431  3075 6
-121.28  0.272727  1782 6
-1.47  0.248303  1031 6
199.766  0.240876  822 4
115.628  0.267135  569 6
2.312  0.244519  593 4
109.032  0.286004  493 6
-9.53  0.252717  368 6
79.748  0.372642  636 4
-371.688  0.26009  223 6
132.384  0.376443  1299 4
-2.842  0.271751  931 6
45.126  0.256738  705 4
-324.908  0.274052  686 6
49.172  0.376703  1468 6
-1.94  0.251753  1426 4
219.248  0.125  224 6
-17.576  0.262754  2215 6
9.5  0.3125  224 6
80.28  0.397368  760 6
-9.748  0.262032  935 6
19.062  0.328358  335 4
-4.968  0.264338  6957 6
204.908  0.240401  599 4
-79.752  0.195021  241 6
6.06  0.316583  199 6
235.2  0.201681  476 4
66.218  0.39878  820 6
68.188  0.406746  504 6
57.936  0.360794  2015 4
-364.188  0.284585  253 6
239.768  0.425455  275 4
63.344  0.333799  716 4
272.748  0.23968  751 6
2.502  0.254697  479 6
17.374  0.231527  203 4
-282  0.226667  150 6
-5.17  0.36646  2254 6
5.656  0.364979  474 6
-169.75  0.25  208 6
190.656  0.226562  256 4
-323.936  0.227092  251 6
56.718  0.330496  705 6
65.576  0.382017  2013 4
9.06  0.251014  1972 4
8.376  0.279006  2939 4
-24.5  0.274616  1107 6
-333.092  0.263003  2038 4
162.064  0.354054  370 6
-277.998  0.172414  203 6
163.936  0.406632  573 6
218.312  0.246753  231 6
181.438  0.246875  320 6
-12.936  0.271635  416 6
-320.436  0.264188  1022 4
38.842  0.349156  2191 6
2.124  0.304  250 6
-141.876  0.118421  152 4
-22.374  0.231156  199 6
-56.312  0.261628  172 6
139.908  0.251111  900 4
-10.124  0.22619  252 4
204.436  0.392256  594 6
-115.876  0.419167  1033 4
23.078  0.369318  1056 6
72.562  0.376078  928 4
69.468  0.374247  1328 4
-10.462  0.248632  2924 6
-51.234  0.235806  2413 4
108.532  0.229377  1879 6
-66.592  0.218555  1121 6
177.376  0.283737  289 6
45.25  0.365631  547 6
67.498  0.391931  694 4
76.376  0.4  395 6
48.296  0.344787  2532 6
3.372  0.180147  272 6
17.316  0.247273  275 4
-21.25  0.242553  235 6
-203.812  0.292308  195 4
98.468  0.216446  1058 4
-8.232  0.232865  1211 6
57.936  0.38027  1186 6
-3.624  0.219585  337 6
47.72  0.375536  932 6
-211.186  0.178161  174 6
-15.064  0.255383  3994 6
13.438  0.26947  642 4
306.874  0.347271  861 4
-169.874  0.294521  146 4
-382.626  0.30363  303 6
60.06  0.355322  667 6
49.906  0.378671  647 6
54.812  0.380035  1142 6
-5.812  0.282548  361 6
53.404  0.384848  1320 6
70.596  0.4  325 4
317.28  0.246377  897 6
-174.83  0.201299  308 4
13.032  0.20614  228 4
313.188  0.309859  213 4
-4.156  0.208038  423 6
54.844  0.34885  1783 6
51.236  0.362191  1698 6
57.094  0.378621  1001 4
-244.69  0.228856  201 6
37.498  0.220588  340 6
61.748  0.412727  550 4
58.936  0.448905  274 6
-33.876  0.276978  278 6
-0.78  0.208068  471 4
8.544  0.236551  1357 4
13.688  0.26151  543 4
303.032  0.237337  691 6
-348.406  0.269076  747 4
-135.936  0.256614  1134 6
0.44  0.299859  707 6
16.702  0.263736  455 4
-309.186  0.242331  326 4
-51.564  0.278008  241 6
-13.628  0.25043  1162 6
184.718  0.371084  830 6
54.234  0.363517  1524 4
39.22  0.41001  1039 6
297.86  0.243836  365 4
39.744  0.343994  3721 6
-90.312  0.246094  256 4
53.096  0.388088  1595 6
5.624  0.345566  327 6
55.906  0.299652  574 6
-100.376  0.235908  479 6
1.564  0.271505  372 6
-6.096  0.223622  635 6
-339.654  0.286765  680 4
15.438  0.284404  218 4
124.688  0.275591  127 6
1.468  0.221532  483 6
-96.686  0.235602  191 4
-391.782  0.256881  1199 4
273.874  0.406797  971 6
-81.048  0.263772  2487 4
-29.684  0.131737  167 6
13.782  0.190722  194 4
146.874  0.411903  1277 4
-204.408  0.23869  641 4
-17.5  0.26795  5557 6
-151.22  0.272587  1948 6
41.062  0.264535  344 6
5.438  0.236364  1155 4
203.002  0.234637  179 6
3.626  0.270742  229 6
15.922  0.239544  263 4
14.342  0.247706  545 4
148.78  0.376368  914 6
-8.936  0.259143  5715 6
53.626  0.370968  558 6
100.062  0.418605  301 4
-258.628  0.250689  363 6
49.75  0.358744  446 6
-2.984  0.249682  1574 6
76.686  0.440079  509 6
4.814  0.221675  203 6
-89.11  0.256247  3602 4
-66.75  0.177632  304 6
187.83  0.360931  1546 6
74.688  0.36044  455 6
-157.064  0.257143  1750 4
-2.752  0.210938  256 6
-313.75  0.179012  162 6
56.548  0.371849  1904 4
109.312  0.180371  377 4
-2.376  0.184953  319 6
58.16  0.392782  1912 4
173.376  0.377101  952 4
-389.718  0.260536  783 6
156.06  0.2487  2308 6
22.812  0.349206  441 6
-242  0.144578  166 4
-5.468  0.189076  476 6
49.124  0.37987  308 6
-82.906  0.250394  635 6
187.438  0.262222  1350 4
2.06  0.233068  502 6
38.624  0.334187  2732 6
-190.312  0.20944  339 4
-21.126  0.226332  1595 6
-104.81  0.267582  3640 4
15.546  0.210909  275 4
40.14  0.346787  1883 6
56.094  0.441527  838 6
-2.156  0.288577  499 6
-11.908  0.251597  3601 6
-226.31  0.143836  146 4
13.142  0.224449  499 4
58.126  0.386473  1242 4
10.656  0.259388  1438 4
1.844  0.240909  660 6
3.564  0.256705  522 6
106.436  0.18543  151 4
283.656  0.277397  1460 6
44.938  0.386968  752 6
48.406  0.355593  1797 6
64.25  0.336658  401 6
74.972  0.386486  740 4
38.062  0.362333  2092 6
72.36  0.370138  797 4
0.908  0.258956  977 6
51.548  0.359041  2710 4
-5.782  0.234828  758 6
59.764  0.335433  2540 4
73.404  0.42069  435 4
155.75  0.21663  457 4
64.108  0.398848  1389 4
110.94  0.327511  229 6
-380.092  0.280645  310 4
294.204  0.336997  4003 4
43.81  0.341667  2760 6
-314.232  0.221959  1266 6
86.376  0.386921  367 6
-316.408  0.309955  442 4
28.502  0.241713  724 4
277.562  0.048  125 4
108.718  0.390244  2173 6
-13.532  0.26123  2048 6
-86.314  0.211982  217 6
140.344  0.391608  858 6
-87.938  0.339286  336 6
-31.328  0.262409  2740 4
113.124  0.270642  218 6
-365.452  0.23338  1444 4
-158.81  0.164103  195 6
-199.626  0.17037  135 6
-334.436  0.245684  2259 6
68.188  0.386427  722 4
-172.406  0.209877  243 4
290.5  0.245413  436 6
-205.968  0.233738  1399 4
241.874  0.236791  511 6
5.498  0.256454  581 6
44.592  0.391631  2127 6
284.592  0.268908  833 6
-299.628  0.282413  779 6
-346.876  0.269767  215 6
145.296  0.244181  2105 6
-219.156  0.120879  273 4
-111.812  0.312821  390 4
-114.064  0.2845  1529 6
-24.156  0.272446  646 6
-326.374  0.0985915  142 4
-10.702  0.261594  2760 6
109.686  0.207018  285 6
-2.064  0.292169  332 6
43.814  0.377762  1403 6
-1.188  0.226496  234 6
-67.314  0.254153  1204 4
59.562  0.396341  328 4
14.936  0.254587  436 4
-366.624  0.26258  1729 4
-36.75  0.315574  244 6
0.342  0.223404  470 6
-114.362  0.134225  16383 6
57.844  0.370937  1046 6
15.172  0.273869  398 4
-7.076  0.263335  2381 6
52.328  0.354713  1029 4
-256.032  0.250146  1715 4
3.75  0.106195  226 6
-3.782  0.245959  1423 6
-212.236  0.11336  247 4
73.562  0.34058  276 6
46.904  0.355166  2168 6
35.984  0.338666  2563 6
71.11  0.368732  339 4
-17.202  0.249048  2100 4
3.344  0.240392  1223 6
181.498  0.324324  259 6
201.938  0.301486  471 6
-10.516  0.253197  2346 6
-30.844  0.377165  1559 6
-384.968  0.208333  696 6
50.314  0.404537  529 6
59.28  0.375635  394 6
-14.124  0.190871  482 6
4.092  0.256917  506 6
241.25  0.390863  197 6
-371.314  0.243243  962 4
60.782  0.354033  1401 6
155.576  0.336259  2165 6
-203.218  0.232039  1030 6
136.282  0.257015  2673 6
-6.906  0.243031  3444 6
82.28  0.183857  223 4
-316.186  0.0871795  195 4
-389.374  0.262887  194 4
1.876  0.214067  654 6
81.594  0.236593  317 6
67.656  0.381679  524 4
40.642  0.352838  3435 6
57.75  0.275943  424 6
9.718  0.230258  1355 4
0.656  0.297218  683 6
47.672  0.341392  3433 4
-15.14  0.241379  1450 6
-202.594  0.291918  829 6
66.56  0.370514  1031 4
33.25  0.170103  194 4
2.782  0.192635  353 6
43.752  0.347909  526 6
-10.472  0  16383 6
51.814  0.354149  1169 6
175.112  0.253521  2343 6
27.124  0.165644  163 6
85.468  0.205742  209 4
-371.596  0.250535  467 6
13.064  0.247655  533 4
-23.188  0.277358  530 4
65.766  0.375991  883 4
37.594  0.387137  793 6
3.624  0.243542  271 6
310.218  0.272727  550 6
20.844  0.146853  143 4
151.002  0.392074  1186 6
159.282  0.382075  848 4
-12.75  0.264151  265 6
-7.936  0.244755  286 6
3.376  0.188571  175 4
34.53  0.348374  953 6
-113.954  0.275862  348 4
1.124  0.133641  217 4
52.546  0.330757  1941 4
58.796  0.35091  2693 4
-78.312  0.232283  254 6
-17.876  0.318408  201 6
-1.874  0.254908  3209 6
-335.108  0.252364  2750 6
127.688  0.426065  399 6
-33.628  0.408228  316 6
-78.312  0.20283  212 4
-0.658  0.259779  997 6
-154.5  0.222222  945 6
-24.986  0.254373  2001 6
10.502  0.155172  290 6
238.376  0.345603  1467 6
42.404  0.356932  2034 6
267.844  0.246459  706 4
2.468  0.279412  544 6
54.796  0.343331  1567 6
94.248  0.365854  369 6
12.064  0.171171  222 4
1.53  0.238547  633 6
65.862  0.222539  701 4
-2.748  0.162218  487 6
66.782  0.25974  462 6
-3.406  0.224036  674 6
-7.624  0.249727  6419 6
13.47  0.284574  376 4
158.564  0.292702  1288 4
-125.75  0.205674  423 6
261.312  0.190661  257 6
-141.312  0.256633  2186 6
62.688  0.33635  663 6
-35.844  0.269175  691 6
-6.406  0.291855  442 6
63.564  0.386606  657 6
-3.376  0.262032  187 6
-318.216  0.228275  771 4
20.014  0.207933  832 4
-19.44  0.29321  324 6
-3.188  0.115578  199 6
4.188  0.278689  183 6
9.564  0.252085  1559 4
46.94  0.336077  2065 6
2.032  0.203747  427 6
60.22  0.4  945 6
-8.28  0.258189  519 6
67.936  0.18705  278 4
-19.874  0.241877  277 6
246.47  0.217778  225 4
-54.376  0.214286  196 4
-38.188  0.24881  840 4
173.688  0.229533  1307 6
-242.75  0.181818  143 4
-89.686  0.314607  267 6
-114.844  0.269263  1181 4
11.94  0.189944  179 6
-324.064  0.169935  153 4
0.53  0.237327  434 6
-3.408  0.302387  377 6
-7.592  0.215714  700 6
-0.248  0.358974  156 6
-116.968  0.167742  620 6
19.186  0.00473934  211 4
-92.97  0.280837  908 6
52.062  0.246914  405 6
-19.656  0.270016  637 6
-232.968  0.259053  359 6
62.314  0.364348  1150 4
2  0.245455  330 6
58.78  0.382868  1541 4
170.908  0.395516  1115 4
66.874  0.27082  3194 6
-12.596  0.399254  804 6
-264.252  0.267684  1442 4
-10  0.226437  870 6
-16.532  0.196347  438 6
30.874  0.235006  817 6
239.69  0.365195  1925 6
8.342  0.265226  1018 4
56.518  0.365969  1481 4
65.516  0.397993  897 4
-60.312  0.281768  543 6
5.124  0.0740741  135 6
5.252  0.28839  267 6
-309.124  0.199115  226 6
166.156  0.449686  636 4
-31.124  0.0432099  162 6
-4.406  0.304147  434 6
-6.056  0.259419  3477 6
-8.094  0  16383 6
-9.344  0.256934  685 6
-7.5  0.246649  373 6
-364.564  0.234043  235 4
-234.25  0.232673  202 4
-281  0.187135  171 6
-48.908  0.222701  696 4
-7.204  0.26699  1030 6
-150.904  0.254673  1284 6
-80.25  0.266033  1684 6
212.752  0.294393  214 6
-366  0.283906  553 6
-4.252  0.242347  784 6
14.718  0.277674  533 4
59.436  0.431298  262 6
16.282  0.127517  149 4
255.502  0.213904  187 6
-0.656  0.155797  276 6
226.502  0.256894  2865 4
-9.906  0.225286  1487 6
-285.372  0.24581  358 4
-309.624  0.162921  178 4
-168.076  0.203579  447 4
-333.906  0.239153  945 6
-154.188  0.160164  487 4
278.564  0.375587  213 4
7.936  0.234513  226 6
-8.062  0.210956  858 6
73.032  0.368217  258 4
209.374  0.283333  240 6
-151.75  0.158076  291 6
-14.25  0.217069  539 6
-7.812  0.265922  895 6
0.968  0.261017  590 6
173.516  0.279018  448 4
-183.904  0.252101  595 4
50.876  0.405229  612 6
4  0.165975  241 6
70.564  0.276515  264 6
70.284  0.338513  901 4
-8.016  0.233461  1572 6
14.844  0.193353  331 4
-312.062  0.202853  631 6
7.374  0.152672  131 6
77.032  0.406417  748 6
30.406  0.374223  3057 6
-184.812  0.208633  417 6
115.718  0.372289  1660 6
61.28  0.359873  628 6
-35.612  0  16383 6
7.312  0.216374  171 6
210.158  0.253159  2374 4
51.688  0.34413  494 6
57.968  0.285714  588 4
-2.97  0.179584  529 6
-196.658  0.277683  587 6
-17.342  0.273187  4744 6
191.28  0.379259  675 6
112.03  0.264293  1854 6
64.236  0.366269  587 4
10.812  0.20603  199 4
-64.952  0.240265  1207 6
-329.002  0.236749  566 6
42.22  0.335356  3131 6
-25  0.233645  321 6
-49.248  0.261735  4218 6
14.376  0.287234  282 4
-252.062  0.1875  144 6
28.936  0.297436  390 4
299.408  0.374753  507 6
-286.968  0.267913  642 6
-187.764  0.341028  4029 4
-0.876  0.268199  261 6
71.812  0.180812  271 4
-13.124  0.241758  182 6
-59.314  0.0603015  199 6
-13.656  0.247653  852 6
65.346  0.379203  1606 4
12.876  0.235897  195 4
-6.592  0.25101  1733 6
93.78  0.296167  574 6
15.892  0.179487  234 4
-242.376  0.305389  167 6
13.874  0.18797  133 4
50.904  0.328358  2546 6
11.406  0.256461  503 4
10.656  0.250383  1957 4
62.892  0.314933  2029 4
61.562  0.350842  2494 4
-8.062  0.251244  7033 6
-40.56  0.236674  469 4
2.876  0.204762  210 6
-296.188  0.224974  969 6
222.032  0.26468  1141 6
-136.126  0.194805  231 6
-15.404  0.271084  6806 6
12.594  0.264192  2748 4
14.72  0.243077  325 4
37.828  0.373626  2184 6
-65.408  0.198661  448 4
33.53  0.379902  816 6
-4  0.233945  218 6
54.81  0.36645  614 6
-149.844  0.245092  1579 6
12.938  0.291105  371 4
-1.406  0.254209  594 6
204  0.368696  575 4
164.628  0.360544  588 6
70.312  0.41164  945 4
60.75  0.37037  405 6
-239.376  0  147 6
10.064  0.240028  1454 4
4.188  0.235897  195 6
-288.002  0.30137  219 6
-2.654  0.279736  454 6
1.188  0.26303  825 6
-350.688  0.218579  183 4
76.624  0.442177  294 6
40.468  0.351555  3055 6
-249.126  0.273973  292 6
6.872  0.255144  243 6
67.562  0.427822  762 6
0.654  0.256032  746 6
12.298  0.274905  793 4
200.312  0.39314  379 6
72.5  0.376302  768 6
19.452  0.125714  175 4
-303.844  0.233407  904 4
-9.376  0.243455  764 6
3.062  0.31746  378 6
-165.704  0.265672  1675 6
-131.562  0.244681  376 4
-253.938  0.247292  554 6
-185.764  0.259494  2686 6
-86.968  0.183673  147 4
-371.936  0.303538  537 4
17.22  0.323129  294 4
-4.186  0.235056  2225 6
-1.374  0.248796  1246 6
-5.438  0.124  250 6
10.376  0.239837  246 6
-275.124  0.263822  6186 4
-217.78  0.209895  667 6
10.126  0.340164  244 4
-355.75  0.225  240 6
144.908  0.435484  310 4
44.064  0.323718  312 6
-289.188  0.293785  177 4
38.782  0.3632  1875 6
-332.5  0.247268  732 6
144.376  0.394402  393 6
-37.872  0.267016  382 6
52.874  0.0514706  136 6
106.5  0.388514  296 4
202.936  0.158621  145 6
-294.752  0.156379  243 6
67.172  0.379388  883 4
-31.81  0.262755  392 6
13.31  0.234483  290 4
86.782  0.365177  649 4
-6.5  0.260204  196 6
317  0.247632  3695 4
7.624  0.204678  171 6
34.812  0.283871  155 6
210.656  0.259259  864 6
-59.628  0.30854  363 6
-112.876  0.302632  228 6
141  0.29653  317 6
-8.184  0.262865  1438 4
-70.44  0.293578  218 6
2.064  0.265306  539 6
62  0.339861  1583 4
-347.248  0.26776  183 4
-18.592  0.240815  2259 6
15.172  0.319372  382 4
-2.56  0.25  508 6
-83.592  0.288577  499 4
55.936  0.376812  414 6
13.656  0.253239  849 4
56.408  0.359629  862 6
-40.408  0.255137  584 6
10.404  0.246489  2706 4
226.656  0.227001  837 6
8.064  0.197279  294 4
53.872  0.33719  3025 4
-3.64  0.246226  2120 6
-326.124  0.192708  192 6
-285.564  0.253219  233 6
-5.844  0.251357  3131 6
2.624  0.25122  410 6
-18.84  0.247084  943 6
-3.5  0.165563  151 6
12.656  0.101124  178 4
6.128  0.287313  268 6
2.624  0.236659  431 6
-317.064  0.216374  342 6
13.252  0.333333  252 4
110  0.205224  804 6
296.468  0.283105  219 4
-6.688  0.145833  192 6
-245.408  0.423529  170 4
-3.372  0.25463  432 6
-3.968  0.24975  1998 6
52.316  0.367052  1038 6
51.252  0.389403  1189 4
51.624  0.371841  831 4
-336.496  0.23348  227 6
1.876  0.259259  513 6
22.5  0.266409  259 4
-49.88  0.229412  170 6
1.028  0.242026  533 6
-38.092  0.286282  503 6
-59.988  0.222678  1464 4
53.688  0.365256  449 6
-203.156  0.204444  900 4
-2.592  0.214844  768 6
1.968  0.316254  566 6
-17.5  0.246914  162 4
41.94  0.334009  3452 6
-2.064  0.188776  196 6
20.548  0.287671  219 4
78.72  0.294935  2231 6
19.784  0.240654  428 4
7.496  0.260409  2738 4
113.468  0.218107  243 4
-24.968  0.222738  431 6
44.372  0.40942  276 6
14.876  0.158621  145 4
275.512  0.364019  3085 4
-321.936  0.194366  355 4
-235.312  0.210016  619 4
-360.592  0.239726  584 4
64.748  0.348306  1269 6
-17.16  0.269859  3550 6
-0.096  0.264925  536 6
130.676  0.362708  783 4
-262.5  0.229592  196 6
11.5  0.176611  419 4
62.108  0.358358  1705 4
2.22  0.23753  842 6
234.252  0.248101  395 6
-51.628  0.267519  2269 6
-299.844  0.396063  1270 6
16.856  0.270833  192 4
-47.844  0.22314  605 6
22.748  0.232852  554 4
-341.812  0.328467  274 6
-284.028  0.222373  1475 6
-2.952  0.250945  1323 6
40.06  0.349984  3203 6
0.748  0.248963  964 6
139.908  0.25  572 6
-10.372  0.253731  201 6
-68.408  0.215232  604 6
1  0.131737  334 6
139.564  0.356846  964 6
-180.92  0.240691  2256 6
89.548  0.283346  1267 4
102.016  0.243336  1163 6
-60.752  0.272727  176 6
30.156  0.357735  724 6
51.592  0.32971  1932 6
-196.096  0.264438  658 4
4.032  0.397878  1885 6
4.376  0.212871  202 6
-235.188  0.206349  567 6
41.624  0.336004  1872 6
264.5  0.247676  1506 6
-1.5  0.246445  211 6
10.248  0.252381  420 4
27.124  0.385668  1242 6
136.952  0.265806  1550 4
-141.58  0.252452  3569 6
-0.532  0.258251  1212 6
-266.128  0.12766  188 6
60.264  0.351744  1032 4
71.748  0.428058  278 6
-214.58  0.246338  1502 6
-221.812  0.221649  194 4
43.5  0.403955  1062 6
-320.532  0.248175  685 6
175.248  0.233918  171 6
-2.532  0.2398  1201 6
92.252  0.30031  323 6
48.592  0.350769  975 6
33.44  0.374113  1128 6
53.592  0.337888  805 6
2.876  0.25  304 6
81.344  0.430034  293 4
-302.532  0.254386  1026 6
170.848  0.356446  923 6
182.376  0.197674  172 6
8.124  0.258254  1363 4
56.204  0.343972  282 4
-324.124  0.28866  194 6
3.688  0.253846  390 6
157.14  0.237531  1604 6
-2.908  0.240642  748 6
305.78  0.243621  1215 6
6.812  0.223881  134 6
43.904  0.379981  1029 6
6.816  0.174194  155 6
73.064  0.369379  934 4
111.984  0.249127  2577 6
50.252  0.25883  3454 4
-8.94  0.318421  380 6
-255.748  0.101852  108 6
-96.78  0.237615  1090 4
-307.376  0.325397  252 6
49.624  0.311631  1367 6
67.408  0.323932  1241 4
-76  0.343643  291 6
-55.564  0.269939  163 6
42.328  0.330234  3119 6
76.328  0.241558  385 4
96.408  0.184332  217 4
-248.748  0.233275  1719 6
52.936  0.262862  2488 6
-108.78  0.360163  1963 4
22.548  0.325743  5621 6
47.968  0.37587  1293 6
234.752  0.337808  447 6
53.252  0.354239  1722 6
66.06  0.382353  714 4
6.048  0.232572  1707 4
-0.624  0.256566  990 6
-3  0.262436  1166 6
-29.156  0.254054  555 6
213.316  0.115385  208 4
-380.248  0.221333  375 6
49.468  0.379618  785 6
46.892  0.337513  1914 6
-310.44  0.273684  190 6
65.28  0.330498  823 4
33.972  0.264602  1421 6
41.032  0.3573  1363 6
50.28  0.252809  356 4
-258.532  0.197044  609 6
-48.564  0.222222  189 6
26.56  0.252991  585 4
-148.252  0.27933  179 6
14.628  0.242857  560 6
62.436  0.362613  1332 4
310.236  0.347758  2542 6
61.688  0.382576  264 6
64.812  0.368592  1541 4
-131.872  0.251732  433 6
-15.404  0.237592  2176 6
106.684  0.341926  1319 6
72.36  0.359029  947 4
119.12  0.227848  158 6
-220.064  0.262857  175 6
-314.408  0.227451  510 6
90.312  0.373219  702 4
-115.972  0.22113  407 6
107.876  0.407216  194 6
225.028  0.228571  525 6
1.156  0.249249  999 6
-105.496  0.0855615  187 4
12.252  0.211982  217 4
1.844  0.290323  434 6
-7.844  0.243655  394 6
-17.688  0.266878  6636 6
167.436  0.272321  224 6
58.092  0.371783  1127 6
206.812  0.365772  298 4
11.936  0.292517  588 6
-19.372  0.3083  253 6
251.22  0.2526  1346 4
-2.184  0.15625  256 6
-141.78  0.234114  897 6
16.468  0.0827586  145 4
7.468  0.255656  4553 4
2.064  0.237226  548 6
-225.504  0.252381  210 6
202.936  0.234837  1286 4
-87.376  0.313725  204 6
-3.032  0.279736  454 6
-14.436  0.372624  1052 6
62.576  0.345997  1474 4
140.78  0.261786  1803 6
48.688  0.406557  305 6
-35.936  0.202765  217 6
-361.128  0.295918  196 4
14.248  0.154762  168 4
58.752  0.355908  694 6
-8.296  0.227058  2114 6
77.404  0.392793  555 6
-4.408  0.244866  633 6
51.548  0.355922  1697 6
242.484  0.263768  345 4
-101.204  0.255228  2104 6
-12.128  0.0746269  134 6
100.596  0.390889  2305 6
15.152  0.201389  288 4
230.344  0.253992  2004 6
-22.312  0.25327  841 6
1.72  0.273639  698 6
250.92  0.190563  1102 6
11.532  0.244618  511 4
-34.436  0.20073  274 6
-70.404  0.252595  1445 6
45.936  0.350626  2236 6
53.204  0.353616  2876 4
-393.692  0.216912  272 6
-8.128  0.25  220 6
-66.344  0.214918  791 6
312.188  0.250746  335 4
-34.5  0.329609  179 6
-88.048  0.358949  1028 6
-8.032  0.201285  467 4
-9.72  0.285115  477 6
14.748  0.379771  524 6
-2.748  0.229651  344 6
93.408  0.444444  270 4
-118.344  0.211066  488 6
113.752  0.377644  993 6
-3.44  0.240566  424 6
0.592  0.246082  638 6
-6.284  0.251111  450 6
5.372  0.280285  421 6
-279.812  0.264228  246 6
15.06  0.059322  118 4
-8.532  0.238806  938 6
-4.472  0.252836  1851 6
39.22  0.344564  3265 6
63.656  0.371281  773 6
95.376  0.268987  316 4
2.812  0.20765  366 6
-21.188  0.304069  467 6
59.028  0.389085  1136 4
-147.188  0.297921  433 6
13.392  0.36211  417 4
-174.312  0.285124  242 6
-50.064  0.182692  208 6
310.188  0.166667  198 6
-282.284  0.265873  504 6
15.06  0.172414  232 4
15.188  0.174468  235 4
104.752  0.277778  396 4
-6.936  0.229335  1609 6
18.608  0.25641  156 4
64.032  0.366621  731 4
243.816  0.264151  265 6
18.56  0.2  170 6
-10.372  0.233333  570 6
1.128  0.220183  436 6
-317.94  0.302734  512 6
37.984  0.332564  1732 6
72.22  0.369881  1514 4
-362.564  0.25816  337 4
-0.592  0.248607  2333 6
-20.908  0.239177  1409 6
56  0.366585  1634 6
306.78  0.427826  575 6
282.924  0.243417  1557 4
-1.94  0.203448  290 6
-20.644  0.260728  4311 6
6.64  0.248992  992 4
118.184  0.272727  627 4
2.872  0.235075  268 6
64.564  0.375  1528 4
196.504  0.444444  423 4
58.44  0.365926  675 6
-91.812  0.222222  135 6
-316.144  0.247737  2099 6
-12.688  0.308108  185 6
46.816  0.205128  195 6
136.064  0.440233  343 6
45.216  0.388689  1945 6
12.876  0.240602  266 4
221.592  0.155689  167 4
-9.66  0.285915  710 6
16.128  0.125628  199 6
36.076  0.32205  3220 6
-268.908  0.266063  1105 4
146.064  0.389328  1012 4
2.936  0.336134  238 6
-185.032  0.228833  1311 4
-1.628  0.161812  309 6
118.124  0.360406  197 6
72.784  0.459514  494 4
67.344  0.395034  886 6
1.592  0.251323  378 6
-28.904  0.285714  476 6
-293.564  0.247191  1869 4
255.624  0.246988  1328 6
-143.252  0.203166  379 6
-116.248  0.273087  758 4
-99.376  0.2  175 6
5.124  0.224  375 6
-4.696  0.234904  3163 6
-4.532  0.241501  853 6
146.06  0.191176  272 6
5.688  0.141104  163 6
130.984  0.225166  1661 6
-29.612  0.252208  2038 6
-29.06  0.306034  928 6
-11.452  0.253772  1856 6
54.904  0.364924  2754 4
63.656  0.372285  1335 4
45.892  0.339555  2786 6
182.78  0.385269  1059 6
178.432  0.23519  1131 6
151.236  0.2304  625 4
31.56  0.239336  422 4
-2.78  0.256538  803 6
-341.188  0.310811  222 6
42.344  0.361224  980 6
-152  0.250298  839 4
69.78  0.361979  1152 4
-6.5  0.346347  2792 6
221.128  0.282353  255 6
136.716  0.253419  1243 6
82.624  0.353774  424 6
-34  0.280992  121 6
-137  0.258394  685 6
112.016  0.260241  415 4
-338.908  0.377402  2186 6
60.184  0.394595  555 6
233.184  0.299003  301 6
46.668  0.345978  2188 6
2.936  0.256466  464 6
2.348  0.248227  564 6
80.124  0.376344  279 6
3.624  0.173077  260 6
83.936  0.378119  521 4
42.564  0.188034  234 6
2.848  0.244782  527 4
9.936  0.265823  3160 4
271.936  0.335294  510 6
125.456  0.248735  2569 4
54.124  0.374806  1286 6
-1.064  0.166667  144 6
56.376  0.352147  815 4
60.092  0.416528  1198 6
-40.5  0.233503  985 6
3.344  0.208696  460 6
11.344  0.200264  759 4
15.236  0.218519  270 4
-4.472  0.225839  983 6
14.56  0.274854  171 4
39.096  0.353425  2920 6
2.936  0.177033  209 6
-7.732  0.231994  1444 6
-1.048  0.234491  806 6
259.624  0.283737  289 6
-280  0.250909  275 6
14.66  0.200935  428 4
18.972  0.228188  596 4
87.5  0.261224  245 6
-5.936  0.253012  249 6
142.872  0.227273  220 6
-121.608  0.26622  1942 6
-362.42  0.210682  674 4
