7.375  0.21733  704
62.282  0.328865  2238
-149.234  0.206783  914
-230  0.205521  652
54.789  0.328323  2129
-17.594  0.23727  1905
179.046  0.332869  718
-283.26  0.356452  620
15.704  0.23494  332
-4.311  0.259346  428
71.406  0.332189  1457
59.093  0.333818  2064
-176.264  0.234393  1698
373.453  0.376452  1291
10.938  0.227702  953
19.344  0.295508  423
78.095  0.356571  875
59.828  0.351364  2163
12.094  0.262369  667
-5.594  0.241906  2162
-242.905  0.253571  3360
50.188  0.34835  1576
70.874  0.373494  913
-132.53  0.205176  541
69.045  0.36211  834
-236.343  0.246707  835
150.812  0.150259  579
69.485  0.244782  527
9.141  0.261612  1873
62.014  0.372404  1348
67.578  0.346964  1614
-304.063  0.212938  371
10.14  0.259185  2504
58.367  0.352438  1989
-280.157  0.263736  364
72.03  0.337761  1054
301.813  0.216696  563
-285.453  0.233083  1729
347.314  0.273337  1789
-39.921  0.266136  1131
-6.203  0.25548  1323
-85.532  0.215827  556
331.064  0.240741  918
-12.766  0.258049  2112
71.421  0.330389  566
69.187  0.348214  896
70.937  0.362649  921
57.109  0.324387  2571
-359.11  0.256938  1117
173.938  0.328094  509
-162.156  0.248916  1615
-170.721  0.244516  1550
83.266  0.373464  814
-374.626  0.210341  851
-375.406  0.246847  555
160.407  0.218367  490
-236.375  0.264556  1958
157.125  0.37248  1141
125.555  0.245682  2316
333.391  0.338115  488
374.655  0.23445  418
11.866  0.222422  1115
16.514  0.221488  605
-328.345  0.169916  359
-232.703  0.41314  898
54.171  0.334702  1948
57.149  0.339028  2634
88.797  0.354196  703
53.33  0.35488  1578
119.763  0.25353  1629
0.203  0.227477  888
14.375  0.259794  485
14.608  0.256735  631
81.656  0.327742  775
-162.252  0.248879  1784
-308.329  0.276094  1188
-378.811  0.213296  361
-6.999  0.284553  369
84.938  0.3206  733
-269.561  0.217742  620
52.641  0.35554  2897
14.311  0.241535  443
-141.031  0.2  350
157.906  0.396934  587
282.853  0.152062  388
85.828  0.255198  529
63.25  0.367861  1786
129.984  0.32987  1540
64.54  0.372801  1478
38.125  0.238636  616
9.898  0.251416  2649
15.86  0.161137  422
-164.875  0.355397  982
59.015  0.350164  1525
-231.968  0.355907  2023
60.233  0.393786  1384
15.89  0.234667  375
70.016  0.339267  955
-59.421  0.252427  1957
17.741  0.265753  365
13.562  0.282983  523
-101.97  0.278777  556
56.009  0.331301  3444
56.095  0.385937  640
357.14  0.255587  1745
155.25  0.36214  729
7.51  0.257982  10179
-68.749  0.259332  1018
-170.405  0.239558  814
-335.407  0.248239  568
-330.517  0.242009  876
-276.453  0.248715  973
149.188  0.249267  1705
-52.53  0.22102  1941
9.093  0.25609  3366
68.514  0.362928  1284
-3.188  0.191136  722
60.845  0.371216  2015
-74.639  0.269301  1088
-370.594  0.228571  875
68.44  0.348525  746
20.468  0.21648  716
-318.642  0.247706  1199
19.978  0.240426  470
51.374  0.333204  2578
161.936  0.344633  531
263.922  0.234589  1168
-140.268  0.224789  1775
71.86  0.394928  552
-1.436  0.246767  928
283.424  0.24109  954
-310.422  0.259953  1281
2.174  0.236392  1929
15.39  0.219114  429
119.138  0.237903  1736
8.172  0.21238  937
10.752  0.244009  1377
-160.328  0.205008  639
54.788  0.313385  3108
11.734  0.241235  1198
-201.344  0.264184  564
13.5  0.194553  514
33.376  0.228982  904
-355.444  0.260714  2240
58.296  0.330918  828
-92.876  0.244801  1683
58.842  0.378706  742
13.14  0.189349  338
71.206  0.407895  760
-221.202  0.239513  739
63.36  0.357882  2512
53.328  0.355219  1188
-330.856  0.230191  1464
-0.062  0.242762  449
-87.938  0.270538  706
-123.498  0.242322  2084
248.328  0.377916  643
-0.064  0.229706  579
-370.812  0.262992  635
134.548  0.261877  863
337.584  0.247037  1603
-329.232  0.226306  517
-90.688  0.214425  513
67.656  0.195402  522
-295.44  0.236923  650
51.672  0.367863  2452
321.186  0.148773  652
-22.156  0.180435  460
56.75  0.335526  760
62.768  0.359673  734
201.812  0.25448  558
4.094  0.257698  3605
14.89  0.248366  765
-239.08  0.216411  1109
-304.346  0.230769  1144
-48.296  0.257448  7015
-119.484  0.254217  1660
46.406  0.325412  4124
12.562  0.258528  557
-217.564  0.252988  502
-18.424  0.240288  1390
59.406  0.333819  1372
223.282  0.208651  393
11.72  0.248047  512
-341.968  0.272541  488
219.124  0.275116  647
68.342  0.357895  1520
64.172  0.355808  1231
71.298  0.343854  602
