15.359  0.337255  510
-293.36  0.274336  452
57.673  0.373061  1418
68.718  0.365505  1119
-26.968  0.228113  811
68.49  0.364329  1312
10.548  0.229529  806
-0.14  0.248402  4694
57.086  0.376766  1274
70.876  0.360985  1543
-244.936  0.211137  431
-188.797  0.233449  861
-299.39  0.224885  1085
-336.548  0.249062  1333
52.531  0.368444  2250
64.687  0.348425  508
67.53  0.419847  917
-90.063  0.220165  486
91.689  0.348726  628
81.314  0.339144  631
12.625  0.266667  675
-39.188  0.241275  659
66.985  0.340122  982
69.093  0.342878  1362
-62.624  0.226306  517
196.556  0.356387  1417
-218.061  0.25326  1457
22.219  0.207386  352
78.672  0.349438  890
55.282  0.333333  1482
100.983  0.227149  1466
12.124  0.241611  1192
-201.017  0.2442  1638
350.358  0.227302  1553
12.561  0.25645  1279
-2.266  0.236792  1060
8.216  0.229497  1451
-187.686  0.243017  716
2.242  0.232992  1661
18.079  0.181529  314
14.328  0.244019  627
11.343  0.192374  1154
63.141  0.363161  1721
7.749  0.247888  6156
238.204  0.24879  1033
65.937  0.33123  1268
54.298  0.346742  1243
67.109  0.24328  1488
18.172  0.183727  381
9.718  0.235009  3302
-328.454  0.246321  1563
-334.467  0.208824  340
-127.07  0.240598  2340
-347.406  0.182773  476
3.655  0.256315  9383
333.703  0.237172  877
15.094  0.204355  597
-368.94  0.156915  376
67.531  0.411765  1173
76.689  0.378531  1239
2.764  0.217557  1310
7.788  0.242604  1014
13.063  0.142061  359
-242.352  0.23668  1952
-0.781  0.238426  432
16.243  0.271795  585
58.501  0.376462  1368
67.398  0.408805  795
-155.188  0.236715  414
72.156  0.30407  1253
13.094  0.217703  418
17.797  0.24058  345
77.21  0.330827  931
-171.532  0.22029  345
12.217  0.117479  349
106.266  0.24577  2246
52.842  0.347358  1949
58.673  0.33535  1157
-0.124  0.30402  796
64.877  0.341176  935
303.188  0.277678  3893
-306.282  0.262961  1601
-20  0.216995  659
-246.108  0.244318  704
-147.641  0.257319  3074
114.546  0.348239  2527
14.249  0.155367  354
-396.939  0.238202  1780
-73.406  0.220561  535
-1.609  0.231142  3301
310.969  0.383526  777
382.438  0.192053  604
317.469  0.220859  652
-4.687  0.24275  1862
-157.625  0.18799  383
-166.899  0.253325  14211
53.235  0.340452  2388
-366.173  0.281431  1034
9.843  0.195652  598
63.077  0.376992  1443
-127.656  0.246575  1971
-297.399  0.246559  1671
148.595  0.321788  895
-1.813  0.26045  1244
50.427  0.320345  2438
-127.813  0.238159  1499
64.905  0.339678  2049
-171.172  0.232041  1573
-23.109  0.222472  445
54.327  0.343239  2019
-389.664  0.225824  1789
-291.018  0.206002  1233
97.25  0.40533  713
-3.046  0.249615  6498
1.507  0  16383
11.718  0.224292  1342
15.392  0.21087  460
-343.969  0.239257  861
-177.126  0.224429  1007
69.235  0.346824  1606
3.538  0.262184  2811
-2.532  0.23133  549
-105.062  0.143302  321
14.203  0.261937  733
-282.751  0.250074  3363
1.127  0.235624  1426
65.86  0.348421  2121
59.906  0.328807  2062
-92.406  0.236129  775
192.811  0.223702  751
-327.873  0.267516  628
16.471  0.231231  333
70.664  0.370748  882
-254.797  0.257919  663
11.889  0.251136  1760
19.953  0.174041  339
285.453  0.226433  1029
-179.235  0.227554  646
12.186  0.237402  893
1.955  0.214099  766
0.219  0.237094  523
197.305  0.223557  2165
74.593  0.390117  769
139.391  0.375852  1027
328.705  0.210959  730
-297.564  0.235237  1033
57.359  0.322645  998
-175.782  0.221169  633
-105.472  0.22597  593
0.85  0.241498  2029
-327.532  0.191176  476
58.632  0.336612  2745
-0.608  0.239964  1096
-1.078  0.0886285  16383
71.876  0.224401  459
168.696  0.344538  1547
345.564  0.24848  1151
39.89  0.193634  377
-273.47  0.122257  319
-338.596  0.258084  1670
73.656  0.352688  930
61.814  0.345203  1376
16.984  0.30303  495
115.564  0.337181  2079
146.422  0.31758  529
-221.592  0.238422  1166
9.048  0.229892  1666
-75.06  0.251534  978
204.328  0.319337  1810
-0.548  0.223325  806
57.194  0.346648  2804
-30.39  0.235977  517
127.22  0.234867  413
57.252  0.341625  2412
-124.64  0.36534  854
-203.812  0.21124  516
329.968  0.136095  338
115.872  0.230375  586
236.702  0.249211  1268
91.648  0.376  500
23.952  0.19244  582
235.984  0.24075  2081
-23.548  0.191327  392
16.018  0.199143  467
14.382  0.245399  652
-1.314  0.213457  431
-14.75  0.252818  621
223.884  0.242616  474
15.564  0.182773  476
-2.908  0.237347  573
7.546  0.129586  16383
-2.092  0.242168  2011
246.126  0.231795  975
-275.736  0.249186  1842
46.234  0.233369  947
-222.406  0.254464  448
74.688  0.384528  879
111.28  0.340541  555
182.036  0.0734908  16383
-103.14  0.184035  451
14.89  0.321678  429
-4.172  0.22197  1320
57.928  0.349966  1483
11.89  0.239203  1204
55.842  0.161094  329
67.748  0.344048  840
1.592  0.243987  3160
-293.766  0.207483  588
0.712  0  16383
72.096  0.362486  869
-154.436  0.264264  666
6.748  0.248439  801
8.2  0.239845  517
178.296  0.230612  980
-22.126  0.223433  367
5.062  0.241071  3136
64.812  0.31929  451
41.61  0.232481  899
11.436  0.231728  1204
-129.828  0.22488  627
-19.024  0.23008  2008
-310.96  0.239091  2773
8.916  0.244009  918
84.124  0.357082  1165
59.568  0.361526  2412
-312.718  0.240886  2798
-198.842  0.117117  333
7.358  0.252999  5336
53.314  0.345029  855
-229.748  0.254673  428
280.718  0.245478  387
148.858  0.341216  888
-267.5  0.27091  1351
239.358  0.243964  787
-119.624  0.181985  544
17.342  0.223913  460
233.718  0.347966  934
59.546  0.367122  2269
-189.61  0.236911  764
50.766  0.342458  3434
12.624  0.227106  546
278.968  0.306011  549
163.844  0.259321  1207
13.5  0.202222  450
-259.062  0.22132  1848
