4.562  0.209991  1081
225.75  0.281713  607
10.938  0.220111  1263
166.906  0.403444  813
67.72  0.0933165  793
-318.585  0.289817  383
82.829  0.270341  762
9.064  0.265165  2308
-379.748  0.233674  1271
-223.625  0.236111  360
13.03  0.303477  949
17.141  0.214  500
63.781  0.287356  522
-225.798  0.204703  723
19.125  0.268065  429
-33.367  0.271357  796
-24.923  0.254753  1052
228.374  0.214414  555
57.265  0.277154  534
74.015  0.34292  904
70.095  0.285149  505
70.485  0.353521  710
29.968  0.285714  1204
36.53  0.251351  740
-337.476  0.161088  478
-56.343  0.17689  701
-118.156  0.228148  675
69.782  0.363144  738
-216.078  0.0312519  16383
-1.593  0.259483  12101
15.798  0.224868  378
27  0.246512  430
83.328  0.333929  560
1.018  0.232273  2200
9.734  0.22561  984
-88.916  0.259096  13798
70.812  0.386534  802
58.624  0.349562  1828
-63.251  0.0725806  372
58.89  0.410761  762
46.89  0.189944  716
-4.501  0.22788  1198
70.61  0.218978  1644
6.983  0.213577  1311
19.844  0.130573  314
74  0.351492  771
125.907  0.214286  448
-148.561  0.250319  1566
66.625  0.29212  736
-3.859  0.306358  1384
133.743  0.320812  985
-206.734  0.217733  891
165.219  0.277186  469
-18.921  0.258511  940
86.361  0.338235  544
10.297  0.240833  1200
4.843  0.281481  540
58.516  0.321195  2444
6.687  0.23395  2539
57.86  0.375982  891
9.984  0.22  1450
76.735  0.314626  588
-46.078  0.258427  890
69.813  0.378571  1260
88.329  0.416139  632
-305.046  0.291262  721
68.626  0.374302  1253
-315.156  0.335968  1518
-128.968  0.240297  1211
66.077  0.34345  626
-248.796  0.159326  772
69.547  0.281938  454
59.937  0.178723  1175
50.344  0.345602  2581
138.139  0.234854  1337
14.752  0.394643  560
55.406  0.28  375
60.656  0.288165  583
71.922  0.35  1040
57.171  0.363376  699
12.914  0.221849  595
-315.885  0.260916  14108
-165.967  0.291925  805
-12.453  0.265233  837
363.467  0.322528  617
91.093  0.231454  674
86.155  0.314783  575
12.937  0.147651  447
-346.032  0.217033  364
59.328  0.319069  2407
153.844  0.196133  362
-217.749  0.253521  852
7.82  0.235294  1904
77.485  0.293051  993
13.829  0.326186  1539
-257.077  0.265311  3935
64.906  0.359441  1647
13.782  0.221106  597
-173.14  0.250829  905
-208.486  0.25377  2719
-75.562  0.371429  630
68.688  0.27095  358
65.484  0.32409  577
-270.31  0.267241  464
-0.406  0.18711  481
336.468  0.21821  637
-328.016  0.254833  1138
4.736  0.255458  4764
284.704  0.223827  1385
328.922  0.225467  856
-3.156  0.265378  569
61.33  0.341748  515
-105.576  0.245847  1204
-4.686  0.181087  497
75.632  0.226967  2084
-199.908  0.289604  404
5.16  0.25713  13324
63.64  0.352547  746
8.18  0.24731  5948
-15.468  0.301294  541
57.33  0.359148  1033
79.908  0.334889  857
52.546  0.334317  1355
55.86  0.340949  1707
12.048  0.191106  832
10.358  0.260054  1119
13.862  0.281005  637
137  0.268787  11883
9.062  0.314796  1960
74.282  0.382716  729
13.078  0.23254  1303
13.282  0.180095  422
221.376  0.385492  965
62.86  0.355425  1871
57.906  0.353671  967
261.876  0.220217  554
-220.696  0.183623  403
-250.048  0.188859  736
-254.42  0.2253  1083
60.984  0.350109  1371
13.326  0.260737  3935
15.204  0.138568  433
55.344  0.341542  1868
63.564  0.343445  923
-102.484  0.317343  1084
96.562  0.269514  679
-261.594  0.231707  410
-40.202  0.252612  1053
-269.656  0.204327  416
-327.58  0.214461  816
-177.076  0.184615  390
61.492  0.336375  767
-179.936  0.24434  2562
-29.25  0.24024  666
13.216  0.181159  690
62.234  0.325279  538
12.516  0.235788  1073
11.03  0.237567  2252
-6.164  0.274566  7022
117.64  0.210218  1194
29.14  0.201281  1093
183.424  0.200688  872
70.248  0.342657  715
-254.9  0.221925  374
9.89  0.197115  1040
-257.656  0.209738  534
-191.312  0.290653  781
6.11  0.256562  4724
331.71  0.411765  680
195.264  0.983214  16383
245.406  0.206725  803
6.69  0.295597  954
191.298  0.178404  426
55.016  0.317751  1476
0.594  0.302122  801
68  0.308081  1188
-37.874  0.234091  440
-79.248  0.155488  328
65.718  0.312372  1463
12.328  0.273532  1243
58.06  0.303927  1757
9.656  0.221429  420
317.472  0.32334  467
-22.876  0.187654  810
65.804  0.364421  579
318.984  0.202105  475
0.5  0.302953  779
76.36  0.330645  496
-99.06  0.24375  800
-167.472  0.257285  2608
55.936  0.380892  2376
-236.72  0.239089  527
-328.048  0.232915  1434
75.468  0.346806  767
58.36  0.353982  1356
-0.892  0.239607  2237
72.908  0.347581  1240
70.28  0.405743  801
-242.72  0.181818  429
53.268  0.226755  1054
57.8  0.347791  1245
67.516  0.311848  1055
6.916  0.246499  4142
-50.188  0.245336  1072
210.392  0.206798  4884
116.656  0.229939  1483
4.404  0.193506  770
2.124  0.19656  407
-63.312  0.249534  1074
-326.344  0.133136  338
12.516  0.231373  765
96.772  0.248381  1699
6.828  0.18507  16383
168.016  0.387618  743
66.284  0.35755  702
-54.152  0.145078  386
-244.172  0.260717  1143
10.952  0.218414  1488
-0.58  0.161692  804
-300.876  0.228302  530
268.58  0.0769231  364
75.716  0.403733  1018
79.044  0.414122  524
58.348  0.385034  1470
347.94  0.25762  1017
-304.64  0.18677  514
69.224  0.380721  1027
58.264  0.330779  1566
66.7  0.316465  1324
81.72  0.240293  1365
67.376  0.321327  1055
-23.66  0.102326  430
115.088  0.337917  1018
9.028  0.204082  539
-159.264  0.207526  877
-25.06  0.200675  593
396.564  0.246076  3759
-6.172  0.183406  687
-311.78  0.233708  2225
64.132  0.360721  998
72.36  0.40753  903
-163.672  0.271919  787
227.5  0.399015  1015
53.14  0.325344  2837
88.736  0.374046  524
11.456  0.269143  1319
-28.104  0.237745  408
81.5  0.160878  547
60.94  0.199495  396
66.028  0.322635  1184
-243.08  0.244147  897
-7.356  0.280258  2330
-272.42  0.320755  1113
53.204  0.359955  1778
-110.092  0.339489  704
-298.108  0.272214  1418
-166.816  0.23838  8692
236.284  0.252674  1496
17.3  0.176587  504
58.672  0.351587  1260
-201.176  0.23893  1084
49.14  0.258713  2238
14.94  0.273523  457
19.264  0.389864  513
59.86  0.347852  1699
12.108  0.244774  1483
56.188  0.345727  1533
67.36  0.345436  964
277.312  0.221088  588
66.308  0.375401  935
75.408  0.364922  707
6.248  0.326667  750
-59.016  0.251238  808
-22.944  0.272258  775
74.36  0.364929  633
64.032  0.382609  1035
66.172  0.341463  943
-76.268  0.22963  1620
61  0.387534  738
-343.472  0.479814  644
-168.112  0.241681  1142
176.72  0.263822  1031
2.952  0.260759  1975
14.268  0.212625  602
69.44  0.320847  614
-184.936  0.107784  334
73.068  0.379213  712
9.928  0.0736739  16383
-114.436  0.170241  746
53.468  0.249584  601
-76.316  0.228269  1323
217.08  0.230839  1109
54.236  0.30828  2488
-59.924  0.169892  465
12.296  0.258296  1115
-335.328  0.313167  562
-72.02  0.249164  1196
-285.176  0.26165  2339
13.372  0.25  652
-241.968  0.26006  1342
157.768  0.301552  902
67.624  0.394419  1075
59.86  0.405318  1241
19.04  0.204611  347
-43.156  0.158055  329
69.136  0.233108  2072
65.14  0.382065  1327
-263.564  0.208575  863
13.908  0.174757  412
12.376  0.141333  375
-121  0.119334  1081
9.8  0.19712  1111
-155.1  0.227894  1391
-186.532  0.458522  663
61.78  0.341478  1678
11.72  0.137349  415
55.044  0.328677  1217
62.016  0.350184  1088
58.484  0.375637  1765
10.28  0.223361  488
-296.156  0.420814  663
-303.68  0.230971  381
-93.268  0.247984  1488
341.612  0.280197  1217
117.376  0.052459  305
139.156  0.202552  627
12.248  0.236256  2201
-2.684  0.252134  16285
-297.152  0.197959  490
-81.864  0.190476  840
379.16  0.364486  1177
-115.376  0.242539  2379
-316.672  0.222549  1020
167.42  0.265237  886
59.124  0.328664  1856
-324.188  0.250943  1590
-310.86  0.248067  1423
11.176  0.237861  1421
-75.188  0.213178  516
63.252  0.345833  1680
-291  0.111801  322
68.848  0.315789  1216
13.536  0.309168  469
-198.656  0.20884  905
-216.016  0.238202  1335
258.064  0.345992  711
106.968  0.183071  508
-19.468  0.195226  1173
-293.688  0.257426  707
15.312  0.261242  467
54.736  0.366284  2438
93.264  0.227147  361
-56.1  0.188437  467
-0.452  0.240093  1716
-240.256  0.217949  468
340.624  0.263911  629
-99.88  0.14433  291
12.592  0.0710306  1436
16.904  0.22449  392
57.592  0.346622  1806
116.656  0.0776398  322
-201.064  0.366992  921
8.592  0.257648  2713
71.968  0.328849  669
-284.72  0.20283  424
61.656  0.34182  1571
-268.664  0.272796  1316
58.808  0.329443  1114
8.072  0.232198  646
64.392  0.332719  1085
16.072  0.228795  896
-349.072  0.283117  385
58.456  0.341282  1342
364.56  0.136283  565
-281.688  0.307512  426
-29.144  0.253616  4771
54.768  0.263254  12072
8.928  0.264723  15673
83.376  0.430586  922
303.408  0.174853  509
60.968  0.328211  1627
-52.248  0.247712  3387
-220.064  0.328421  475
270.76  0.227384  409
-147.44  0.208333  504
119.328  0.232653  490
58.544  0.31381  1861
-71.368  0.200569  703
-268.752  0.252101  714
55.592  0.335703  1266
85.2  0.305743  592
-107.2  0.217608  1204
-32.416  0.261623  2194
-1.832  0.241314  1583
56.816  0.376766  637
122.92  0.477593  781
-48.456  0.205063  1185
-3.096  0.241044  2568
15.112  0.146497  471
343  0.246512  1075
1.2  0.257296  8189
-90.016  0.218609  1107
-172.296  0.191489  940
378.984  0.365466  944
-6.968  0.223765  648
-28.16  0.207101  338
-4.928  0.197034  16383
-13.64  0.327798  1385
-138.408  0.259962  527
192.392  0.325397  1134
61.44  0.360255  941
382.504  0.208259  557
-366.752  0.363376  699
5.8  0.262486  1802
72.256  0.325123  812
-297.688  0.380692  1098
70.936  0.316071  560
8.84  0.223958  576
54.952  0.326158  1533
-163.528  0.249659  733
-188.624  0.232984  1146
286.944  0.353755  506
7.248  0.218462  1625
265.72  0.202564  390
6.248  0.216438  2920
-379.248  0.267349  1758
58.464  0.161777  1193
23.44  0.238138  1117
66.104  0.384669  1435
53.168  0.356655  1172
-2.328  0  16383
379.144  0.217593  864
-95.728  0.217391  506
-7.128  0.26109  789
54.584  0.315942  2415
59.888  0.311813  1456
-117.144  0.197015  1340
74.784  0.336054  735
51.672  0.384304  1236
294.296  0.344437  1591
-69.032  0.149573  468
56.688  0.316754  1910
14.168  0.182927  492
60.448  0.352217  812
267.016  0.377915  1458
262.44  0.14359  390
313.416  0.340591  1286
60.36  0.320996  1567
135.232  0.356551  603
-55.208  0.0145273  16383
5.296  0.254587  3052
58.48  0.386445  2523
62.064  0.403013  531
76.592  0.394928  828
50.584  0.33395  2162
14.704  0.277504  1218
259.056  0.257448  1309
17.848  0.216802  369
57.16  0.355365  1286
-99.392  0.29791  1675
29.32  0.255862  12495
59.192  0.19195  646
78.832  0.357798  1090
149.968  0.242472  631
59.592  0.324461  789
-287.136  0.22251  773
60.744  0.332231  1210
129.144  0.217676  1222
-171.44  0.136691  278
62.896  0.240246  487
16.312  0.306878  567
63.72  0.351474  882
185.48  0.26652  454
7.608  0.209358  2522
-10.584  0.250082  6082
237.704  0.221449  16383
12.688  0.232432  740
80.304  0.423121  865
-162.112  0.273032  597
-97.552  0.242424  1452
-205.328  0.20354  565
84.168  0.322581  1488
-308.968  0.255595  14210
46.064  0.240232  691
215.856  0.237097  1240
64.504  0.350446  896
-266.912  0.235772  861
-1.704  0.259809  2090
-103.304  0.0687204  844
-0.464  0.311656  815
12.472  0.161062  565
59.968  0.389129  1159
149.784  0.240356  674
-315.816  0.219447  1121
-382.976  0.441632  711
69.104  0.38273  857
86.808  0.368349  733
319.08  0.478528  652
346.216  0.249022  767
-161.456  0.224466  1684
64.848  0.339884  865
67.944  0.334249  1092
13.136  0.248358  1675
1.88  0.173832  535
118.888  0.297044  1387
42.296  0.249271  686
-121.312  0.18408  402
-154.92  0.458128  609
78.064  0.204461  538
18.688  0.283951  405
71.888  0.337302  756
75.408  0.383178  856
-113.24  0.260733  3191
75.472  0.148368  337
14.84  0.215212  1157
-317.56  0.419776  536
170.512  0.350764  1243
-218.952  0.16185  346
-162.936  0.256259  679
8.424  0.257816  4670
-2.56  0.352827  2069
-294.848  0.222359  814
85.032  0.338542  576
-4.536  0.205546  613
299.712  0.238139  1096
-2.808  0.245156  3871
-153.672  0.36  625
14.408  0.223684  608
2.672  0.274984  11117
132.208  0.340573  2026
68.664  0.343203  743
10.384  0.217654  1824
-262.192  0.234375  384
10.888  0.265369  976
-82.464  0.22051  1882
54.152  0.363723  1053
56.712  0.333048  2333
-79.944  0.217026  834
-330.064  0.205074  473
15.816  0.270998  631
158.032  0.237331  1184
-192.952  0.285714  1008
11.936  0.351816  523
183.968  0.369397  647
-128.344  0.0869565  299
-287.432  0.232068  1422
16.64  0.229126  515
-1.568  0.170298  16383
71.968  0.392749  662
56.784  0.365432  1620
58.296  0.338369  1324
-112.296  0.21764  873
-6.216  0.209512  778
-161.496  0.203008  1064
68.184  0.365508  777
-339.128  0.174927  343
52.96  0.342622  1579
60.648  0.354377  1188
-140.216  0.394711  1021
58.088  0.394301  1930
0.656  0.240642  561
-375.88  0.247117  607
-274.472  0.19403  603
81.408  0.138593  469
-80.4  0.168555  706
70.944  0.332689  1034
159.272  0.247392  671
24.08  0.244592  2404
52.6  0.341912  816
11.752  0.253555  844
58.144  0.324951  2028
294.672  0.356427  1198
13.56  0.28821  687
306.28  0.0904255  564
-23.016  0.265506  919
-111.144  0.227149  1105
-113.824  0.239934  1217
13.928  0.260976  820
335.64  0.343168  644
-16.016  0.292906  874
-315.752  0.170168  476
-80.72  0.248544  1030
-22.8  0.25233  1395
11.248  0.255595  849
52.864  0.327897  2943
16.376  0.295662  876
-129.2  0.0947075  359
304.92  0.252684  15185
231.928  0.218413  1021
15.472  0.191489  423
55.592  0.315098  1371
369.76  0.143478  460
135.184  0.102362  381
-0.064  0.244174  987
55.84  0.332731  1106
73.848  0.342679  963
53.488  0.331749  1893
-0.68  0.236748  2226
53.64  0.208247  485
66.816  0.445038  1310
-169.296  0.269456  1195
-328.936  0.281972  649
9.488  0.222455  953
-20  0.223118  372
73.464  0.328273  527
49.808  0.333819  2744
54.144  0.332556  2144
9.944  0.271446  5036
-98.064  0.260223  1076
185.92  0.3664  625
7.608  0.249395  826
-219.856  0.291866  836
61.52  0.298507  1139
-191.488  0.232305  1102
13.704  0.196455  677
251.328  0.209078  727
63.872  0.272352  727
15.848  0.198807  503
80.656  0.200532  1127
174.152  0.249405  2101
-231.904  0.217586  1342
4.968  0.261538  585
-60.64  0.306263  1453
130.048  0.407022  1538
10.024  0.241722  1208
54.8  0.272382  1318
381.752  0.214112  411
-3.936  0.255861  1493
57.144  0.324066  1151
139.624  0.367545  721
-268.824  0.230844  1031
59.736  0.364334  1172
-31.816  0.242123  1809
-219.704  0.272926  1374
-72.128  0.250148  1691
15.976  0.25431  464
76.44  0.286467  569
-351.992  0.250478  2615
-264.776  0.209615  520
-290.848  0.272174  1150
72.088  0.296596  617
70.92  0.412327  941
395.392  0.167147  347
-317.768  0.244019  836
-239.632  0.08125  320
-248.432  0.354934  679
-102.888  0.24708  1113
64.08  0.278826  477
70.368  0.348199  1166
53.984  0.253776  2317
-297.592  0.20625  480
-326.84  0.295026  583
85.688  0.397206  501
70.728  0.407514  1038
29.688  0.233775  1510
68.36  0.327144  1131
72.28  0.366425  1239
-8.408  0.276553  499
380.528  0.0945946  296
-0.192  0.250529  3780
274.448  0.421304  629
-40.72  0.23011  817
320.496  0.381264  459
-65.72  0.217207  709
-112.408  0.301613  620
-23.248  0.196676  361
31.792  0.357192  1439
-171  0.232014  1112
99.352  0.223834  965
-69.368  0.221865  1244
14.72  0.315068  511
167.744  0.136929  1687
373.64  0.338235  748
-46.848  0.103189  533
-15.096  0.194529  658
53.512  0.358545  2446
-37.576  0.230303  990
9.008  0.197262  2484
242  0.175243  16383
58.656  0.353636  1609
11.28  0.298343  905
60.72  0.46793  686
-136.336  0.257286  2985
59.344  0.395402  870
253.96  0.222959  4373
29.136  0.206349  378
-308.224  0.263543  1366
-7.736  0.258605  8774
198.528  0.413399  612
39.784  0.297101  966
-2.784  0.248895  679
67.392  0.387324  1278
188.88  0.215139  502
4.64  0.250723  2768
322.256  0.00573394  872
171.536  0.34134  791
71.056  0.361624  813
-43.456  0.333035  1117
80.688  0.368627  510
57.104  0.412483  1474
-130.384  0.271762  1413
11.456  0.257219  14338
-21.136  0.25  656
-284.448  0.21262  729
223.328  0.367515  1453
-3.92  0.244835  1936
391.104  0.300668  898
75.344  0.383973  599
-178.112  0.19177  1288
1.504  0.242045  3677
162.816  0.233333  1140
-188.4  0.242215  1156
60.256  0.357086  1249
134.224  0.338954  593
10.848  0.174439  579
93.248  0.321381  753
-144.896  0.239063  640
58.512  0.355615  1122
-91.376  0.0626866  335
183.664  0.345168  507
14.224  0.216766  835
-19.072  0.205534  1012
99.664  0.217523  331
1.68  0.215496  413
6.784  0.208034  697
132.208  0.333933  1111
57.952  0.2614  1886
65.824  0.342882  1152
75.472  0.349794  729
43.008  0.300952  525
17.664  0.15601  391
-3.488  0.241018  1336
-23.424  0.24431  1977
55.136  0.366013  1071
-188.752  0.253937  2032
-161.824  0.250588  850
59.92  0.385151  1724
-334.368  0.23876  645
59.792  0.33697  1650
-15.888  0.259539  2385
-233.328  0.160622  386
11.328  0.224816  2313
67.584  0.326087  1058
-123.968  0.179688  768
129.216  0.258  500
315.424  0.382527  847
-69.696  0.236  1250
9.648  0.223684  988
114.128  0.405163  891
67.536  0.387629  970
60.784  0.316629  1756
4.912  0.249363  4319
33.92  0.0103359  387
9.552  0.287872  2185
14.224  0.25931  725
3.904  0.234907  4257
-15.76  0.198511  403
125.216  0.27256  543
0.128  0.194444  540
-45.648  0.272917  480
5.088  0.218817  3263
-297.808  0.39124  1347
-49.776  0.198988  593
-0.592  0.254105  2558
142.928  0.225653  421
-56.112  0.249606  2540
71.072  0.392496  693
72.752  0.420561  749
58.576  0.320955  2639
57.456  0.311412  1034
10.128  0.233007  3060
73.344  0.242718  515
-197.44  0.244954  1090
17.12  0.232558  473
153.376  0.170123  2604
51.76  0.359766  1879
60.208  0.349117  1415
57.808  0.339377  1765
-299.504  0.294714  1381
-89.056  0.343413  463
306.416  0.39577  662
-220.848  0.240805  2583
-119.648  0.304321  1597
-71.648  0.202983  1542
15.312  0.137011  562
-92.992  0.374325  1667
54.8  0.339691  2202
-300.48  0.214773  880
-138.08  0.213825  1085
-379.344  0.371094  1024
251.792  0.397306  891
-328.624  0.295828  791
-342.864  0.296429  1400
123.84  0.359944  1428
-76.736  0.28848  1033
-140.96  0.20934  621
92.464  0.00970874  309
67.184  0.533013  833
-341.696  0.256043  13486
126.448  0.178538  1053
-194.336  0.316564  815
63.744  0.303887  566
14.016  0.0576923  416
60  0.317522  2066
58.288  0.331917  1648
60.032  0.333045  1156
-43.68  0.222552  337
-164.992  0.411582  967
57.088  0.279676  1112
-230.016  0.206349  756
-360.08  0.126844  339
-139.68  0.116522  575
2.352  0.247934  605
