230.507  0.251223  1839
-11.102  0.254098  3416
-131.578  0.255266  807
17.079  0.281457  604
71.748  0.352941  986
-244.92  0.21727  359
-180.454  0.251204  1246
164.342  0.372701  1033
73.228  0.343521  818
236.468  0.322314  605
113.345  0.244601  2130
66.564  0.212766  517
-91.749  0.248182  1100
0.783  0.248555  519
194.501  0.209677  744
15.969  0.255515  544
169.922  0.226068  1358
-3.859  0.236695  1973
-4.875  0.235439  2026
69.016  0.350866  1559
86.03  0.372152  790
301.929  0.261069  1965
6.204  0.253673  5854
63.156  0.354344  587
115.798  0.221662  397
131.602  0.242983  3848
-394.968  0.219251  561
-87.171  0.264  1000
244.077  0.359014  649
-370.064  0.256008  957
66.593  0.20517  619
68.782  0.375424  1180
82.719  0.192843  503
20.986  0.192308  494
64.14  0.356371  1389
60.055  0.34463  1741
-151.265  0.206823  469
-380.407  0.304795  876
-203.407  0.189338  544
186.39  0.246667  1050
77.11  0.310256  780
110.5  0.241597  476
63.586  0.414787  798
-223.672  0.249224  1288
12.75  0.242424  495
-143.775  0.252496  701
61.359  0.342685  2317
151.984  0.235418  1423
60.891  0.374752  1513
53.875  0.196043  556
14.273  0.236709  790
7.867  0.235606  2449
-125.595  0.229117  419
65  0.352761  652
-42.891  0.234086  974
47.97  0.232112  573
15.359  0.337719  456
71.335  0.237467  379
56  0.340321  811
131.179  0.256881  2071
54.687  0.310263  838
-302.031  0.263333  600
-142.202  0.24359  2340
60.406  0.386417  854
53.673  0.31931  3708
12.329  0.203457  752
13.907  0.239092  573
-169.352  0.241151  2119
10.859  0.236398  1599
-381.187  0.249065  1871
-93.938  0.23192  401
61.5  0.319716  563
54.546  0.221604  898
61.916  0.327236  1968
366.53  0.265306  686
66.437  0.367288  1718
-256.579  0.269571  1469
-216.047  0.24763  844
50.023  0.34516  3523
-1.086  0.249526  3162
345.625  0.217172  396
-185.813  0.186538  520
17.273  0.241379  464
91.157  0.311245  498
-234.716  0.248691  382
-191.063  0.226847  961
-71.814  0.253713  808
52.58  0.339972  2812
248.336  0.37738  893
-329.673  0.223958  384
6.493  0.257908  3288
63.907  0.389464  1063
15.483  0.219634  601
-34.681  0.24449  1951
147.875  0.185615  431
0.483  0.267866  2113
368.405  0.245  1200
82.211  0.399743  778
-214.298  0.285319  1444
60.235  0.3665  2000
7.875  0.284585  759
56.188  0.353741  1911
13.437  0.219092  639
-2.109  0.222541  1047
-288.062  0.24207  1198
-155.179  0.240133  1799
156.868  0.19086  372
-259.047  0.247373  1047
-0.956  0.0372948  16383
2.235  0  16383
149.063  0.220089  677
16.094  0.235897  390
114.747  0.365854  1722
12.345  0.191549  355
70.952  0.354484  1182
122.61  0.225225  777
-214.124  0.225882  425
11.812  0.225424  590
104.164  0.252145  2681
182.368  0.371134  582
4.07  0  16383
19.125  0.22113  407
13.717  0.235542  951
268.703  0.261484  566
143.704  0.356742  712
349.469  0.178886  341
15.295  0.249467  469
6.109  0.256713  4581
179.671  0.329094  629
7.485  0.247153  3512
-215.983  0.262735  746
312.945  0.219691  1229
-109.501  0.2  590
-130.562  0.23544  807
-19.297  0.209732  596
-311.483  0.229885  783
385.283  0.27853  517
65.64  0.348653  631
-238.687  0.267782  478
-53.251  0.263722  747
-154.656  0.243547  891
77.5  0.334107  862
14.734  0.240331  724
393.936  0.183303  551
-334.688  0.262544  857
-121.8  0.219292  1441
-141.78  0.274684  790
53.814  0.314199  3641
69.016  0.224441  1252
77.984  0.204686  811
361.092  0.23319  2796
-173.172  0.249207  2207
-2.624  0  16383
-4.704  0.263392  6515
-13.456  0.223844  1233
-9.108  0.237599  2016
59.688  0.370219  732
71.874  0.343915  1512
-210.984  0.241259  572
-8.984  0.233091  961
60.126  0.382828  990
9.266  0.241234  713
88.516  0.343137  510
58.806  0.360134  1791
20.094  0.205202  346
52.916  0.329554  2646
-327.186  0.237013  924
68.766  0.412844  545
52.436  0.345573  3840
146.064  0.165746  362
16.672  0.227384  409
124.158  0.203077  650
-150.624  0.256724  818
56.75  0.363004  719
16.218  0.212371  485
350.594  0.251345  1301
-313.25  0.237005  1616
33.444  0.25229  2402
-0.968  0.209738  534
228.906  0.368557  1164
67.642  0.371681  1356
11.518  0.276224  1144
149.86  0.251114  673
53.06  0.365947  2361
64.906  0.283019  530
-348.5  0.235036  1370
141.156  0.204819  664
-87.904  0.267157  408
59.764  0.35678  1379
-176.672  0.253419  1243
57.704  0.373342  1508
-166.186  0.210145  552
112.608  0.251346  1858
-137.236  0.2466  2206
-92.752  0.244569  1611
56.514  0.335709  2666
261.296  0.400974  1232
-32.732  0.230298  1307
164.03  0.220273  513
-163.064  0.275785  446
324.392  0.364787  1897
65.486  0.342964  1073
15.486  0.162465  357
122.296  0.24103  1087
63.094  0.33195  1446
47.656  0.246711  608
16.404  0.220803  548
-381.906  0.242388  4204
4.39  0.262923  5146
318.914  0.24058  2415
70.5  0.362934  1036
-214.704  0.233568  852
-4.494  0.00054935  16383
296.08  0.363587  1840
346.846  0.244152  1368
-201.686  0.23  600
-69.032  0.230525  629
-245.408  0.266667  540
15.47  0.225974  385
-180.008  0.253041  411
-115.514  0.245965  1797
-224.1  0.230947  1732
13.828  0.227723  1111
222.628  0.357043  717
13.938  0.25097  773
-376.172  0.357181  1859
199.658  0.223897  929
-105.11  0.233809  911
9.89  0.212462  979
-174.024  0.232704  1431
-214.796  0.260563  994
10.78  0.270353  1302
57.14  0.251142  1095
10.328  0.253234  6184
-186.032  0.271357  1393
84.53  0.340802  848
0.004  0.247078  11037
-250.25  0.24453  777
309.516  0.228049  820
13.248  0.210626  527
50.362  0.35625  3040
285.844  0.251673  747
71.938  0.369231  845
80.328  0.250597  419
16.188  0.263359  524
-231.706  0.222743  853
14.326  0.136842  380
-394.814  0.269663  623
182.756  0.242885  2038
-14.08  0.260805  1342
56.72  0.344207  889
-15.72  0.23973  1923
395.844  0.220039  509
11.344  0.246637  669
-134.172  0.234624  439
10.532  0.23559  2186
105.236  0.329677  1641
282.156  0.252319  539
-1.362  0.22973  3108
-42.368  0.257581  2737
67.392  0.214617  862
264.584  0.39322  885
69.56  0.255533  497
362.328  0.327103  749
54.484  0.329924  3422
49.204  0.333333  3654
1.836  0.250681  7707
17  0.276347  427
-392.124  0.202128  470
391.876  0.335697  846
53.512  0.321908  2684
63.264  0.354505  2031
67.16  0.282979  470
70.812  0.384844  1346
14.456  0.258883  591
64.436  0.392405  1027
76.14  0.372897  1070
9.468  0.218254  504
11.956  0.254613  1084
-21.592  0.253968  567
-18.044  0.251212  1238
67.216  0.234568  1620
6.156  0.24853  5271
-81.22  0.255383  2647
63.392  0.370926  1534
62.532  0.342342  2109
69.596  0.336252  1713
-232.852  0.228054  1105
62.92  0.36901  1252
170.716  0.344418  842
-311.156  0.265101  2086
-96.272  0.240337  2018
-227.14  0.25502  498
13.576  0.209901  505
-373.096  0.208421  475
65.624  0.326923  1560
81.968  0.231064  1307
12.968  0.225926  810
-343  0.237852  391
70.532  0.339806  1442
14.564  0.207143  420
-285.116  0.253404  3011
-311.424  0.233032  884
298.644  0.257981  1159
335.296  0.263596  1563
-178.344  0.179148  681
-290.924  0.218362  806
-215.064  0.258514  646
-295.048  0.240506  948
-346.08  0.263242  623
48.516  0.229264  1073
63.952  0.344353  1452
-32.08  0.252838  969
55.44  0.365762  1326
65.936  0.321114  682
-27.5  0.244681  1222
71.764  0.343687  998
55.28  0.329334  1667
229.624  0.224868  378
2.796  0.244062  3200
66.532  0.393895  1376
-241.908  0.2432  625
13.796  0.230769  390
-274.688  0.233279  613
-17.28  0  16383
15.812  0.268519  540
17.5  0.236776  397
-180.24  0.241484  1967
-296.72  0.301347  594
264.328  0.235096  889
7.664  0.229554  2152
-30.22  0.232176  1094
-351.936  0.257081  918
-260.748  0.227329  805
78.376  0.39372  828
11.16  0.235682  1973
59.452  0.335476  1711
-18.436  0.237113  485
64.86  0.340762  1705
52.048  0.335113  2247
79.236  0.230594  1752
131.784  0.207048  454
54.088  0.328053  2588
393.284  0.255725  1310
-212.732  0.200441  454
370.236  0.215328  1096
-4.312  0.242019  1347
-331.592  0.241918  897
317.548  0.248613  901
55.532  0.194836  426
233.956  0.339202  852
29.264  0.254985  2608
50.42  0.32741  3714
56.508  0.319279  3439
-23.5  0.264815  540
57.296  0.366013  1836
335.716  0.392665  927
-275.372  0.23108  991
356.344  0.225232  1292
11.176  0.247423  873
17.464  0.326146  371
15.844  0.206957  575
56.724  0.369797  1874
-145.064  0.252537  887
279.364  0.238247  3765
-294.608  0.19917  482
-67.784  0.242236  644
-37.124  0.25641  390
-122.404  0.253062  3837
7.716  0  16383
211.624  0.232704  477
13.908  0.128834  326
10.92  0.220497  966
58.708  0.357554  2257
256.004  0.170792  404
-0.908  0.260695  748
-2.284  0.17762  563
58.58  0.365125  1405
18.544  0.163435  361
-4.312  0.258667  1125
55.984  0.347201  3197
-289.7  0.241558  385
16.552  0.204706  425
64.376  0.340719  1670
360.156  0.283604  677
313.672  0.221076  1357
10.732  0.250355  4925
16.672  0.223062  529
379.508  0.241858  2303
-76.768  0.254864  514
317.44  0.354814  1288
-255.096  0.259475  343
279.28  0.230579  2420
-4  0.243636  1650
6.06  0  16383
87.204  0.370435  1150
240.736  0.253049  656
70.28  0.364005  1728
-159.56  0.229814  483
7.284  0.257072  3217
-109.1  0.293722  446
168.496  0.289389  622
363.64  0.237367  1504
86.796  0.361204  598
-212.356  0.232546  1905
84.876  0.38  800
59.704  0.329646  1356
12.124  0.23092  511
-139.768  0.265107  1539
220.756  0.389706  816
73.108  0.354344  587
-182.5  0.21823  1141
-1.352  0.247898  6184
-97.516  0.226843  529
-36.06  0.284  500
-42.328  0.246032  1008
68.328  0.35107  1635
78  0.38403  526
-336.58  0.230608  477
178.344  0.229126  515
369  0.301205  581
81.532  0.369034  859
-255.344  0.212168  641
10.048  0.244153  1069
-330.22  0.255238  525
-46.108  0.250379  1318
77.472  0.240166  483
65.456  0.378656  1265
-55.284  0.239044  502
14.592  0.149871  387
9.5  0.246224  662
281.328  0.249478  958
72.184  0.238411  453
375.876  0.245392  1736
65.624  0.254563  1041
14.564  0.189956  458
12.108  0.237052  1004
53.576  0.344743  1636
15.908  0.206667  600
-2.82  0.101569  16383
3.564  0.2325  400
278.844  0.349686  795
-126.184  0.280551  581
-81.28  0.271111  675
-138.344  0.329323  665
63.764  0.338192  1029
65.56  0.352413  891
-156.72  0.260526  380
10.816  0.240912  1843
235.56  0.235669  785
78.264  0.358667  750
79.764  0.349096  1438
-312.812  0.190395  583
-94.328  0.244344  1105
-278  0.241279  1032
12.284  0.30494  587
150.44  0.352896  1312
197.316  0.364286  700
14.688  0.185984  371
-213.312  0.199357  622
343.408  0.190987  466
54.6  0.357143  1190
-125.824  0.216641  637
0.924  0.266386  7842
299.016  0.357006  1563
-50.344  0.204589  523
6.408  0.237354  514
56.372  0.20839  739
16.592  0.206395  344
6.136  0.0733077  16383
-265.076  0.213675  468
101.016  0.342466  511
0.988  0.254211  10806
174.984  0.378378  592
-196.452  0.23221  801
61.072  0.341544  2436
-45.436  0.23212  797
291.484  0.254282  759
-249.528  0.22982  1053
77.248  0.365217  575
-3.46  0.228407  16383
309.36  0.277778  432
-0.416  0.256219  6030
89.296  0.405145  622
84.624  0.348264  893
-137.22  0.200913  657
-1.092  0.241629  2210
-14.404  0.246203  9086
85.64  0.357494  814
-318.812  0.229974  1161
95.98  0.251412  1770
13.564  0.239521  668
71.84  0.368421  779
-355.888  0.236  500
67.624  0.330338  1892
9.572  0.246819  6523
54.008  0.229094  1148
54  0.342207  2066
-254.54  0.20857  16383
-111.264  0.239759  1660
-279.408  0.223762  505
299.06  0.213699  730
8.984  0.251358  2025
-246.328  0.225508  541
71.644  0.368421  722
66.92  0.34227  1753
201.548  0.221811  541
67.908  0.384407  1475
254.984  0.220447  1252
23.952  0.26573  1494
82.828  0.319605  607
-16.468  0.231441  687
14.296  0.202991  468
-170.172  0.226804  388
8.316  0.246106  1284
6.892  0.256348  4096
-7.596  0  16383
48.68  0.251969  1905
22.5  0.239829  467
50.04  0.3301  2887
61.888  0.337313  670
58.204  0.341532  2480
-258.36  0.243297  1007
-45.376  0.244125  1532
15.008  0.17847  353
93.184  0.343348  466
286.792  0.158945  16383
145.264  0.258194  1739
91.008  0.344064  497
9.376  0.191283  413
-150.176  0.247544  3664
64.624  0.316629  878
-52.456  0.244647  1868
57.824  0.341137  897
53.704  0.342883  2199
-100.128  0.273743  1074
6.88  0.217047  1138
164.344  0.366082  855
-390.008  0.231905  1354
-194.192  0.184149  429
-1.544  0.233276  1166
-358.856  0.20625  480
55.824  0.352941  1173
-71.88  0.243265  1225
79.664  0.351955  716
3.224  0.20298  537
280.552  0.2386  943
-173.32  0.17851  577
13.744  0.244838  678
58.624  0.389189  1850
-289.472  0.235294  1020
14.328  0.222  500
-82.52  0.260536  522
-208.744  0.206944  720
12.984  0.269598  523
-25.92  0.24345  1565
-80.464  0.209497  716
-310.904  0.260116  519
-0.56  0.258065  434
-143.312  0.036074  16383
9.704  0.244151  1667
63.736  0.342514  2251
-7.2  0.25  1848
50.2  0.313775  3187
377.544  0.134796  319
-176.808  0.250867  1730
-330.208  0.248498  1332
-74.376  0.28  1325
54.192  0.32809  3115
-8.128  0.258982  668
18.376  0.192405  395
-169.6  0.256892  798
-104.264  0.25323  1548
45.096  0.328547  3552
54.56  0.363671  2593
51.528  0.338162  2209
78.8  0.328889  675
57.528  0.360719  1558
256.392  0.334268  1427
244.592  0.225033  751
375.952  0.251303  1918
-194.216  0.196429  560
-327.08  0.184959  492
135.776  0  16383
77.8  0.323105  1108
-287.848  0.224377  361
-277.872  0.235632  696
10.08  0.231405  1210
10.504  0.273187  593
36.064  0.147059  340
185.704  0.242213  2151
214.392  0.217021  705
-179.168  0.217662  804
131.176  0.318029  893
10.784  0.234875  1124
50.256  0.351105  3076
2.888  0.244603  5327
-296.904  0.245819  598
12.6  0.240569  1405
2.184  0.216942  484
68.648  0.366013  1683
51.96  0.328033  3899
-1.832  0.237288  1062
58.128  0.367816  1653
11.504  0.273526  797
56.72  0.368902  984
9.808  0.223499  783
-252.552  0.225092  813
-212.704  0.368026  1864
76.248  0.384615  884
78.488  0.331536  742
-30.016  0.364706  765
11.424  0.25198  1389
308.768  0.278351  582
-69.776  0.213333  450
17.264  0.107937  315
154.48  0.203424  993
36.032  0.187919  447
-0.064  0.205934  573
19.264  0.190476  336
71.144  0.344618  1152
126.744  0.346395  638
58.632  0.322028  3037
16.328  0.21729  428
-130.304  0.266129  868
69.464  0.340909  484
-235.784  0.213552  487
60.184  0.35502  1783
13.904  0.140704  398
-245.592  0.246596  661
-237.136  0.256868  2184
109.048  0.255704  2761
2.048  0.242521  936
-305.776  0.272321  896
66.104  0.359828  931
201.592  0.35  1000
16.064  0.213483  445
-308.656  0.228793  1674
46.32  0.356754  3672
82.136  0.357798  763
317.08  0.245556  900
-352.816  0.246481  3481
56.608  0.351797  1697
-289.16  0.207154  671
13.328  0.268844  1194
-250.72  0.239631  434
55.392  0.335562  2393
8.464  0.226878  1957
-306.344  0.282581  775
-1.392  0.211511  1390
246.72  0.243299  485
159.608  0.218659  686
-281.328  0.257669  1956
52.824  0.337121  2376
45.28  0.251157  864
313.224  0.225904  664
-313.584  0.251145  1310
-100.152  0.248183  963
60.64  0.389895  1049
349.712  0.231914  1949
1.424  0.208575  863
11.16  0.208817  431
-145.152  0.249071  2152
180.296  0.256825  1795
-114.472  0.251101  454
76  0.337785  1273
12.08  0.264779  2013
6.264  0.366667  1050
56  0.328684  1147
10.736  0.22848  941
321.168  0.238095  1071
54.68  0.328859  2980
61.92  0.370236  1102
13.352  0.220302  463
-215.192  0.229936  2031
11.032  0.227642  615
128.104  0.254476  782
-344.784  0.196133  362
-0.192  0.261725  661
295.872  0.216467  753
11.904  0.26383  940
83.496  0.408  875
-146.248  0.223846  1711
62.528  0.287625  598
94.096  0.359914  464
-170.08  0.250613  1632
-2.16  0.220137  586
-73.536  0.256236  441
-52.216  0.241738  1634
61.32  0.359184  735
52.512  0.317308  3536
14.784  0.259184  490
52.728  0.313173  1207
-244.032  0.223901  728
-356.136  0.191441  888
59.688  0.374348  959
2.184  0.238748  511
10.472  0.220461  1388
87.752  0.240347  1036
322.064  0.178886  682
16.264  0.193622  439
-268.032  0.241259  572
-68.896  0.247997  8488
154.56  0.210757  911
61.72  0.363756  2279
29.08  0.255633  3994
14.464  0.214128  453
268.328  0.250825  909
63.312  0.365052  578
72.064  0.341969  965
8.704  0.250662  3778
-335.456  0.249634  4102
-313.264  0.243697  357
-4.76  0  16383
-227.312  0.231884  483
68.056  0.387665  1362
-3.784  0.2664  1250
100.672  0.231362  389
92.912  0.389127  699
-3.344  0.243553  1745
-250.368  0.243711  1908
66  0.360836  909
65.488  0.355509  481
15.872  0.257336  443
-2.856  0.228871  1337
-102.576  0.246847  3330
-6.816  0.286855  11145
-137.016  0.242044  2231
58.408  0.237895  475
50.856  0.331244  2234
271.896  0.272393  815
-361.832  0.232078  823
67.104  0.372032  1137
-152.912  0.199623  531
74.016  0.245763  1770
11.456  0.23253  830
-193.576  0.236328  1536
-249.608  0.251497  668
66.232  0.354419  1154
15.816  0.225664  452
54.192  0.328273  3491
-305.72  0.26284  662
-0.128  0.259524  420
12.488  0.258014  3182
57.904  0.36935  907
-351.656  0.245933  1045
17.56  0.230769  390
-249.328  0.249162  895
-25.2  0.217454  699
-359.152  0.320896  670
55.8  0.362012  2743
68.472  0.376254  598
-45.864  0.191489  517
-108.984  0.231233  1492
74.312  0.330454  926
66.736  0.349554  1233
-6.464  0.243161  329
371.56  0.232827  1383
-148.656  0.257426  505
69.88  0.366361  1635
-19.704  0.241096  730
57.336  0.327546  2131
194.936  0.260791  556
73.16  0.324723  542
54.592  0.36711  2408
15.408  0.239905  421
-264.848  0.205926  1350
238.288  0.237736  1855
6.056  0.25539  1809
17.336  0.24848  1316
5.888  0.245059  6223
-199.544  0.252717  1104
68.408  0.397858  1214
59.688  0.377269  1267
76.704  0.347619  1260
-330.136  0.235586  2012
102.752  0.241685  451
55.76  0.317324  3019
59.392  0.260394  457
63.816  0.321827  1970
-78.184  0.240469  1364
74.872  0.239247  372
9.032  0.251588  5982
84.232  0.248574  1227
8.704  0.239259  2374
16.44  0.206813  411
-282.216  0.247561  14861
-369.08  0.208589  978
65.392  0.397086  549
-289.984  0.243478  1265
15.16  0.197959  490
64.16  0.4008  1250
55.096  0.356284  915
317.376  0.260145  1799
-275.936  0.250584  1712
8.32  0.207192  584
56.184  0.334219  2636
78.408  0.359551  712
48.872  0.335967  2658
-96.144  0.233196  729
-137.376  0.230769  1105
2.24  0.180614  16383
6.224  0.252974  5716
-0.384  0.21875  448
74.536  0.309615  1040
17.904  0.213942  416
90.84  0.359259  810
159.344  0.239234  418
-148.936  0.243736  439
73.88  0.354373  1109
61.36  0.374081  1497
-46.744  0.209917  605
-43.808  0.202128  376
-231.688  0.226415  424
64.296  0.363687  1801
369.84  0.217538  593
10.968  0.241729  1874
85.768  0.320652  552
-265.336  0.235988  678
16.264  0.182022  445
-311.76  0.24148  3081
37.968  0.229927  548
52.624  0.34633  3283
-204.248  0.219231  520
6.256  0.228571  770
68.672  0.218905  804
60.928  0.369335  1324
12.624  0.254545  1375
64.376  0.380052  1163
-142.832  0.273504  702
-340.624  0.217536  901
52.96  0.326986  3361
13.064  0.242378  656
-11.832  0  16383
-20.16  0.258919  3700
335.576  0.250965  1554
276.432  0.268551  566
25.52  0.2668  997
56.048  0.340626  2651
-374.376  0.225867  1067
12.12  0.234867  2065
19.904  0.192935  368
-5.808  0.226072  1703
-264.192  0.208226  778
52.08  0.260306  849
-294.672  0.226277  411
7.848  0.232385  2143
-147.128  0.234043  1081
373.176  0.255924  844
-318.064  0.168901  373
-216.328  0.250213  7058
-25.144  0.231548  691
101.736  0.227273  770
54.952  0.378462  1625
-178.592  0.253866  776
14.872  0.267442  344
70.36  0.365373  1675
358.064  0.386774  998
267.096  0.23949  785
-168.312  0.182033  423
68.752  0.335312  1011
64.312  0.374188  1232
7.768  0.239592  1177
62.224  0.355828  1467
92.24  0.375212  1178
52.272  0.34005  1191
-150.104  0.243545  3137
-317.16  0.241067  1987
-22.056  0.258121  1139
-83.144  0.244816  1495
11.376  0.2432  625
6.352  0.244347  1371
67.688  0.337793  897
199.12  0.253377  1851
160.872  0.371648  783
283.488  0.228771  1001
102.512  0.24611  707
243.408  0.227178  964
-177.168  0.22334  1491
-79.72  0.261421  788
-189.456  0.250414  1813
-257.672  0.217998  1289
-366.912  0.241814  397
53.672  0.257911  3160
9.04  0.253901  8460
48.768  0.368113  1706
201.888  0.198529  408
-94.448  0.190168  773
51.088  0.324136  3443
-332.344  0.285714  595
50.096  0.362677  2465
295.808  0.238701  708
54.072  0.3292  3226
72.376  0.357458  1133
-61  0.170391  358
365.904  0.334824  1789
156.096  0.18543  453
-2.536  0.243287  6741
64.424  0.336341  1219
54.32  0.322238  2824
-183.888  0.239151  2120
-331.872  0.241739  1725
-139.36  0.249714  873
148.48  0.340401  1745
62.552  0.343407  2184
-309.232  0.244755  3575
61.544  0.339436  1311
11.36  0.218247  1118
69.816  0.317802  1674
-91.328  0.255206  1873
192.576  0.239082  1351
256.96  0.27013  385
-6.128  0.244859  2626
52.032  0.376471  595
50.432  0.325335  4626
10.28  0.224832  596
278.048  0.364168  1881
-1.672  0.26179  1039
70.384  0.356073  1202
10.504  0.252052  3289
59.08  0.35428  923
199.456  0.258497  1118
52.944  0.318441  4029
-118.968  0.209345  1648
60.224  0.341231  2828
66.2  0.22479  476
125.176  0.369141  512
-0.248  0.203846  520
69.344  0.384045  1078
114.752  0.242308  1300
-1.456  0  16383
19.328  0.275  440
-52.264  0.244165  1671
16.936  0.250627  399
-102.256  0.212613  555
66.24  0.410606  1320
56.656  0.319273  1541
15.576  0.246809  470
84.808  0.318367  490
66.592  0.40146  822
54.432  0.342839  3156
-65.672  0.264561  2026
61.856  0.335224  1763
14.392  0.235656  488
-328.36  0.253955  1201
58.968  0.372987  1118
58.192  0.331791  2809
16.296  0.195467  353
7.624  0.260568  7215
76.912  0.351244  1005
15.312  0.243007  572
271.16  0.246667  750
62.248  0.26494  502
1.312  0.201814  441
8.496  0.260063  5068
-28.016  0.250422  1186
54.752  0.329541  2725
62.424  0.367761  1036
56.168  0.364336  1430
15.928  0.192683  410
166.448  0.266831  1619
11.232  0.237899  971
-260.08  0.260614  3910
-181.768  0.237778  900
-283.312  0.21729  856
51.12  0.348264  3081
71.152  0.354839  589
59.688  0.360248  1127
16.968  0.189845  453
10.16  0.24053  528
373.512  0.227368  950
129.552  0.257611  854
-91.424  0.256897  580
-164.632  0.21608  398
348.392  0.188636  440
59.328  0.353153  1110
12.4  0.260232  1295
143.76  0.341212  2327
-96  0.224779  565
288.904  0.257576  660
-302.472  0.362832  3164
71.36  0.371014  1035
13.2  0.219136  648
60.016  0.379139  1812
68.312  0.365529  1201
-108.776  0.240124  2582
53.824  0.333698  2745
88.44  0.347826  851
-120.984  0.240912  1843
143.656  0.340993  1088
4.712  0.230796  2825
-334.656  0.228802  1486
52.624  0.335155  2745
14.872  0.217476  515
0.864  0.266674  8831
73.536  0.311178  662
-85.2  0.275138  1810
-311.576  0.242531  1138
174.608  0.319495  554
2.76  0.211632  619
-263.016  0.195965  347
-376.344  0.240401  599
59.16  0.388563  682
165.176  0.356481  1296
14.944  0.233813  556
-2.896  0.22316  829
-129.08  0.255698  1799
120.736  0.342926  1668
53.88  0.344377  3139
85.064  0.330357  672
385.104  0.36536  791
-87.984  0.360465  2752
-147.2  0.213162  699
-0.144  0.22522  1594
48.464  0.328719  3395
90.976  0.320325  615
185.928  0.239687  1915
250.896  0.259743  8031
151.328  0.236073  1813
324.064  0.251858  2287
-3.696  0.246653  3511
186.88  0.23913  2024
-87.536  0.227433  853
90.784  0.3504  625
-1.408  0.225157  1590
-52.72  0.239057  594
-338.112  0.260719  1446
221.048  0.266871  1304
5.464  0.244793  6193
17.512  0.261236  356
369.856  0.242773  3217
-289.528  0.23166  518
-3.904  0.226891  476
284.968  0.243802  484
-61.808  0.249608  1915
63.264  0.394706  1700
61.328  0.348711  737
-129.376  0.260954  1027
126.408  0.248918  1848
-46.464  0.22807  456
52.272  0.327978  2863
182.664  0.247042  3465
5.688  0.262796  1309
-38.312  0.238921  519
73.312  0.390769  650
84.408  0.346185  1219
-164  0.22619  840
258.416  0.395437  789
-20.64  0.21943  597
196.984  0.233978  983
74.656  0.368182  1100
59.48  0.343188  778
88.184  0.344765  554
73.456  0.336386  1638
283.208  0.25  1336
-277.848  0.230769  702
-128.376  0.230447  716
255.696  0.23487  694
-7.456  0.230811  1837
-196.44  0.254436  3325
18.176  0.133017  421
8  0.242991  428
-266  0.200477  419
93.016  0.366609  581
283.992  0.259876  9062
76.528  0.350126  794
-325.184  0.219388  392
68.344  0.364815  1620
12.464  0.251572  795
162.152  0.193317  419
-7.096  0.00360129  16383
-322.032  0.300429  466
24.216  0.262419  926
17.864  0.222749  422
68.48  0.37542  1489
221.192  0.368071  902
293.56  0.350427  819
333.224  0.252501  1699
-124.36  0.220145  963
10.192  0.25348  2730
219.64  0.254046  1421
280.472  0.261669  707
-7.408  0  16383
17.52  0.236478  795
-138.808  0.264608  3303
-243.344  0.25812  1170
-3.368  0.264827  3153
59.6  0.353896  924
276.928  0.251989  377
14.176  0.266129  496
-154.736  0.233077  1433
73.376  0.335385  650
-71.776  0.226015  1699
341.904  0.242762  449
62.688  0.359415  2326
-34.784  0.19697  462
13.376  0.243478  460
156.448  0.242481  532
68.864  0.382079  1395
58.96  0.371725  2214
87.84  0.345133  452
-278.224  0.245283  371
0.704  0.226269  906
-252.544  0.239229  882
14.512  0.236842  456
95.328  0.249794  1213
15.888  0.229858  422
-148.048  0.232986  2013
-182.592  0.244308  1142
55.056  0.325378  2514
65.168  0.185535  318
-343.92  0.246373  3377
63.312  0.361882  2125
61.344  0.352197  1661
58.144  0.36093  1377
12.288  0.220408  980
59.056  0.36047  2555
-131.536  0.269437  746
67.088  0.333874  617
16.768  0.280702  627
18.336  0.233202  506
353.184  0.221271  1636
2  0.244411  671
61.936  0.314162  1843
55.584  0.342201  2744
55.632  0.327652  1584
167.376  0.222349  877
-0.752  0.208443  379
309.024  0.362912  879
59.296  0.340675  2134
57.568  0.354673  2140
-176.512  0.223338  797
13.456  0.201936  723
64.832  0.34876  605
-48.88  0.212856  949
65.456  0.345679  1620
120.352  0.214425  513
13.52  0.271845  515
-88.08  0.263743  1710
66.448  0.303855  441
-149.408  0.23301  1648
-89.088  0.270681  1644
-1.472  0.222377  2154
54.768  0.35087  2585
146.192  0.241935  434
67.568  0.359408  1419
90.736  0.321078  408
383.52  0.287016  439
-118  0.218182  825
-313.952  0.238596  1140
-1.152  0.238953  1833
-263.6  0.232092  1745
107.584  0.230769  962
-209.008  0.238022  647
175.76  0.366183  1928
69.936  0.341321  1544
289.008  0.197183  426
197.568  0.34923  1363
11.904  0.239972  2842
-163.712  0.222222  1467
64.112  0.311758  927
61.52  0.331724  1450
50.864  0.357039  1378
-316.112  0.25  1344
72.928  0.36394  599
81.568  0.350055  917
-70.848  0.235811  3753
308.864  0.206799  353
56.96  0.380769  520
9.232  0.257431  1783
59.168  0.349057  1590
-60.672  0.261981  939
-37.888  0.234733  524
134.624  0.265493  1307
-198.256  0.172107  337
159.84  0.255541  767
66.32  0.389456  1176
202.352  0.232992  1073
109.056  0.222826  368
301.904  0.230098  1947
11.648  0.233826  1082
140.144  0.358159  1195
62.672  0.339496  1785
60.928  0.346844  1505
13.904  0.241895  401
61.28  0.358289  935
3.104  0.256396  5550
-232.208  0.274949  491
-50.16  0.224206  504
53.632  0.33232  1974
88.544  0.344426  601
34.304  0.207483  882
66.016  0.366667  1170
-114.992  0.261054  2126
-78.032  0.251938  1032
66  0.38961  1155
-284.032  0.255466  869
0.56  0.26209  9760
10.928  0.241316  1094
70.464  0.35109  1652
-37.248  0.16954  348
149.744  0.387147  638
163.568  0.247368  570
-314.912  0.22093  602
7.76  0.248565  3311
142.496  0.25982  2113
-282.32  0.236036  555
11.12  0.249792  1201
-95.152  0.260647  587
7.712  0.227964  658
15.84  0.226337  486
362.992  0.243889  1759
225.152  0.059696  16383
-215.28  0.215479  1137
9.28  0.272662  1401
58.272  0.347452  1393
81.024  0.37031  613
263.616  0.367021  564
-290.08  0.0196545  16383
-281.456  0.260454  837
13.728  0.229798  396
9.92  0.230739  2570
-53.072  0.230864  1620
87.44  0.421975  628
163.136  0.391975  648
68.912  0.343886  916
201.632  0.235537  726
55.648  0.331215  2518
52.096  0.326649  3441
80.48  0.317104  801
12  0.239943  696
98.4  0.333333  501
78.384  0.305776  883
137.84  0.213576  604
68.912  0.382353  1156
-185.872  0.260258  1706
-123.824  0.215847  366
68.752  0.388268  1432
61.984  0.375605  1861
69.424  0.369369  1776
55.936  0.349487  1754
58.224  0.362156  1781
15.92  0.218814  489
-84.496  0.262168  904
-217.408  0.270563  462
11.808  0.233784  740
11.744  0.282565  998
11.696  0.250769  650
-189.856  0.259873  785
66.176  0.343031  1478
11.376  0.261343  551
14.944  0.207679  573
56.384  0.370732  2050
392.16  0.249246  995
-236.416  0.253322  1129
-279.968  0.232236  577
70.144  0.345182  1266
-321.68  0.236928  1224
35.648  0.223127  614
318.192  0.229137  2828
16.912  0.287129  404
4.736  0.249943  4385
2.656  0.104743  16383
-91.152  0.248822  1061
10.304  0.246839  1977
16.416  0.151596  376
55.984  0.351678  2562
17.648  0.23539  616
64.064  0.326984  945
14.944  0.236434  774
351.568  0.235776  2443
-150.576  0.247439  1269
-51.728  0.251897  659
55.104  0.330041  3442
-20.272  0.288288  444
102.304  0.264325  541
62.016  0.367571  1733
341.552  0.204225  426
297.36  0.258958  614
59.216  0.340176  2728
56.192  0.370531  1846
16.672  0.24838  463
-222.768  0.212202  377
-29.456  0.238342  1351
-6.48  0.258837  3508
15.968  0.199605  506
147.152  0.244681  1128
-238.512  0.22975  679
59.616  0.344458  1588
79.984  0.360746  912
15.52  0.24826  431
-200.784  0  16383
-337.184  0.239774  1418
93.536  0.224852  507
237.504  0.263419  1006
307.104  0.221228  782
13.248  0.210728  522
346.368  0.192399  421
224.448  0.234162  1247
78.72  0.333333  1305
81.104  0.368816  667
-82.224  0.27789  493
62.016  0.371091  1439
272  0.226087  1265
72.272  0.362199  1455
-246.672  0.250535  2806
-79.696  0.253363  3122
81.664  0.348519  439
-219.872  0.251659  1808
6.08  0.238644  1475
-152.704  0.246038  1325
63.312  0.356234  786
8.176  0.250378  1985
12.816  0.242991  856
-77.76  0.255068  1776
78.784  0.359736  909
