56.61  0.352879  1893
15.133  0.218593  398
-215.311  0.169524  525
11.265  0.234864  958
-257.891  0.246348  1506
259.352  0.250621  3220
6.842  0.257425  14781
100.297  0.264751  1949
266.328  0.337468  3144
183.468  0.384807  803
64.056  0.382172  976
73.812  0.394949  990
59.765  0.394215  1210
60.96  0.344053  2581
-2.752  0.202312  346
87.391  0.326  500
13.094  0.263605  588
252.437  0.388787  1088
69.406  0.225888  394
68.517  0.372534  1267
6.875  0.242026  3574
11.171  0.244782  5797
-237.453  0.237288  826
67.046  0.363042  1223
51.516  0.357371  2510
89.656  0.381048  496
-19.655  0.204748  337
15.938  0.216561  471
-328.282  0.240786  1221
-105.924  0.2  460
90.187  0.265035  1879
31.884  0.260225  14841
72.11  0.294118  493
263.25  0.238806  1273
56.117  0.318348  1913
-89.609  0.227835  970
53.422  0.356968  2454
-305.828  0.247444  978
69.876  0.355556  585
61.53  0.359589  876
2.105  0.244781  9053
-238.337  0.283365  2615
0.032  0.221532  483
227.25  0.390719  668
-239.392  0.2441  1483
16.096  0.204938  405
68.687  0.353827  797
304.156  0.257831  830
63.374  0.345642  1652
11.657  0.224215  446
81.048  0.250606  4948
-268.517  0.248899  454
-92.375  0.272727  539
-368.109  0.253846  2340
-240.055  0.250442  2827
50.804  0.344166  3231
53.485  0.34225  2542
57.515  0.368699  2083
-250.342  0.152882  399
54.705  0.343932  2233
60.828  0.307937  630
57.891  0.388672  1536
188.22  0.392128  686
60.048  0.374834  1510
66.844  0.386014  715
63.939  0.318256  1835
-51.53  0.265018  566
66.731  0.353933  1246
-238.111  0.20625  480
-144.367  0.328069  4432
-15.852  0.273664  2039
17.437  0.165468  417
-328.641  0.244681  1410
11.53  0.2287  446
70.283  0.380766  1279
64.64  0.349359  1560
-322.789  0.341545  3572
12.735  0.243328  637
118.297  0.244318  528
-266.063  0.347689  952
-282.047  0.246078  1211
92.39  0.261094  969
234.685  0.37058  707
-139.5  0.247204  1699
168.186  0.356027  1792
-40.219  0.343445  923
164.907  0.190019  521
55.718  0.334167  1999
292.5  0.22906  585
-2.36  0.206767  1064
12.514  0.240542  1401
-14.664  0.247346  1884
1.25  0.256919  15285
-1.125  0.215584  385
307.451  0.248066  3491
13.624  0.213559  590
-230.516  0.220183  436
-197.757  0.175121  16383
49.906  0.340513  975
-346.313  0.200328  609
15.313  0.238307  449
-0.469  0.272966  1143
293.188  0.348946  427
-228.828  0.248009  879
0.042  0.249153  12101
-390.748  0.210526  361
12.266  0.263692  986
64.204  0.351442  1491
104.562  0.425044  1134
61.389  0.329883  2222
66.998  0.348875  1866
-26.429  0.246988  1992
65  0.328219  2151
10.484  0.250661  3403
-38.184  0.199468  376
-219.439  0.235192  574
-3.11  0.280832  2019
-79.672  0.377682  699
-213.063  0.257463  804
-191.951  0.201227  815
71.094  0.388635  1531
84.391  0.350195  514
-2.53  0.228975  1629
-36.343  0.212406  532
67.969  0.369547  1169
58.765  0.336791  3085
58.789  0.330387  2376
-246.359  0.23427  1780
-380.282  0.232406  1222
56.688  0.327926  863
241.642  0.326616  1191
221.626  0.355082  1594
16.453  0.211694  496
82.969  0.37325  643
-151.499  0.237077  561
54.906  0.348074  2804
74.468  0.37366  653
130.109  0.197605  668
-201.063  0.245203  469
12.781  0  16383
-111.812  0.197561  410
298.906  0.230769  663
-246.939  0.299748  397
64.328  0.362151  1469
-130.687  0.222222  603
16.055  0.257908  411
28.218  0.249637  689
14.327  0.222222  720
-342.64  0.23341  1311
-4.234  0.246897  2175
62.904  0.370518  1004
1.016  0.237332  1559
-278.826  0.243065  757
213.586  0.220149  804
204.936  0.241935  558
17.282  0.28841  371
220.046  0.335196  537
1.624  0.262911  639
17.204  0.227679  448
138.284  0.226891  476
-15.248  0.220896  670
162.016  0.38438  653
-196.374  0.194009  701
-10.82  0.244054  967
80.796  0.362993  989
-262.972  0.192488  426
-0.612  0.234419  1075
51.378  0.33515  2936
11.344  0.228128  1223
15.672  0.224568  521
-216.212  0.247226  3244
-14.422  0.274102  529
-191.858  0.372321  1633
54.014  0.215238  525
8.39  0.22201  1045
6.704  0.250709  5640
-372.82  0.244782  2108
63.876  0.347207  913
9.062  0.3125  496
94.344  0.209199  674
48.452  0.248594  1778
63.962  0.241098  3061
13.704  0.25641  507
57.592  0.329503  3220
50.82  0.333668  3989
272.656  0.255495  364
62.39  0.338506  2449
87.97  0.383984  487
9.142  0.254237  2832
93.298  0.390018  541
51.94  0.334337  3652
13.422  0.0952381  168
151.82  0.251265  3359
14.032  0.209459  444
13.296  0.205451  477
227.86  0.244275  2096
-318.256  0.339231  3278
92.97  0.378049  902
-215.736  0.269069  2858
19.406  0.224532  481
57.686  0.330377  1804
-4.228  0.247188  3823
143.61  0.261652  1223
52.11  0.353926  1732
14.108  0.284211  475
12.878  0.247184  1687
59.468  0.33435  1968
-219.548  0.276507  481
82.374  0.359649  798
78.812  0.331081  592
230.888  0.241961  1244
24.282  0.295745  470
157.18  0.368996  916
-343.064  0.225532  470
-353  0.180198  505
22.388  0.171348  356
-305.844  0.241144  734
66.596  0.347192  2333
61.06  0.317414  1717
-373.86  0.254088  795
-326.358  0.245471  1104
-1.86  0.231481  1296
51.686  0.31978  1820
-20.858  0.251397  1790
-1.516  0.260274  2847
-394.75  0.341463  1476
63.064  0.402362  1270
11.5  0.235722  963
242.204  0.0590246  16383
-254.432  0.356135  921
-322.968  0.222405  607
-263.828  0.257133  3014
223.704  0.255586  1835
265.5  0.237949  975
76.518  0.322204  599
17.828  0.254279  409
-284.61  0.237562  804
-102.22  0.266445  1201
55.798  0.333812  1393
6.112  0.268513  1553
-288.78  0.227523  545
17.25  0.173913  437
64.33  0.349151  1707
61.748  0.363233  1126
67.264  0.331274  1295
15.158  0.180498  482
-171.376  0.24158  1722
53.476  0.327945  3031
32.432  0.228033  478
58.212  0.345112  1698
62.14  0.349324  1480
6.146  0  16383
-228.092  0.248963  482
129.188  0.207957  553
-235.124  0.229682  566
15  0.263672  512
-157.61  0.262626  495
-4.36  0.225617  851
60.232  0.356832  2071
-51.462  0.16622  373
60.374  0.40251  1195
58.814  0.341235  2025
184.068  0.223952  1670
-194.748  0.24145  1462
63.534  0.345438  1129
317.142  0.211735  392
12.844  0.252551  392
54.404  0.361257  1719
19.468  0.224096  415
-72.828  0.206226  771
-272.75  0.167665  334
2.852  0.264194  14020
9.89  0.240268  745
-375.812  0.249493  493
-76.072  0.214162  2316
-247.124  0.234624  439
91.516  0.38968  562
59.368  0.380226  1770
12.952  0.233766  462
141.204  0.355584  779
68.094  0.389215  853
61.142  0.395676  925
95.08  0.352113  2201
-280.188  0.230137  1460
218.128  0.266156  913
69.814  0.338861  1387
50.89  0.35531  2533
14.936  0.234188  585
66.188  0.352285  897
184.6  0.246939  10618
-367.17  0.345  1600
17.094  0.273523  457
-259.532  0.208633  556
-79.888  0.339223  4018
87.14  0.398844  692
150.124  0.354545  1100
15.092  0.266055  436
7.8  0.255361  3031
68.812  0.189474  475
-109.752  0.203008  532
-65.376  0.256206  3384
208.08  0.209589  730
-256.312  0.272997  674
17.86  0.246512  1505
-319.656  0.25924  1921
57.952  0.330755  2715
-316.08  0.251863  1342
71.088  0.361783  785
-1.372  0.0465116  16383
15.78  0.198556  554
66.468  0.320882  1633
60.344  0.35791  1397
-340.484  0.232925  571
15.032  0.239506  810
8.424  0  16383
6.376  0.184982  546
77.004  0.337804  1193
16.812  0.235169  472
-223.956  0.243534  1392
8.5  0.246062  2666
10.096  0.190643  855
64.612  0.375254  1479
191.608  0.257028  747
-42.328  0.237027  713
13.5  0.163265  343
-88.96  0.22524  626
82.592  0.402094  955
204.252  0.209091  330
8.664  0.240821  2778
0.504  0.0538363  16383
166.372  0.236052  1631
55.424  0.32793  1604
14.78  0.266667  525
-194.748  0.26229  3031
73.8  0.392174  1150
8.748  0.238237  2019
-303.5  0.246413  1603
154.94  0.239255  1396
216.392  0.25188  532
-161.344  0.152455  387
-363.984  0.249824  1417
-0.972  0.207576  660
0.252  0.230583  412
26.64  0.225882  425
61.408  0.355998  2309
-61.3  0.242312  813
15.452  0.271028  535
217.688  0.379109  1369
-5.852  0.234864  1916
-119.728  0.231837  2161
231.752  0.228748  647
130.312  0.205805  379
278.076  0.24948  1924
-315.856  0.237013  616
60.876  0.362967  1766
-391.36  0.21157  1210
231.252  0.112179  312
-196.564  0.217848  381
71.06  0.384023  1039
13.704  0.22524  626
-131.392  0.22381  630
5.248  0.182058  379
59.28  0.319658  2340
-303.032  0.261111  1260
-325.064  0.261635  795
14.624  0.210421  499
66.92  0.345238  924
-123.164  0.256287  3937
9.892  0.202824  779
5.3  0.244514  1276
10.516  0.256861  2332
10.888  0.207627  708
-273.816  0.231293  441
10.956  0.245802  1965
-167.548  0.239492  1261
9.344  0.238384  1485
14.36  0.216165  532
263.688  0.27178  1056
16.956  0.231214  346
175.472  0.264395  7485
-217.032  0.26993  715
257.504  0.357217  963
4.004  0  16383
16.672  0.231183  372
-370.78  0.1875  464
14.592  0.211921  604
66.124  0.341577  647
-69.296  0.237122  1223
61.268  0.371025  566
68.268  0.381937  919
67.844  0.368019  1701
52.736  0.353191  2820
-54.932  0.251353  1663
-125.844  0.260668  1078
9.736  0.271318  1032
127.42  0.358478  1551
-360.548  0.228296  933
56.284  0.346707  2642
14.764  0.281879  447
63.908  0.335838  1730
308.564  0.125  328
10.44  0.229872  1714
19.628  0.189189  370
4.212  0.247896  4159
282.596  0.236948  747
80.968  0.37232  1026
-256.096  0.27044  477
73.016  0.366564  652
15.452  0.26506  415
15.672  0.215789  380
17.172  0.255365  466
-233.576  0.211091  559
-104.06  0.209607  458
0.904  0.241503  559
172.796  0.227633  1766
-252.532  0.179487  546
9.628  0.223439  1553
-299.468  0.241416  932
-255.124  0.240964  581
74.672  0.346094  1280
12.048  0.255102  980
-2.672  0.254212  1365
12.468  0.225547  869
-179.512  0.234917  1558
-85.968  0.236111  1008
-140.5  0.228632  468
-276.408  0.24494  3409
-286.392  0.216535  1270
-131.468  0.232497  757
13.984  0.225875  943
64.704  0.380537  1377
307.848  0.231076  1004
-261.672  0.258403  476
-77.108  0.236747  1377
-329.64  0.256281  398
240.064  0.183824  408
117.812  0.359268  874
8.988  0.266462  2278
192.184  0.357942  447
-76.712  0.25308  1786
59.728  0.322268  2892
274.796  0.26764  411
-350.58  0.262559  1055
53.864  0.357292  2880
56.764  0.330769  3510
73.188  0.309951  613
13.704  0.224206  504
8.968  0.23014  856
86.596  0.373737  495
56.364  0.382528  1843
131.64  0.257644  1766
200.264  0.236205  1033
8.896  0.258835  11432
-236.016  0.209607  458
8.54  0.25951  7229
55.716  0.253799  658
16.468  0.238477  499
57.668  0.370674  1705
-163.408  0.226131  796
7.516  0.238991  2339
18.032  0.215116  344
-75.752  0.117994  339
-73.092  0.243292  559
-59.34  0.240841  1665
-89.408  0.263158  437
-205.096  0.226449  552
-71.28  0.242678  478
147.968  0.193277  357
17.22  0.274463  419
52.076  0.233366  1007
-223.64  0.241201  1932
-385.844  0.268997  658
78.84  0.352495  922
54.816  0.384867  2141
4.884  0.237693  3555
11.388  0.262873  1107
-320.256  0.105231  16383
-161.176  0.234234  444
-110.86  0.206117  752
53.296  0.356164  3212
-151.372  0.234759  1870
148.28  0.251846  1219
108.94  0.26462  684
-196.924  0.248918  462
8.248  0.245567  3327
65.436  0.355485  948
-376.064  0.248764  607
67.016  0.390146  751
-161.264  0.227115  863
171.016  0.343458  1284
-332.532  0.226453  499
-202.188  0.207493  694
66.748  0.369674  1596
57.86  0.343191  2739
68.12  0.390394  812
-93.872  0.224163  687
10.936  0.17765  349
71.048  0.385113  1236
-298.86  0.21671  1149
-14.532  0.217884  794
47.956  0.366901  1281
58.716  0.338298  1410
75.736  0.364068  1052
6.94  0.246344  2188
234.64  0.356688  942
-305.28  0.195329  471
150.484  0.354365  1363
-98  0.258324  2733
31.22  0.253028  743
55.924  0.380531  791
1.688  0.17033  364
175.36  0.283784  518
270.628  0.322132  863
15.544  0.213636  440
150.028  0.18  500
66.14  0.318269  1040
81.656  0.387909  794
15.252  0.248476  656
58.328  0.342246  1122
10.6  0.231191  2552
63.98  0.329457  516
71.296  0.381392  1408
-269.064  0.240918  523
270.092  0.221649  388
236.624  0.234493  661
-210.436  0.304933  446
-0.14  0.206938  836
54.992  0.392143  1451
70.296  0.369216  1059
13.376  0.275204  367
-4.4  0.255396  1946
-112.86  0.177419  372
150  0.246006  1252
72.7  0.349938  803
-303.236  0.266145  1533
3.796  0.25829  4011
87.328  0.333333  588
237.284  0.390679  1459
127.096  0.155367  354
11.848  0.207852  433
56.524  0.331321  2816
17.024  0.212202  377
73.376  0.380906  1016
-220.22  0.297552  531
72.608  0.399009  807
285.128  0.248858  1314
29.108  0.228117  377
16.984  0.144444  360
24.612  0.227313  1135
57.064  0.363307  1935
-67.212  0.234664  1027
163.204  0.348631  1242
13.92  0.237389  1348
16.032  0.221204  764
310.344  0.34689  836
258.232  0.337438  1218
13.044  0.286187  1209
-24.936  0.269652  2010
-146.94  0.174998  16383
80.436  0.353011  847
12.5  0.268054  817
-220.172  0.237745  816
-172.576  0.247379  1908
71.752  0.333568  1421
66.768  0.376224  715
88.396  0.256684  2057
-142.44  0.235457  1444
-67.5  0.262332  446
9.084  0.231733  479
48.952  0.232019  862
-310.328  0.224747  792
86.78  0.356412  1661
70.592  0.335478  1088
282.296  0.222222  432
-66.516  0.242798  972
-176.688  0.248927  466
59.368  0.327605  2735
65.864  0.235294  391
12.344  0.266484  728
63.176  0.337379  1648
9.952  0.241288  3788
-149.624  0.224299  856
-110.808  0.243902  451
16.512  0.235294  459
73.448  0.359649  456
82.84  0.366972  763
-393.456  0.245008  1853
-275.688  0.323689  553
55.52  0.393939  858
66.656  0.36052  846
259.376  0.224122  1111
136.64  0.243427  1027
-380.408  0.214072  668
54.32  0.3577  2818
59.032  0.361198  1603
-150.488  0.255981  418
-3.656  0.242821  3517
79.544  0.271242  918
146.688  0.214414  555
-379.704  0.253731  804
275.52  0.342647  680
71.664  0.380375  907
-4.296  0.250195  1279
57.792  0.350122  1231
-7.552  0.192578  16383
9.232  0.270023  437
8.2  0.244716  6624
221.888  0.184713  628
16.64  0.238956  498
-389.832  0.228469  836
-22.512  0.354146  1025
-111.184  0.24  975
-191.72  0.223192  802
14.888  0.194245  556
-54.36  0.244767  1242
10.648  0.2576  625
54.648  0.353519  1222
-0.16  0.271396  888
66.312  0.385882  1275
49.808  0.350587  3149
15.16  0.266187  417
63.704  0.347393  1707
-359.376  0.25698  1576
-29.232  0.166667  600
13.536  0.249581  597
52.976  0.333504  3898
63.608  0.371943  777
-1.272  0.242731  791
-262.28  0.240678  590
15.12  0.201786  560
-7.88  0.244646  1541
69.808  0.273997  573
61.504  0.356345  2506
14.36  0.21474  787
15.24  0.257329  614
-169.616  0.136239  16383
63.672  0.359413  2454
51.576  0.327058  3134
-195.144  0.242556  1377
161.12  0.343548  620
-384.888  0.368745  1299
302.44  0.248663  1496
1.888  0.251022  9055
0.768  0.237928  1139
74.952  0.355017  907
89.84  0.36194  536
-227.384  0.236733  2657
-177.416  0.254427  1073
6.544  0.249724  6335
15.176  0.261618  581
76.968  0.227778  540
6.456  0.245236  2781
68.736  0.375194  645
-357.824  0.22155  826
-244.752  0.297508  642
-263.312  0.247917  960
-376.584  0.236318  402
-301.584  0.250139  1795
60.736  0.35625  800
13.512  0.190476  777
13.44  0.215364  729
249.656  0.224702  672
15.248  0.212613  555
69.472  0.343782  989
53.92  0.359389  3339
155.264  0.376486  757
-23.216  0.260076  13596
82.312  0.379085  765
13.528  0.276944  733
168.752  0.226381  561
