16.687  0.322981  161 4
13.093  0.234555  955 4
-24.014  0.269444  1080 6
-161.843  0.354067  209 4
292.015  0.414373  654 6
-153.954  0.245977  435 6
97.782  0.183432  169 4
-328.782  0.240678  590 6
86.858  0.365134  1457 4
-342.376  0.235656  488 4
73.906  0.363806  2144 6
-31.75  0.151987  16383 4
268.376  0.374684  395 4
83.281  0.378128  1079 4
43.126  0.128049  164 4
16.438  0.207381  569 4
254.437  0.188889  360 6
123.171  0.244473  1538 4
-207.593  0.246632  1707 4
193.405  0.232938  674 4
-3.907  0.246057  634 6
64.624  0.316594  4122 4
-114  0.282486  177 4
-129.407  0.233266  493 6
8.375  0.221649  194 6
-394.095  0.255279  11129 6
-35.827  0.215596  872 4
-89.813  0.142857  301 6
126.251  0.26  200 4
10.875  0.267925  265 6
209.623  0.227703  1480 4
69.5  0.320645  2417 4
75.391  0.342451  1901 6
10.469  0.276522  575 4
-264.86  0.320988  324 6
14.312  0.246679  527 4
-347.061  0.269485  757 6
167.372  0.252101  357 6
-71.891  0.254962  1965 4
-44.653  0.220615  553 6
-20.28  0.334375  320 6
-55.751  0.2571  669 4
224.859  0.366255  243 4
53.344  0.208955  335 4
15.032  0.257606  493 4
-340.609  0.178191  376 4
-362.766  0.166667  210 6
-273.687  0.283096  491 6
95.876  0.227811  338 4
140.906  0.285714  224 4
80.718  0.337366  744 6
20.377  0.057554  139 4
295.72  0.263323  638 6
9.25  0.256506  269 4
-333.561  0.201258  159 4
-393.266  0.229814  644 6
108.563  0.34  400 4
-102.626  0.297872  235 4
14.251  0.256461  503 4
-124.53  0.172867  457 4
256.344  0.249231  325 4
76.687  0.37637  821 6
109.172  0.238579  197 4
195.218  0.276151  478 4
76.624  0.450939  479 4
110.048  0.264151  1484 6
50.687  0.234842  2474 4
5.625  0.245283  848 6
-374.593  0.191667  360 4
-258.437  0.220324  1112 6
-301.748  0.251429  175 6
281.814  0.187234  235 4
82.953  0.224285  1293 4
-252.315  0.139706  272 6
13.438  0.212121  165 4
21.75  0.278169  284 4
206.126  0.365079  315 4
294.939  0.270451  599 6
251.374  0.210345  290 4
79.874  0.36597  1675 6
-167.124  0.23145  1469 4
84.156  0.391304  805 4
-269.39  0.222892  166 4
122.188  0.353591  181 6
259.002  0.384211  380 4
-145.438  0.254846  1393 4
163.814  0.284916  358 4
12.374  0.200608  329 4
250.594  0.276147  1090 6
211.375  0.391156  294 4
15.439  0.261456  371 6
4.562  0.267949  12118 6
12.952  0.159624  426 6
202.814  0.341829  667 6
229.843  0.368421  266 4
47.03  0.258979  529 6
90.391  0.333333  519 6
198.564  0.285054  649 4
180.437  0.366752  1955 4
286.498  0.132911  158 6
-146.811  0.233553  304 6
-70.312  0.147727  176 6
204.217  0.198953  191 4
-26.125  0.239882  4052 4
85.014  0.379683  1575 4
-168.343  0.279167  480 4
15.968  0.228992  476 4
-131.844  0.147465  217 6
253.437  0.437143  700 4
-165.406  0.335907  259 4
94.329  0.372581  1240 6
-292.188  0.253026  1735 4
114.469  0.419929  281 4
-390.953  0.205882  136 4
18.811  0.260479  334 4
-308.407  0.222656  768 4
93.594  0.239927  1092 4
-390.906  0.259425  1114 4
-182.063  0.24237  1671 4
113.532  0.269283  13380 6
228.47  0.396368  936 6
-187.061  0.165323  248 4
-249.391  0.245228  2043 6
-300.127  0.237785  307 4
0.719  0.295732  328 6
-78.657  0.250286  875 6
-223.935  0.233161  579 4
-343.671  0.254967  302 6
79.874  0.332443  2247 6
-345.533  0.245077  457 6
265.891  0.269687  927 6
-80.937  0.458974  390 4
53.047  0.259643  1063 6
24.312  0.232044  181 6
-306.656  0.231034  580 6
-139.531  0.212766  235 4
41.422  0.131429  175 6
-288.906  0.251755  2137 6
6.251  0.260437  6731 6
113.344  0.364273  571 4
-124.547  0.217993  289 4
-151.562  0.253521  355 4
-227.89  0.223037  955 6
167.405  0.386935  199 6
30.095  0.258772  228 4
21.828  0.249084  273 6
16.282  0.10559  161 6
-3.437  0.149606  254 6
68.625  0.342829  2001 4
15.437  0.265403  422 6
214.734  0.391635  263 4
-55.078  0.24302  967 4
15.689  0.265306  147 4
34.281  0.265758  1761 4
17.172  0.0456853  197 4
10.843  0.269841  945 4
-3.844  0.24942  1724 4
153.247  0.360177  1130 6
66.812  0.357068  1896 4
12.157  0.275827  997 4
11.453  0.27234  940 6
70.922  0.351145  2227 4
30.188  0.231884  207 6
86.624  0.349112  1183 4
128.687  0.245614  1197 6
16.47  0.154472  369 6
-0.562  0.227273  352 4
122.343  0.413509  607 4
18  0.241611  149 4
17.577  0.245614  228 6
186.985  0.245345  2417 6
-180.343  0.235223  829 4
-184.377  0.301282  156 4
110.876  0.335121  373 6
-270.063  0.256579  608 6
109.906  0.392361  864 6
-219.327  0.3  190 4
16.736  0.267742  310 4
238.986  0.417017  952 6
21.75  0.266667  495 4
-142.593  0.377593  1205 6
86.72  0.394834  1084 6
-283.344  0.251208  621 4
-259.844  0.19195  323 4
15.844  0.247216  449 4
316.03  0.293333  675 4
-81.937  0.241071  1680 4
9.642  0.253975  2201 4
105.343  0.34879  496 4
80.407  0.114286  245 6
184.75  0.19802  303 6
-289.937  0.174419  430 6
176.531  0.257757  1257 6
15.249  0.236074  377 4
85.969  0.365672  1340 6
8.311  0.229286  1919 6
33.72  0.224924  987 4
20.157  0.205742  209 4
78.969  0.391137  519 4
14.843  0.276215  391 4
225.25  0.237598  1149 6
-37.141  0.217391  161 6
13.593  0.151515  231 4
13.874  0.160428  187 4
-294.218  0.266983  633 4
180.437  0.234421  337 6
75.657  0.339695  1048 6
16.375  0.256158  1421 6
-259.095  0.16185  173 6
22.125  0.127273  110 6
-52.561  0.292135  267 4
-138.999  0.152542  236 6
81.485  0.350331  1961 6
23.937  0.306977  215 6
82  0.360784  255 6
19.5  0.247834  577 6
257.406  0.352201  318 6
-128  0.265537  177 6
8.561  0.240091  2649 4
248.312  0.337662  154 6
66.929  0.317708  3840 6
-373.75  0.251866  536 4
-129.968  0.358149  1491 6
65.968  0.18  250 4
218.125  0.360704  1023 4
-246.797  0.252816  799 6
15.202  0.252796  447 4
66.657  0.255687  1099 6
-116.687  0.241126  817 6
266.843  0.234609  1202 6
-115.111  0.264687  3098 6
45.748  0.240157  508 4
-217.267  0.145695  151 4
-109.25  0.225405  803 4
290.219  0.247495  998 6
-307.909  0.231733  479 6
-334.374  0.247166  441 6
-0.813  0.255172  290 4
12.843  0.261822  867 6
16.907  0.366667  270 6
17.188  0.1875  192 6
-37.72  0.179402  301 4
-78.718  0.252574  1651 4
85.516  0.246686  1358 6
243.265  0.406557  305 6
113.938  0.310345  174 6
69.688  0.362783  2558 4
-46.204  0.215642  895 6
65.359  0.343934  1698 6
-30.845  0.259169  1227 4
173.719  0.247692  650 6
105.219  0.364821  614 6
71.907  0.361362  1439 4
-101.985  0.236364  330 6
-73.624  0.13245  151 4
-282.503  0.257677  749 4
-26.001  0.0827586  145 6
15.093  0.243976  664 6
71.498  0.380245  1144 6
204.236  0.28135  622 4
61.749  0.198925  186 6
127.328  0.347732  463 6
-380.937  0.234528  307 4
274.342  0.214822  1066 4
-66.064  0.2657  207 6
285.953  0.236866  1123 4
15.188  0.23494  166 4
-208.342  0.257407  1080 6
8.75  0.19697  264 4
21.032  0.268657  201 6
-115.906  0.260664  422 4
-176.702  0.246253  934 6
9.967  0.236973  3224 6
212.437  0.242922  1095 6
-36.298  0.261905  1218 4
16.126  0.146718  259 6
80.984  0.219653  692 4
189.674  0  16383 4
14.188  0.233202  253 6
65.173  0.327595  3892 6
15.343  0.352941  425 4
-338.436  0.195906  342 6
-392.609  0.268247  2151 4
-197.313  0.108333  120 6
9.296  0.251662  3159 6
10.375  0.251359  736 4
-28.656  0.318182  286 6
140.063  0.354839  403 6
113.687  0.236232  690 6
16.188  0.1  160 4
11.687  0.235537  242 4
-257.297  0.221262  1157 6
11.688  0.155125  361 6
318.938  0.235577  624 6
-342.096  0.199115  226 6
74.407  0.242163  1276 6
26.563  0.273885  157 4
-152.922  0.246003  1939 4
-336.062  0.209877  243 4
15.359  0.200637  314 6
-342.969  0.275346  1736 6
-87.453  0.24017  1882 6
11.811  0.279851  804 6
193.75  0.321101  218 6
14.344  0.242991  749 6
13.452  0.287234  564 6
86.72  0.363943  1187 4
-148.126  0.266314  567 6
68.062  0.3695  3023 6
191.204  0.247458  295 4
-309.296  0.251887  2120 4
-354.343  0.240069  579 4
103.343  0.252708  831 6
286.814  0.233034  2004 6
227.61  0.240634  1388 6
71.64  0.349945  1826 4
134.971  0.26087  207 4
4.156  0.241208  4237 6
-169.532  0.272458  1013 6
73.393  0.347373  2113 6
-300.203  0.243364  2901 4
-100.687  0.2539  1859 4
179.593  0.378709  573 6
276.296  0.324405  336 6
-262.797  0.251834  2045 6
-368.998  0.222826  184 6
13.937  0.265101  298 4
10.89  0.240902  3105 6
-274.594  0.258356  1107 6
170.672  0.376634  1224 6
274.594  0.170213  376 6
174.844  0.344519  447 4
-378.376  0.288344  326 6
-362.391  0.275479  2610 6
311.548  0.252035  3809 4
304.501  0.255498  2137 6
-120.735  0.208022  1471 6
77.126  0.259259  2484 4
15.282  0.234545  550 6
12.064  0.233184  446 4
289.467  0.151079  139 4
-241.033  0.364569  1462 4
14.921  0.203846  260 6
74.485  0.314723  2615 4
145.655  0.320158  253 6
-329.593  0.237854  988 4
196.984  0.359867  1206 4
-119.032  0.199005  201 4
192.125  0.3875  240 4
2.125  0.264901  604 6
-219.813  0.237723  1792 6
80.796  0.331646  1580 6
-294.126  0.297619  252 6
14.094  0.255  200 4
-219.187  0.251672  1196 4
-153.062  0.228448  464 6
82.815  0.340856  1728 4
244.219  0.267766  788 4
245.999  0.272507  2888 4
261.297  0.268551  566 4
-83.939  0.143426  251 4
14.219  0.242634  577 6
-151.094  0.184615  130 6
14.312  0.243902  246 4
-254.063  0.24948  481 4
122.094  0.255644  1639 4
-18.22  0.248188  1104 6
-63.844  0.249589  609 6
-6.781  0.189873  158 4
79.688  0.323011  2325 6
309.126  0.288973  263 6
168.453  0.373585  795 4
-35.204  0.222989  435 4
307.219  0.35969  1290 6
-49.469  0.231111  225 4
235.562  0.319767  344 4
17.218  0.387665  227 4
84.093  0.355204  1768 6
17.016  0.251852  270 4
102.844  0.241453  936 4
-306.485  0.332534  5007 6
-307.406  0.28145  469 6
257.33  0.252889  1471 6
12.316  0.236287  237 6
-373.125  0.226148  566 6
-53.656  0.276316  532 6
-208.439  0.246445  422 4
95.688  0.321895  612 4
144.126  0.267819  1852 4
-53.687  0.282051  234 6
-307.498  0.168067  238 4
12.767  0.241401  1570 4
73.951  0.34714  1521 4
-57.625  0.0253922  16383 6
-351.016  0.211325  989 4
199.657  0.345944  2564 4
81.593  0.367183  1615 4
69.189  0.335127  3530 6
199.937  0.329897  679 4
79.626  0.380414  1062 6
144.908  0.256705  522 6
-299.938  0.279167  240 4
12.39  0.218905  1005 4
-164.376  0.255814  172 4
-374.125  0.196581  234 4
145.03  0.370968  310 4
83.22  0.362007  279 6
-269.984  0.230769  715 6
-11.125  0.273885  157 6
187.937  0.27234  235 4
5.5  0.239884  346 4
283.468  0.22865  363 6
14.203  0.184906  265 6
73.047  0.368657  670 4
-177.563  0.177243  457 6
11.719  0.236158  2384 4
64.437  0.397959  490 6
183.735  0.369915  1057 6
176.407  0.386139  808 4
9.766  0.233633  2444 6
81.25  0.164286  140 4
153.751  0.371795  234 4
85.03  0.403217  1741 6
-154.688  0.276382  199 4
90.296  0.38878  1016 4
24.516  0.272031  261 6
-249.625  0.257143  245 4
75.5  0.351741  833 4
-320.875  0.20904  177 6
11.25  0.242775  519 6
-358.376  0.221095  493 4
94.593  0.390244  1107 4
-223.222  0.22861  748 4
154.483  0.227704  1054 6
-227.656  0.24581  179 4
247.249  0.247125  3217 4
15.203  0.298507  402 6
72.453  0.378671  1941 4
39.155  0.252475  606 6
96.611  0.407625  1023 4
123.344  0.253045  739 6
-147.829  0.276471  340 4
113.501  0.197425  233 6
136.093  0.373626  546 4
-290.376  0.216135  1004 4
279.686  0.376319  853 6
77.062  0.400362  1104 6
-367.376  0.241706  211 4
227.733  0.245786  3975 6
-191.125  0.19295  539 4
-51.469  0.265398  893 4
187.375  0.282609  276 6
-29.453  0.266551  574 4
-140.439  0.202749  291 4
300.5  0.366667  1890 4
24.187  0.27551  196 6
-41.782  0.365957  235 4
-6.78  0.232628  662 4
95.188  0.423358  959 4
69.077  0.341435  2551 6
69.374  0.357367  638 4
18.859  0.217557  262 4
-153.499  0.329843  191 6
-381.688  0.235683  454 6
15.249  0.222222  540 4
14.343  0.289782  597 4
16.126  0.27972  286 4
63.032  0.256484  347 6
-64.028  0.283654  208 4
78.89  0.374384  1218 4
14.281  0.265552  1077 4
17.202  0.239437  213 6
17.501  0.282468  308 6
76.687  0.39863  730 6
107.979  0.367041  534 6
-348.141  0.26504  1762 4
-59.547  0.248073  2076 4
193.03  0.260664  211 6
290.716  0.215432  1309 4
24.062  0.238318  214 6
-186.5  0.206742  445 4
128.547  0.37218  266 6
175.376  0.380952  273 4
4.937  0.251941  3993 6
89.342  0.370933  461 6
-12.502  0.261803  1165 4
-102.125  0.252948  1696 4
31.25  0.0887574  169 4
11.282  0.317618  403 6
14.172  0.239091  1100 4
80.843  0.355717  1653 4
119.625  0.377358  795 6
-311.313  0.211562  813 6
12.283  0.256516  729 4
77.906  0.395041  605 6
131.18  0.247416  3096 4
-270.999  0.242751  1207 4
17.875  0.0234375  128 4
11.782  0.266751  791 6
219.906  0.243636  550 4
160.374  0.20442  181 4
12.921  0.240886  2167 4
-90.249  0.238002  1021 6
301.594  0.239224  464 4
11.374  0.270145  1514 6
69.564  0.394251  1461 4
15.407  0.266667  420 4
-104.282  0.247845  1392 6
-238.47  0.173077  208 4
-209.345  0.23913  184 6
243.72  0.0848485  165 4
-379.407  0.261278  532 4
-299.423  0.226925  1961 4
-64.938  0.270686  3118 4
16.14  0.274096  664 4
87.095  0.376572  1511 6
102.671  0.379501  361 6
-140.595  0.241192  369 4
11.281  0.263462  520 6
-112.673  0.22619  420 4
-9.36  0.250916  2455 4
236.936  0.240343  932 4
11.5  0.257714  2852 4
-290.14  0.267135  2991 4
92.906  0.16  175 6
-396.5  0.240642  187 6
-266.997  0.260518  618 4
90.312  0.37005  808 4
76.296  0.370953  2162 4
312.923  0.265537  177 4
-8.438  0.311475  183 4
-342.548  0.243559  2057 6
19.75  0.266667  195 6
9.687  0.248848  434 4
14.68  0.192913  508 6
88.405  0.347165  723 6
13.72  0.24772  658 4
11.968  0.149123  342 6
157.25  0.375  328 6
-157.688  0.404124  485 6
8.5  0.248232  4242 6
89.97  0.366337  808 6
64.998  0.342282  149 6
72.984  0.352532  2587 6
13.751  0.278351  194 4
72.908  0.362275  668 4
290.173  0.279783  554 4
3.564  0.254056  2342 4
11.844  0.244861  1654 6
-30.922  0.259015  1969 4
16.468  0.265092  381 4
86.922  0.226179  1039 6
65.016  0.377524  2625 4
213.749  0.20155  129 6
102.905  0.390046  864 6
15.438  0.255319  282 4
145.219  0.367391  920 6
124.409  0.369048  252 4
19.312  0.217617  193 4
82.063  0.33443  1824 4
16.047  0.2263  327 6
154.876  0.204778  293 6
-326.689  0.241087  589 6
27.749  0.229167  240 4
-319.251  0.24639  1108 4
-297.359  0.237389  337 6
12.5  0.260483  787 6
-72.813  0.28125  192 4
-291.486  0.21748  492 6
-6.53  0.297561  410 4
132.625  0.209343  578 6
79.249  0.37489  1139 6
287.016  0.244305  1273 4
13.282  0.256065  371 6
-224.158  0.164  250 6
148.095  0.29562  274 6
-208.253  0.153409  176 6
74.001  0.384025  1953 4
85.249  0.370916  1561 4
-256.999  0.166667  210 4
67.171  0.332853  1388 4
269.876  0.372549  306 6
307.389  0.24223  1094 6
-109.314  0.229268  410 6
77.625  0.3836  1439 6
73.938  0.356827  2710 6
-264.375  0.256809  257 4
203.156  0.295775  213 4
81.578  0.376734  1874 6
98.19  0.356459  1254 6
71.281  0.357495  2842 6
-233.782  0.23908  870 6
74.806  0.34493  3018 6
-306.546  0.239055  1439 6
315.969  0.245957  1484 4
255.471  0.236249  1909 4
-252.328  0.278261  805 6
120.469  0.277228  202 6
5.596  0.262489  3303 6
9.282  0.267993  4474 6
-95.827  0.242588  1113 6
-286.311  0.298387  248 4
-232.689  0.198552  967 6
-285.859  0.22744  1086 4
-275.312  0.186441  236 4
92.516  0.396061  457 6
14.656  0.290816  196 6
84.47  0.391538  1489 4
97.126  0.431942  551 4
-17.719  0.219917  482 6
-382.469  0.233933  778 6
-339.844  0.35237  1751 6
-253.595  0.129032  155 6
142.501  0.321429  196 6
17.656  0.278481  237 6
-171.281  0.265725  1558 6
-299.878  0.221643  767 6
12.155  0.204023  348 6
-70.219  0.272401  558 4
292.938  0.182243  214 4
106.703  0.408669  323 6
103.468  0.386612  732 4
109.328  0.403718  753 4
99.687  0.401639  366 4
77.875  0.347119  1475 4
146.047  0.250267  1874 6
286.25  0.258845  1074 4
101.811  0.369903  1030 4
-350.031  0.214612  219 6
8.782  0.253243  6630 4
181.655  0.196809  376 4
67.439  0.374109  842 4
-241.798  0.322449  245 6
10.781  0.248619  905 6
241.281  0.150235  213 4
75.891  0.359913  2759 6
71.141  0.348517  3271 6
16.093  0.248092  262 4
9.611  0.236264  182 4
-258.814  0.255319  1927 6
10.125  0.239286  280 4
67.248  0.336683  2786 4
14.813  0.32449  490 4
-314.25  0.225806  279 6
-213  0.135802  243 4
69.424  0.327326  3440 6
12.813  0.269885  1823 4
150.062  0.263238  1322 6
-329.563  0.210227  176 6
94.235  0.399302  859 4
74.157  0.387387  555 4
14  0.314136  191 4
97.11  0.233846  325 4
-243.25  0.269953  426 4
173.72  0.213615  852 6
-240.533  0.247232  542 4
20.063  0.231707  492 6
232.343  0.24025  1923 4
10.937  0.25  536 6
20.72  0.317949  195 4
205.203  0.245363  1887 6
14.969  0.267423  617 6
74.125  0.350506  2271 4
151.718  0.255562  3506 4
84.719  0.258317  511 6
-16.373  0.140244  164 6
83.657  0.380753  956 4
117.937  0.295812  382 4
105.282  0.375624  1001 4
128.594  0.271277  752 4
-385.781  0.238422  583 4
-332.908  0.249863  1825 4
16.889  0.327177  379 4
96.438  0.325766  881 6
307.436  0.253866  776 4
-312.001  0.0305344  131 6
-384.64  0.248956  1916 4
99.923  0.28254  315 6
249.97  0.268839  982 4
69.655  0.355346  954 4
5.735  0.266276  4439 6
93.158  0.42029  759 4
134.718  0.24712  955 4
-295.939  0.274691  324 4
-345.031  0.255918  1563 6
9.937  0.293296  358 4
-21.186  0.239544  263 4
12.719  0.259205  2064 4
12.782  0.202744  656 6
-278.154  0.239038  707 6
213.782  0.263514  1480 4
213.812  0.243875  898 6
303.624  0.365443  654 6
12  0.258216  1065 4
262.233  0.242888  914 4
72.468  0.334459  2368 6
118.687  0.405738  732 4
-231.594  0.360577  208 4
75.812  0.368039  413 4
8.344  0.231003  987 4
290  0.157143  140 4
63.485  0.352335  2912 6
11.984  0.24472  805 6
13.345  0.204545  440 6
-64.063  0.188854  16383 6
12.625  0.266077  1244 6
-82.907  0.247849  581 6
16.094  0.218845  329 4
17.312  0.284038  426 4
85.125  0.407698  1403 4
14.156  0.289655  290 4
-76.079  0.218447  206 4
111.062  0.283088  272 4
215.717  0.261694  791 4
154.391  0.398524  271 4
-356.641  0.272889  1125 6
-333.656  0.284599  1409 4
194.533  0.204819  332 6
84.921  0.299559  227 4
262.124  0.215529  747 6
108.891  0.315508  187 4
15.749  0.0592105  152 4
81.672  0.116129  155 6
106.279  0.343849  951 6
79.372  0.116505  206 4
243.749  0.209386  277 6
-273.968  0.261044  498 4
88.767  0.145833  240 6
14.218  0.265517  290 4
-203.187  0.263221  832 4
16.5  0.170254  511 6
89.219  0.196491  285 6
-375.561  0.280193  207 4
-4.905  0.175824  273 6
21.75  0.252565  1267 4
136.031  0.249412  425 4
10.251  0.254438  507 6
82.469  0.411523  486 6
38.75  0.293853  667 6
18.437  0.167969  256 6
15.827  0.216981  530 4
248.718  0.356742  356 4
263.625  0.251832  1910 6
10.751  0.247082  514 4
-182.11  0.257197  2119 4
11.908  0.249186  2456 6
215.546  0.214286  196 4
216.608  0.348432  287 4
-213.249  0.224359  624 6
142.531  0.326531  1911 4
313.658  0.218579  183 6
-56.529  0.3  310 6
21.876  0.156566  198 4
63.735  0.35002  2557 4
309.063  0.307692  247 4
76.844  0.184783  368 6
268.922  0.360987  1784 4
73.719  0.343535  1601 4
15.25  0.299087  438 4
153.952  0.367089  711 4
-36.907  0.265432  648 6
235.063  0.235849  424 4
46.562  0.27897  233 4
19.859  0.265499  742 6
-188.672  0.255107  2105 4
-114.688  0.133333  180 4
119.564  0.289216  204 4
77.265  0.378049  738 6
-5  0.246533  649 6
11.953  0.241441  1665 6
-234.906  0.206406  562 4
94.625  0.381206  564 6
9.654  0.248938  1177 4
1.251  0  16383 4
22.156  0.25  560 6
13.405  0.248101  1975 6
0.624  0.259036  1162 4
222.736  0.221277  235 4
173.046  0.323529  238 4
-281.469  0.2527  463 6
222.69  0.151685  178 6
14.062  0.263158  285 6
67.999  0.349819  1658 6
172.218  0.188612  562 4
-396.813  0.262548  777 4
14.25  0.202765  217 4
16.125  0.238095  462 6
11.689  0.12987  154 6
-268.219  0.204938  405 4
19.282  0.271889  217 4
112.578  0.151515  198 4
-223.876  0.259101  467 4
-240.969  0.279498  1195 6
9.752  0.216981  212 6
16.751  0.212625  301 6
100.126  0.41065  1108 4
10.405  0.262657  5570 4
18  0.0277778  108 6
-53.405  0.259465  898 6
95.626  0.376404  356 4
179.219  0.432584  356 4
-126.938  0.242553  1410 6
-170.344  0.225536  1073 4
-171.17  0.260802  648 4
68.267  0.363001  2719 4
-253.563  0.210024  838 6
16.406  0.195402  174 6
-53.5  0.238182  550 4
65.032  0.344396  3435 4
10.658  0.233374  1654 4
9.82  0.25029  3448 6
13.565  0.223239  1093 4
-108.907  0.267263  782 4
90.453  0.217391  207 4
75.173  0.346241  2195 6
-39.814  0.191781  657 6
-39.141  0.259705  747 6
17.658  0.173913  161 6
-21.126  0.243952  496 4
15.094  0.304762  315 4
80.312  0.381379  1450 4
8.311  0.262957  1833 4
70.407  0.382209  1023 4
90.375  0.425743  404 4
-313.188  0.262857  175 6
-151.406  0.214058  313 4
13.814  0.170526  475 4
142.609  0.36612  366 4
53.484  0.256034  2113 6
-82.624  0.291176  340 6
15.187  0.268678  696 4
292.86  0.230816  1642 4
107.061  0.256881  218 4
88.045  0.346547  1665 4
13.469  0.229391  837 6
-220.314  0.258353  1676 4
95.655  0.36767  631 4
69.032  0.325027  3692 4
170.875  0.191176  136 4
-125.75  0.262104  599 6
-38.593  0.336134  238 6
-166.126  0.352307  1669 6
13.687  0.2  105 6
12.468  0.25302  1573 4
11.905  0.271663  1708 4
-362.313  0.263682  201 6
75.734  0.366925  1935 6
11.032  0.241611  596 6
15.766  0.245455  330 6
125.939  0.349445  1262 6
97.468  0.259849  1193 6
-281.5  0.271984  978 4
4.279  0.262344  3362 4
-144.143  0.257035  3696 4
-136.281  0.229358  218 6
4.188  0.259773  6779 4
-179.188  0.29275  731 6
107.001  0.234266  286 6
11.313  0.250555  3153 4
90.515  0.347204  769 4
138.516  0.226148  283 6
-36  0.160142  281 4
12.876  0.271883  754 6
-171.284  0.255652  575 4
10.531  0.251483  843 6
-344.968  0.214408  583 6
-224.172  0.247672  1074 6
-385.875  0.262799  293 4
147.251  0.262277  2749 6
17.359  0.181818  209 6
10.72  0.233969  577 4
-180.718  0.243478  345 4
94.546  0.255192  2504 6
7.766  0.261584  1338 6
-149.937  0.260465  1935 4
-24.063  0.259259  270 6
155.75  0.359375  960 4
16.702  0.309038  343 6
3.828  0.256123  5798 6
-35.031  0.253521  710 6
161.142  0.279167  240 4
13.468  0.238359  902 4
16.783  0.254335  346 4
-369.186  0.378947  190 6
-238.814  0.273333  150 4
228.609  0.255282  1136 4
82.156  0.393717  955 4
-1.686  0.258225  1003 6
96.124  0.376147  545 4
-285.593  0.27503  1658 6
10.468  0.23301  721 4
14.296  0.198718  780 6
13.767  0.247803  569 6
23.657  0.228311  219 4
61.813  0.264865  925 4
13.454  0.233674  1271 6
-389.876  0.270195  359 4
8.577  0.24533  6371 6
-357.047  0.17551  245 6
10.563  0.262904  2693 4
73.531  0.341534  3130 6
94.139  0.387001  677 6
77.406  0.36456  886 4
11.563  0.293103  754 4
254.703  0.381001  979 4
247.312  0.225275  364 6
157.454  0.356027  896 6
132.252  0.213483  178 4
149.531  0.189616  443 6
-155.282  0.157454  597 6
-121.078  0.226601  203 4
-238.376  0.309524  252 4
-87.594  0.0378788  132 4
91.157  0.335793  542 6
68.703  0.338988  3301 4
176.282  0.398244  1253 6
10.421  0.261538  1690 6
-135.64  0.237762  429 6
-218.748  0.140351  171 6
70.968  0.359155  2698 6
-322.78  0.223256  215 4
71.217  0.372549  2142 4
66.797  0.327004  4055 4
216.455  0.279107  627 4
-294.672  0.224649  1282 4
259.594  0.181818  275 6
101.062  0.277457  173 6
-190.78  0.191083  157 6
285.515  0.249057  1325 4
223.642  0.256881  327 6
13.797  0.25  2028 4
71.016  0.329739  2226 6
91.374  0.376896  857 4
114.499  0.389831  590 4
-19.61  0.265938  1098 6
-192.454  0.260138  1307 4
-317.467  0.183453  278 6
12.251  0.274194  186 6
156.001  0.247951  488 6
73.562  0.354822  1908 6
265.014  0.261236  356 6
158.812  0.371471  1346 6
185.718  0.406551  1038 6
286.532  0.376997  313 4
-176.219  0.157233  159 6
12.952  0.279452  1095 6
85.563  0.366591  1323 4
15.376  0.175439  171 6
58.687  0.219895  191 4
-369.127  0.244025  795 4
-105.563  0.21308  474 4
155.61  0.227273  264 6
12.594  0.229474  475 4
-249.985  0.264408  2273 4
-249.798  0.25525  619 6
277.626  0.252907  688 6
-65.03  0.243243  333 6
195.656  0.247475  594 6
8.593  0.254227  1715 4
82.467  0.354738  1277 6
304.97  0.276094  297 4
79.001  0.354962  262 4
14.75  0.244131  426 6
-233.796  0.229877  1379 6
-201.469  0.225989  531 4
92.845  0.387665  454 4
90.406  0.370478  691 4
217.533  0.241218  427 4
17.563  0.157343  286 4
4.03  0  16383 6
66.563  0.32856  3701 4
-320.813  0.247813  343 6
-187.937  0.311765  170 6
54.251  0.238438  2638 6
8.546  0.250596  3356 6
102.218  0.419532  727 6
-27.375  0.167539  191 4
-304  0.186207  145 6
96.719  0.368351  752 6
294.937  0.356784  597 6
24.188  0.221402  271 6
-220.343  0.264463  605 6
-214.624  0.145161  248 4
-4.875  0.27883  581 4
5.92  0.252822  443 6
88.03  0.376494  1004 6
286.626  0.145594  261 6
14.781  0.277778  288 6
81.829  0.335646  2306 4
196.048  0.227979  193 6
-391.581  0.257739  1486 6
-26.534  0.218824  850 6
259.095  0.27321  377 4
148.936  0.349711  692 4
-155.313  0.107692  195 6
229.906  0.348624  218 6
1.969  0.256639  10318 4
-95.872  0.25188  266 4
-283.28  0.231884  207 6
64.265  0.260718  863 6
-206.343  0.179167  240 4
99.688  0.412639  538 4
12.298  0.228346  1143 4
124.093  0.431727  498 4
150.593  0.269091  275 6
297.735  0.343949  1256 6
291.687  0.399404  671 4
71.001  0.405348  935 4
-301.188  0.274052  343 6
-258.891  0.150754  199 6
-246.97  0.243976  996 6
120.062  0.340426  235 4
10.383  0.255799  3190 6
14.829  0.221538  325 4
15.187  0.0833333  204 4
-8.531  0.241667  360 6
-141.843  0.338902  419 6
165.875  0.265625  192 6
276.173  0.402116  378 4
12.624  0.196667  300 6
245.875  0.266272  169 4
9.922  0.250139  1799 4
-390.547  0.254484  892 6
190.25  0.261339  463 6
215.592  0.247008  919 4
78.373  0.370794  1575 6
224.562  0.247212  538 4
230.288  0.261017  15930 4
18.969  0.223114  623 4
84.501  0.226361  349 6
-268.313  0.209302  215 4
10.219  0.254342  2418 4
256.313  0.188889  360 4
13.468  0.340149  538 4
-315.25  0.233503  197 4
-300.842  0.299342  304 4
-232.062  0.25042  595 4
80.062  0.390957  1128 4
-273  0.230366  191 6
-361.313  0.199396  331 6
-305.687  0.202046  391 4
79.999  0.422775  764 6
11.562  0.233408  1341 6
-227.345  0.177966  236 6
-271.094  0.268437  2034 4
14.751  0.27027  185 6
163.438  0.387755  441 4
179.687  0.32852  554 6
-367.453  0.243875  898 4
-17.11  0.279389  1897 4
18.656  0.251185  211 4
238.734  0.339116  2940 6
-189.657  0.280992  242 6
12.499  0.253102  806 4
15.156  0.213615  426 6
-237.407  0.243976  332 6
85.687  0.345304  1810 4
17.967  0.18107  243 4
-230.656  0.266281  691 6
26.282  0.274725  182 4
64.406  0.253639  1786 4
117.499  0.242424  330 6
28.954  0.255618  356 6
72.985  0.390746  1556 6
133.53  0.23185  427 4
159.125  0.128378  148 6
82.188  0.355201  1067 4
11.875  0.255245  286 6
134.312  0.210526  494 4
-295.624  0.247754  779 4
73.188  0.360996  482 6
15.095  0.239651  459 6
82.001  0.333918  2279 4
152.406  0.235127  353 6
13.672  0.272165  485 6
66.627  0.320485  4618 4
168.938  0.351145  262 4
10.173  0.236233  1816 4
-233.937  0.259825  916 6
16  0.30363  303 6
75.906  0.340376  426 4
216.406  0.274406  1137 4
266.531  0.249551  1114 4
15.702  0.257225  346 4
-104.532  0.261131  1999 4
94.578  0.236111  360 4
-6.218  0.269162  561 4
98.813  0.260377  265 6
21.939  0.277273  220 4
12.064  0.242285  1523 6
294.907  0.179012  162 6
73.437  0.345197  2332 4
-142.875  0.320755  212 6
-343.735  0.257246  1380 4
72.234  0.358908  1538 6
67.095  0.335876  3540 4
14.514  0.27  600 6
100.061  0.212963  324 6
13.124  0.265127  909 6
-326.998  0.182171  258 6
-267.594  0.291866  209 6
-121.437  0.250125  2003 6
254.846  0.331967  244 6
28.53  0.277358  530 6
11.031  0.253327  2104 6
65.86  0.253994  1252 4
193.998  0.231863  703 4
109.547  0.378342  748 6
-360.406  0.272206  349 4
-133.829  0.283262  233 4
-393.126  0.255102  196 4
287.999  0.233146  356 4
92.968  0.399137  927 6
94.127  0.344056  715 6
101.735  0.37037  378 4
56.72  0.240806  1142 4
11.062  0.270548  292 6
150.658  0.359155  284 4
129.688  0.392683  410 6
255.968  0.22488  209 6
156.969  0.233308  1333 4
308.798  0.344128  2069 6
81.609  0.363636  1430 6
193.779  0.33812  766 6
-349.391  0.237089  426 6
256.422  0.246041  1768 4
216.502  0.244392  847 6
-305.828  0.297645  467 6
78.157  0.271127  852 6
16.032  0.190217  368 6
15.938  0.194872  195 6
-281.155  0.238095  189 6
-303.688  0.250765  1635 4
77.64  0.330182  2750 6
92.312  0.336901  1775 6
91.187  0.38177  757 6
123.969  0.0857143  140 6
120.248  0.360795  352 4
-281.937  0.257937  1512 4
-139.219  0.294798  173 6
124.469  0.0569106  123 6
2.811  0.235142  387 4
-224.874  0.247706  327 6
298.656  0.382883  222 4
19.376  0.205556  180 6
-114.124  0.250885  4520 4
94.281  0.37594  665 4
17.875  0.283186  226 6
14.407  0.273865  639 4
16.625  0.209964  281 4
-160.094  0.192857  280 4
64.594  0.259067  772 4
9.873  0.247986  3476 4
-72.75  0.202312  173 6
15.875  0.195294  425 4
27.063  0.196507  229 4
274.955  0.230263  912 4
-88.375  0.186567  134 4
14.268  0.231953  845 6
176.578  0.365909  880 4
-31.126  0.224719  178 4
10.469  0.256651  2556 6
-294.939  0.235784  721 6
71.499  0.400494  809 4
24.063  0.176471  153 6
6.765  0.0169492  118 6
16.25  0.237665  1439 6
-291.203  0.251834  1227 4
115.751  0.197697  521 4
83.345  0.402844  422 6
235.157  0.24  450 6
15.266  0.26025  561 6
137.188  0.182857  350 4
9.376  0.257754  2289 4
15.75  0.325062  403 6
-30.565  0.292683  492 6
13.157  0.221014  276 6
-235.782  0.264249  579 4
-38.031  0.278621  725 4
-247.25  0.202353  425 6
277.093  0.197581  248 4
120.595  0.245307  1545 4
76.141  0.355989  1795 6
238.812  0.248101  1580 6
11.687  0.258333  1080 4
83.999  0.34329  2176 4
-268.187  0.343874  253 6
-13.766  0.237893  1177 6
247.657  0.399668  603 6
16.157  0.249719  889 4
134.344  0.243366  1319 4
12.688  0.153509  228 6
13.748  0.257627  590 4
-267.408  0.263158  627 6
-167.779  0.0380952  105 4
214.314  0.232558  344 4
76.312  0.355634  284 4
8.515  0.226974  1824 6
-250.533  0.228473  871 6
-75.5  0.247045  846 4
318.201  0.253946  3611 4
238.938  0.365617  413 4
304.533  0.217949  390 6
-172.626  0.197425  233 6
-177.342  0.0839695  131 6
82.797  0.24042  1618 4
87.188  0.380296  1015 4
200.124  0.212121  429 4
16.094  0.23301  206 6
236.845  0.203481  747 4
215.53  0.363636  781 6
71.5  0.372029  1809 4
-296.188  0.289753  283 4
-326.001  0.237736  265 6
14.125  0.242424  1452 4
-21.438  0.274194  310 4
80.094  0.383815  1730 4
-386.764  0.174888  223 6
-305.657  0.287671  292 6
16.721  0.29927  274 4
164.282  0.193069  606 4
-172.594  0.27115  922 6
-119.288  0.259179  463 6
-108.719  0.223958  960 4
-371.765  0.223577  246 4
94.516  0.338617  694 4
303.595  0.354902  510 6
99.484  0.27787  601 6
13.125  0.19403  201 4
-385.69  0.243154  1826 4
77.282  0.398058  1339 6
13.534  0.222642  265 4
14.234  0.242045  880 6
10.359  0.243785  2896 6
-309.22  0.263265  490 6
-169.093  0.282407  432 6
78.938  0.293878  245 6
-236.873  0.141975  162 4
13.984  0.247312  744 4
300.064  0.321053  190 4
102.906  0.255102  784 6
12.891  0.287946  1792 4
-59.563  0.0188679  106 6
198.311  0.296512  344 6
181.14  0.378299  341 6
91.969  0.36  525 6
100.156  0.376033  1210 6
97.029  0.38207  937 4
-282.093  0.250257  971 6
223.312  0.225434  173 6
-371.172  0.306034  232 6
16.28  0.188889  180 6
76.343  0.333333  276 6
-334.312  0.252  250 4
-54.155  0.26  600 4
85.53  0.359445  2017 4
88.875  0.403377  533 6
-391.813  0.229358  436 6
15.453  0.130243  453 4
-296.126  0.197531  162 6
15.561  0.229017  834 4
66.969  0.336795  1348 4
-217.938  0.234796  4012 6
-35.689  0.268722  681 4
16.157  0.211382  492 4
-390.875  0.241135  141 4
168.532  0.352989  1221 6
80.281  0.335304  1861 6
16.408  0.248945  474 4
-294.999  0.252218  2593 6
-229.03  0.240223  179 4
-172.186  0.263087  2235 4
-219.656  0.282522  1253 6
-294.671  0.248951  1430 4
16.844  0.25  248 4
227.656  0.343865  2437 4
47.375  0.224638  138 4
187.329  0.16129  155 6
96.595  0.372745  499 4
112.329  0.437143  350 6
-182.156  0.258964  753 6
181.281  0.239171  531 4
-187.064  0.269841  378 6
149.188  0.24422  692 6
19.736  0.11976  167 4
-212.249  0.233533  501 4
28.438  0.297723  571 6
133.843  0.250696  718 4
10.656  0.257937  1512 6
69.266  0.360326  1840 4
98.655  0.407654  601 6
-110.562  0.260726  303 6
17.516  0.284444  225 6
135.407  0.230425  447 6
-52.594  0.20911  483 6
4.5  0.243942  619 6
98.563  0.393939  429 6
11.843  0.247525  606 4
89  0.39895  1143 4
-281.032  0.237624  202 6
-238.218  0.286624  471 4
-275.343  0.20591  1049 4
-268.892  0.287805  205 6
68.796  0.336145  3082 6
165.095  0.440341  352 6
-183.439  0.199346  306 4
287.234  0.178808  151 4
-375.469  0.277607  652 6
169.939  0.414226  239 4
67.549  0.352329  2404 4
86.922  0.36819  1597 4
247.751  0.26908  2044 6
11.219  0.26341  1044 6
72.125  0.3625  2080 4
16.124  0.255605  446 6
11.001  0.271605  162 6
201.748  0.340467  514 6
-144.86  0.258216  1065 4
15.342  0.258741  429 4
10.564  0.240672  536 4
-114.188  0.294521  292 6
186.779  0.392713  247 4
15.484  0.189274  317 6
-317.516  0.194313  422 4
9.827  0.257234  4078 4
176.171  0.250823  1519 6
-52.122  0.272727  198 4
57.095  0.233333  510 6
155.797  0.344012  1311 6
-216.939  0.196078  255 4
275.547  0.243825  1579 6
145.72  0.216949  885 4
238.595  0.240821  926 4
20.436  0.226913  379 4
-239.626  0.254348  1840 6
288.03  0.2641  1844 4
13.533  0.199405  336 6
-15.095  0.283828  303 4
-79.764  0.101911  157 4
-189.188  0.170213  188 6
5.061  0.133333  240 4
11.155  0.269716  634 6
297.125  0.253024  1984 6
-128.046  0.264826  2209 6
-246.686  0.240407  1277 6
-324.914  0.249107  1120 4
12.408  0.252155  928 6
-149.5  0.2  260 6
120.064  0.43609  399 4
141.186  0.25774  2584 6
-328.97  0.21327  211 6
122.904  0.237333  375 4
15.578  0.285714  490 4
12.312  0.286458  192 4
-18.344  0.274775  444 6
-226.688  0.248473  491 4
-224.716  0.265625  704 4
150.844  0.238663  1257 4
-22.124  0.3379  219 6
11.5  0.248672  941 4
13.156  0.251813  1930 6
83.812  0.33857  1846 6
24.314  0.124183  153 4
-101.062  0.240618  453 4
14.188  0.217391  161 4
260.768  0.242384  2232 6
17.936  0.284585  253 4
17.5  0.162437  197 6
28.156  0.223455  631 4
38.968  0.241228  684 4
108.062  0.362093  707 6
119.906  0.278523  298 4
80.89  0.345969  2084 4
-72.572  0.253846  9360 4
-173.69  0.267836  1710 4
161.906  0.277154  534 4
-237.532  0.178733  442 4
69.97  0.34377  1533 4
11.856  0.259594  886 6
16.344  0.250399  627 4
94.032  0.351431  1013 6
31.344  0.227092  251 4
-272.19  0.267188  640 6
15.468  0.252988  502 6
95.798  0.327335  1167 4
19.218  0.304813  187 4
108.346  0.417699  565 4
70.672  0.360054  736 6
119.5  0.400707  1415 4
278.564  0.216783  286 6
81.952  0.375833  1051 4
226.608  0.257303  2499 4
12.376  0.233503  197 4
-354.202  0.218182  220 6
117.61  0.382943  598 4
192.316  0.237277  1513 4
108.014  0.353257  1489 6
209.564  0.27791  421 4
131.532  0.204082  245 4
15.424  0.299094  331 6
86.608  0.396825  1134 6
263.406  0.227171  898 6
44.718  0.219462  483 4
77.766  0.340845  2130 6
23.14  0.291941  1216 6
12.936  0.258142  2917 4
-317.796  0.25023  2174 4
13.188  0.263529  850 6
13.876  0.332155  283 4
212.328  0.379271  878 6
13.812  0.24115  904 6
310.562  0.202643  227 4
68.784  0.334358  3580 4
19.124  0.300469  213 4
-140.25  0.254237  177 6
-243.344  0.299539  217 4
-340.75  0.252336  749 4
129.124  0.411379  457 6
-360.748  0.207819  486 6
312.376  0.34202  307 6
17.938  0.142857  140 4
-47.376  0.267516  1413 6
268.436  0.245098  204 4
-176.486  0.237443  1971 4
-30.344  0.384615  429 4
226.564  0.258145  399 6
-316.752  0.15444  259 4
-185.47  0.25  224 4
-88.904  0.251489  1511 6
73.53  0.35122  1845 6
8.572  0.246135  3299 4
311.188  0.365762  1326 4
204.406  0.243135  1748 4
69.188  0.0780142  141 6
86  0.367756  949 4
184.342  0.301939  722 6
76.078  0.317279  2014 4
12.064  0.253947  760 6
13.53  0.244009  459 4
16.812  0.277652  443 4
19.266  0.254302  523 6
212.642  0.402665  1351 6
186.936  0.373092  1048 4
-35.188  0.278431  255 4
108.392  0  16383 4
18.064  0.266949  236 4
2.248  0.313953  258 6
12.248  0.28  350 4
9.374  0.221294  479 6
83.89  0.395676  925 4
63.128  0.214634  410 4
-83.998  0.250395  1266 6
-75.826  0.236905  840 4
-348.47  0.27471  1467 6
-62.358  0.358251  1418 4
-373.312  0.180556  144 6
117.562  0.341719  477 6
19.626  0.292818  181 4
184.812  0.24026  154 4
-9.72  0.257835  702 6
84.532  0.203057  458 4
16.344  0.24878  410 4
302.172  0.212435  193 6
172.502  0.172662  139 4
-231.72  0.265805  696 4
102.094  0.363208  424 4
136.72  0.394578  332 4
299.002  0.400593  337 4
-21.532  0.235902  1064 6
256  0.278037  428 4
8.296  0.278953  1986 6
-166.064  0.321267  221 4
15.5  0.283835  532 4
157.014  0.268068  1522 4
185.78  0.254697  1916 4
87.376  0.386128  966 6
116.844  0.429703  505 6
-103.468  0.24031  1032 6
75.938  0.275424  236 6
-239.062  0.171548  478 6
140.828  0.302326  172 4
112.75  0.371553  689 6
17.732  0.350211  237 4
106.422  0.23904  958 6
-80.284  0.211648  704 6
-38.656  0.215227  683 4
-0.046  0.243506  308 6
189.468  0.332618  466 6
-135.736  0.262717  1553 4
91.124  0.387622  614 6
-208.11  0.258206  457 4
12.062  0.349345  229 6
78.03  0.340557  1615 6
112.282  0.462963  486 6
-73.016  0.246271  2883 6
12.25  0.238095  861 6
11.998  0.185714  210 6
86.874  0.39555  809 4
23.5  0.240602  133 4
275.72  0.234375  768 4
84.656  0.35859  1135 6
119.032  0.251167  1071 4
-295.78  0.258575  379 4
10.72  0.231911  539 4
-300.656  0.249721  1790 4
13.81  0.219178  219 4
-126.564  0.2  250 6
-132.656  0.266085  2176 6
16.156  0.298343  181 4
-24.374  0.209302  301 6
13.812  0.309322  236 4
132.064  0.236467  702 6
135.372  0.408696  345 4
-104  0.251897  1977 4
-249.53  0.338912  239 4
-317.438  0.274419  215 4
12  0.171958  378 6
205.718  0.251109  1127 6
16.158  0.303502  514 4
145.842  0.209877  648 6
137.078  0.263789  834 4
199.032  0.255583  806 4
11.36  0.227542  1859 6
299.532  0.255307  1696 6
97.844  0.316568  338 6
10.546  0.248493  2322 6
-179.936  0.247525  505 4
278.438  0.286957  345 6
10.06  0.212121  231 4
155.406  0.191358  486 4
70.736  0.341495  2328 6
7.61  0.253665  2251 6
149.686  0.368735  838 4
13.968  0.245333  1125 4
79.97  0.365228  1599 4
-270.408  0.261682  214 4
10.404  0.266913  2971 6
313.716  0.310994  1328 4
59.656  0.254985  2608 6
108.752  0.281915  188 6
14.608  0.244131  426 6
-232.796  0.256868  2184 4
13.936  0.26  200 6
261.816  0.288073  545 6
12.314  0.236082  1419 6
8.564  0.225284  617 6
-74.752  0.206081  296 4
-202.688  0.248416  2367 6
-201.798  0.227027  1850 6
-21.75  0.224181  397 4
14.876  0.3125  256 4
-130.264  0.238696  951 6
76.312  0.39255  349 6
16.496  0.138889  180 4
-321.688  0.23  700 6
241.796  0.340081  741 6
-17.844  0.235063  1272 4
67.234  0.395053  1415 6
-346.656  0.171674  233 6
90.814  0.413732  568 6
-193.764  0.250982  2036 4
12.814  0.206767  798 4
64.202  0.357899  2741 6
142.374  0.453416  322 4
-351.25  0.036036  111 4
23.56  0.111111  135 6
-303.686  0.256  875 6
120.328  0.312524  2595 4
-248.372  0.228814  354 6
13.748  0.251572  1908 4
-84.596  0.119593  393 6
66.92  0.249441  1788 4
68.344  0.330207  2559 4
-64.158  0.410135  1263 6
-108.316  0.214677  913 6
-313.736  0.22807  285 4
-26.468  0.305085  354 4
106.406  0.366995  406 4
16.312  0.221053  190 4
11.532  0.25237  844 4
-45.716  0.273006  652 4
188.282  0.21815  573 4
-262.096  0.306069  379 4
119.3  0.358025  405 4
-210.812  0.184466  309 6
-180.796  0.236659  3017 4
-148.312  0.225397  315 4
-288.784  0.250297  843 6
-259.42  0.247724  1538 4
102.5  0.385066  683 4
111.154  0.223094  892 4
-387.284  0.319905  422 6
14.374  0.220379  422 6
85.53  0.348485  792 6
-77.748  0.202797  286 4
11.796  0.144828  145 4
211.482  0.228113  811 4
83.47  0.356429  1602 6
10.658  0.304956  787 6
87.672  0.424731  744 6
-185.122  0.27972  286 6
-80.594  0.259591  782 6
75.844  0.224719  890 6
223.56  0.243119  218 4
-91.204  0.235344  1177 6
-237.484  0.258361  1196 6
100.124  0.280769  260 6
246.344  0.207317  492 4
79.656  0.351745  2263 6
13.544  0.258295  1537 4
-348.092  0.279661  236 6
-38.032  0.270865  1318 6
-39.328  0.254299  1105 6
-106.188  0.235138  1884 4
-259.492  0.243617  3760 4
162.546  0.391386  534 4
249.406  0.231884  414 4
67.344  0.370421  737 4
14.03  0.234818  247 6
16.468  0.265469  501 4
68.748  0.311913  2661 6
286.844  0.343658  678 6
-256.812  0.202797  286 4
79.232  0.373693  1148 6
14.064  0.223958  768 4
-272.094  0.238806  201 6
-188.188  0.284337  415 4
-284.5  0.291908  346 6
-319.092  0.260563  1704 4
-230.44  0.221519  158 6
101.496  0.397778  450 4
-233.296  0.167513  197 6
131.72  0.248062  1032 4
111.798  0.363095  840 6
116.06  0.391036  647 4
54.656  0.292383  407 4
285.844  0.353293  334 6
-343.404  0.254531  2538 4
74.94  0.365854  287 4
7.656  0.247701  3262 6
108.502  0.2657  207 4
-270.14  0.225267  1496 4
183.328  0.229219  397 4
46.092  0.244019  209 4
-112.124  0.219895  191 4
127.188  0.266055  327 6
-75.968  0.199507  406 6
196.784  0.212121  297 6
11.686  0.332317  328 6
188.312  0.262238  286 6
257.686  0.27459  732 6
-168.032  0.24569  232 6
147.36  0.401639  244 4
18.202  0.269896  289 4
191.216  0.25297  2609 6
-146.72  0.184615  195 4
-360.248  0.174603  189 6
116.844  0.369258  566 4
157.172  0.263451  2156 4
68.718  0.392057  2367 4
66.688  0.272222  180 4
-42.906  0.237094  523 6
-132.344  0.316832  303 4
122.252  0.247209  627 6
14.25  0.244275  262 4
-273.094  0.239193  1041 4
-47.812  0.0729927  137 4
221.032  0.244344  884 6
74  0.36087  230 6
269  0.237589  1128 6
123.158  0.336656  2207 4
59.28  0.223491  613 6
1.596  0.216495  485 4
-250.078  0.265526  2045 6
73.468  0.330958  3789 4
19.128  0.110294  136 6
86.578  0.388801  1268 6
71.436  0.381933  1262 4
15.156  0.265625  192 6
66.908  0.363008  1303 4
-364.218  0.231229  1172 6
-305.968  0.322727  220 6
15.344  0.26601  406 6
12.328  0.23299  1455 4
15.47  0.25679  810 4
90.358  0.387833  263 6
-53.874  0.19186  516 4
69.25  0.39605  1924 6
-325.626  0.302013  149 6
69.03  0.351682  327 6
255  0.270408  196 4
-227.342  0.264177  723 4
185.14  0.423989  717 6
76.47  0.381362  1395 6
69.78  0.348923  1903 4
86.968  0.405556  1440 4
14.956  0.241877  554 6
138.9  0.25594  15152 4
290.28  0.128  125 4
-59.656  0.258122  3386 4
230.688  0.243169  366 6
-205.812  0.24458  1799 4
10.94  0.252716  2853 4
-175.78  0.238854  314 6
61.816  0.38764  712 6
12.578  0.262526  1417 6
41.47  0.161538  130 4
-136.172  0.247133  2529 6
214.25  0.390646  727 6
-211.268  0.257669  1467 4
13.25  0.25679  405 6
257.564  0.233276  583 6
27.5  0.363636  176 4
-343.56  0.207885  279 4
216.624  0.274775  222 6
19.108  0.264463  242 4
75.112  0.334064  2736 6
121.94  0.343254  504 6
-187.062  0.229947  187 4
68.124  0.358418  3136 4
20.314  0.214286  168 6
-186.626  0.132159  227 6
-253.75  0.299003  301 4
17.156  0.221429  280 6
-203.564  0.239264  1956 6
15.064  0.280443  271 6
24.124  0.283422  561 6
239.218  0.258856  367 6
-303.53  0.27809  356 4
71.406  0.383934  1581 6
-184.032  0.248588  1062 6
91.454  0.262586  2483 4
96  0.358025  486 6
75.936  0.312227  458 6
-256.064  0.0823529  170 6
-305.032  0.333333  201 6
252.436  0.252294  218 6
-41.908  0.216292  356 6
90.858  0.224  250 4
25.47  0.199052  211 4
147.5  0.42437  476 6
19.342  0.205479  146 4
-177.284  0.232143  168 6
-254.732  0.243028  1255 6
82.436  0.383562  1533 6
-91.748  0.260274  219 4
177.968  0.259909  10723 6
94.374  0.25524  1622 4
-238.75  0.21547  181 6
-321.686  0.269088  1074 4
54.17  0.240769  1300 4
115.158  0.408088  544 4
79.218  0.373999  1623 4
94.14  0.351934  1577 4
14.658  0.307918  341 4
78.75  0.353081  2110 6
64.984  0.3382  3767 4
-269.564  0.270255  1802 6
-92.78  0.257669  489 6
11.998  0.264593  2090 4
-22.688  0.14527  296 6
39.47  0.180769  260 4
64.814  0.351595  1442 6
11.5  0.207792  154 6
152.218  0.330317  442 6
100.154  0.346504  3518 4
16.924  0.222656  256 6
-62.468  0.272527  455 6
118.06  0.247024  1344 6
-312.688  0.24359  156 4
115.516  0.0641711  187 4
-77.782  0.280612  196 4
14.156  0.179293  396 4
15.53  0.229885  348 6
74.47  0.360817  1419 4
67.422  0.370446  2937 4
13.594  0.234491  806 6
-215.44  0.268382  272 4
14.484  0.149671  608 6
182.5  0.458746  303 4
13.874  0.247592  1038 4
-228.938  0.277361  667 4
43.86  0.263458  1226 4
13.934  0.230511  1193 6
19.094  0.185366  205 4
-336.252  0.0322581  124 4
-211.16  0.217391  828 4
313.56  0.259615  312 4
-102.532  0.249211  317 6
108.814  0.360656  793 4
167.346  0.249878  2053 4
10.06  0.264201  757 4
7.186  0.263759  963 6
12.126  0.269994  1663 6
15.282  0.240761  893 4
-223.172  0.279245  265 6
138.812  0.297101  414 6
-323.472  0.242647  1904 6
12.998  0.265371  2830 4
-50.06  0.129808  208 6
13.502  0.27159  1679 4
10  0.371287  202 6
-149.624  0.258993  278 6
75.624  0.2  660 4
142.78  0.348231  537 4
128.064  0.326577  444 4
133.688  0.284247  292 6
78.248  0.348956  2155 6
91.906  0.391608  858 4
159.844  0.223336  1097 4
-390.5  0.266467  334 4
-341.404  0.2662  571 6
87.186  0.25  308 6
-276.234  0.256024  1992 4
9.688  0.257105  2287 6
15.656  0.237458  897 4
-251.656  0.25  604 6
73.014  0.376398  1788 6
-328.592  0.254032  992 6
11.862  0.234276  2369 4
73.22  0.381466  928 4
-333.812  0.0952381  168 6
140.89  0.227068  1330 4
216.844  0.285068  221 4
-162.328  0.256185  1819 4
13.548  0.276923  845 4
-188.39  0.253953  2087 4
-374.424  0.225941  478 4
124.344  0.32973  185 4
9  0.253937  508 4
-3.188  0.240741  270 6
15.346  0.234951  515 6
-136.718  0.253227  1627 4
-390.97  0.122905  179 4
133.436  0.207756  361 4
-313.688  0.245455  220 4
80.72  0.412752  596 6
2.516  0.268237  1316 6
68.688  0.337042  3415 4
12.126  0.258592  611 6
-244.954  0.256637  1243 6
96.842  0.257764  322 4
42.484  0.255763  1822 6
116.778  0.255882  340 6
136.954  0.237826  2834 6
-130.264  0.256266  1955 6
245.5  0.249622  661 4
47.408  0.299296  284 4
104.204  0.339523  754 4
-86.736  0.20903  598 4
-232.908  0.254545  165 4
286.968  0.261261  555 6
17.876  0.268868  212 4
236.016  0.363314  1690 4
15.5  0.252137  468 4
13.39  0.240942  552 6
198.72  0.22898  559 6
96.218  0.368365  942 4
58.752  0.211896  269 4
184  0.111732  179 6
-3.236  0.325717  7178 6
-390.75  0.222672  741 6
67.408  0.396104  616 6
14.844  0.143426  251 4
-188.784  0.251729  2169 4
-17.062  0.254376  1828 4
-251.032  0.232044  543 4
85.406  0.360349  802 6
89.656  0.228571  945 4
8  0.252964  759 6
77.938  0.350842  1009 4
12.094  0.190311  289 6
-175.688  0.235702  577 6
77.142  0.325566  1502 4
-93.064  0.244399  491 4
-47.812  0.274554  448 4
160.064  0.235832  547 4
-334.424  0.275787  921 6
81.188  0.369809  1517 4
-91.592  0.185596  361 6
88.094  0.377372  1370 4
79.358  0.363773  1993 4
-117.908  0.242371  1147 4
-137.064  0.257541  431 4
-49.404  0.302691  446 4
-372.718  0.235602  191 4
90.908  0.400491  814 4
13.032  0.218023  344 6
-205.86  0.235294  1955 6
66.128  0.346892  3024 4
275.498  0.271565  313 6
7.032  0.281931  642 6
-115.438  0.177778  180 6
-147.498  0.272251  191 6
79.718  0.379176  1287 4
70.812  0.350146  2736 4
141.842  0.218182  220 4
97.472  0.340191  1361 4
8.314  0.174216  287 6
136.156  0.31592  402 6
-88.67  0.241129  1240 4
92.502  0.316993  306 6
128.374  0.360987  446 4
-0.562  0.236649  955 6
146.594  0.328671  143 4
68.25  0.35973  1187 6
201.374  0.235294  306 6
10.904  0.224843  1272 6
66.83  0.354497  2835 6
-290.562  0.251834  818 4
17.64  0.280576  278 4
72.312  0.360115  2788 6
171.282  0.217582  455 4
13.94  0.255245  286 4
10.124  0.254137  846 6
294.408  0.248447  644 6
34.534  0.270588  170 6
274.296  0.242553  235 4
20.564  0.283117  385 4
197.282  0.384615  884 6
14.094  0.24024  666 6
17.096  0.223048  269 6
-72.316  0.206278  223 4
67.03  0.369615  882 6
-0.362  0.23428  986 4
-188.876  0.0918919  185 4
16  0.237458  299 6
309.688  0.235955  267 6
-101.938  0.240072  554 4
-349.248  0.285223  291 4
10.064  0.175824  364 4
-124.562  0.174004  477 4
-158.782  0.292225  373 4
5.812  0.245028  3620 6
-385.438  0.241573  356 4
-51.5  0.258567  321 4
317.36  0.415686  1020 4
242.218  0.238245  319 4
14.752  0.305344  262 6
166.344  0.318966  348 6
128.064  0.313609  169 6
80.436  0.261379  1450 6
69.906  0.343202  2567 6
-320.252  0.243094  1810 4
-358.844  0.27044  159 4
-96.752  0.298469  392 4
302.344  0.340807  892 6
13.5  0.250723  1037 6
243.75  0.396925  1431 4
69.968  0.387922  977 6
51.124  0.211155  251 6
88.298  0.396112  823 6
35.096  0.21  200 6
-273.234  0.162304  191 4
-223.096  0.26978  1542 4
160.312  0.230446  1189 6
-68.374  0.25  416 6
-253.672  0.204969  161 6
-389.842  0.266192  1544 6
-54.158  0.267516  314 6
10.218  0.23116  1181 4
33.264  0.193548  186 6
58.904  0.404171  1007 4
-228.656  0.256036  3769 6
15.844  0.0898204  167 6
102.78  0.219709  619 6
-308.188  0.226891  238 4
117.062  0.414141  495 4
74.248  0.405172  1160 4
-273.44  0.254237  236 6
94.642  0.264249  1158 4
-23.374  0.269481  308 4
9.702  0.242561  1546 6
16.624  0.271386  339 4
12.314  0.241361  1881 4
248.498  0.377011  435 4
-267.876  0.275556  225 6
174.658  0.230769  572 4
125.502  0.27957  186 4
77.532  0.417178  326 4
157.982  0.34456  772 6
-251.092  0.263355  1067 4
39.014  0.245524  782 6
203.092  0.179283  251 6
76.922  0.379739  1530 6
-142.674  0.274368  554 4
-310.28  0.219822  787 6
14.626  0.239631  868 6
254.874  0.199461  371 4
-55.348  0.201405  427 6
282.312  0.15  200 4
-204.936  0.204545  176 6
16.908  0.203704  270 6
-64.062  0.172794  272 4
122.232  0.245545  1010 4
-292.816  0.236581  1006 4
7.952  0.256674  974 4
191.378  0.20524  229 4
-304.188  0.160804  199 4
-185.5  0.220974  534 6
106.688  0.411538  780 4
14.968  0.259766  512 4
9.016  0.262662  849 6
-330.218  0.261017  295 6
0.828  0.256947  2339 6
-112.966  0.227907  215 6
10.97  0.250143  1747 4
-205.658  0.321229  358 4
106.548  0.364832  1217 4
101.424  0.217344  911 4
-199.624  0.267416  445 6
14.452  0.261053  950 4
17.936  0.14741  251 4
11.936  0.27881  269 6
-30.688  0.146341  164 4
268.048  0.39172  314 4
81.732  0.324117  1302 6
-323.342  0.226252  579 6
15.594  0.139706  136 6
-220.608  0.237812  841 6
235.376  0.245411  1035 6
264.094  0.298942  378 6
-212.31  0.233129  163 6
-268.344  0.261785  997 6
-114.922  0.242021  376 4
20.502  0.182927  164 4
11.548  0.240865  1943 6
14.872  0.304348  184 6
16.764  0.217241  290 4
-11.436  0.146965  313 4
7.326  0.258765  6218 6
-381.53  0.233918  513 6
90.032  0.346769  1439 6
-252.188  0.294393  214 6
64.514  0.348309  3695 4
9.53  0.237266  1551 6
15.658  0.242515  334 4
190.062  0.397206  501 4
-5.688  0.275735  272 4
14.718  0.236842  532 4
160.846  0.399632  543 4
-198.468  0.274298  463 6
-225.704  0.219037  872 4
-45.436  0.32716  324 6
171.202  0.255435  184 4
126.076  0.269663  267 4
100.532  0.391447  608 6
-14.032  0.247387  861 6
15.766  0.31738  397 4
-227.094  0.229592  588 6
-195.14  0.245807  1908 4
-75.814  0.210191  157 4
23.47  0.238806  201 4
308.468  0.333333  204 4
-303.766  0.203152  571 4
-98.748  0.245337  1394 4
-287.5  0.199203  251 4
199.908  0.237381  733 4
12  0.250899  1112 4
95.188  0.31746  189 6
87.628  0.373596  1068 6
-178.282  0.212329  292 6
-164.5  0.15894  151 6
65.812  0.404686  939 6
199.032  0.271676  173 4
166.252  0.236504  389 4
122.844  0.452107  261 4
79.952  0.325749  1802 6
179.58  0.423488  281 4
139.404  0.210784  612 6
65  0.354415  1597 6
-245.486  0.225926  270 6
-154.58  0.254391  1879 4
82.812  0.446809  282 6
-212.188  0.256473  811 6
213.344  0.325714  350 6
253.626  0.424658  584 6
87.486  0.341751  1782 4
17.844  0.0230769  130 6
-0.172  0.294326  282 6
14.97  0.227656  593 4
78.14  0.320646  867 6
-382.596  0.253521  639 6
58.656  0.218254  252 4
14.44  0.218978  411 6
69.468  0.365204  1276 6
-212.064  0.283333  840 4
12.81  0.213462  520 6
11.936  0.22293  157 6
-1.658  0.255976  1004 6
189.252  0.374392  617 4
288.44  0.261893  3910 6
70.344  0.53442  2208 6
9.78  0.231689  1338 6
-382.94  0.298532  613 4
-211.064  0.258303  271 4
44.642  0.250518  483 4
7.936  0.21371  248 6
69.852  0.330737  3852 4
308.78  0.28979  666 4
299.188  0.322709  251 6
14.906  0.261339  463 6
-236.528  0.245955  309 6
95.938  0.39604  707 6
-55.358  0.215094  1325 4
94.734  0.35522  1523 6
11.952  0.256651  1278 4
105.06  0.321569  255 6
7.156  0.275404  1053 4
60.484  0.352314  3003 4
13.408  0.227202  647 4
161.406  0.378197  743 4
-81.688  0.0933333  150 6
19.658  0.246914  162 4
-240.064  0.193676  253 4
97.53  0.423954  526 6
231.312  0.208122  197 6
-2.686  0.257975  2163 4
-238.752  0.237074  793 6
8.282  0.26101  2475 4
180.422  0.251012  494 6
9.452  0.247956  1468 4
-172.984  0.273115  3991 6
-29.438  0.224599  187 4
133.906  0.463576  302 4
-377.158  0.283247  579 4
261.968  0.384083  578 4
-236.28  0.270053  1496 4
12.376  0.249763  3159 4
231.202  0.207317  1230 4
79.906  0.242729  894 6
69.78  0.347973  888 4
83.876  0.417197  314 6
246.78  0.221683  618 4
240.874  0.247934  847 4
-160.502  0.304569  197 4
86.344  0.372123  782 6
284.642  0.184783  276 6
14.436  0.25  684 6
114.5  0.352713  516 4
179.75  0.284058  345 6
50.47  0.251073  466 6
-381.124  0.255751  739 4
17.684  0.278195  266 4
15.908  0.240326  491 6
-0.766  0.246231  1791 6
71.376  0.359695  2099 4
11.25  0.300275  363 4
115.314  0.367416  890 4
-244.748  0.244275  786 4
-24.75  0.233918  855 4
13.688  0.30566  265 4
18.938  0.233696  184 6
0.048  0.157143  280 4
294.064  0.246418  349 4
99.842  0.377947  1315 4
-66.124  0.21028  214 6
56.28  0.131818  220 6
77  0.400681  881 6
100.828  0.21814  871 4
14.312  0.194203  345 4
296.236  0.243982  1828 4
-199.032  0.185567  291 4
68.376  0.34212  3490 6
246.592  0.338681  561 6
-127.812  0.250285  3504 4
-193.126  0.178042  337 6
115.156  0.241706  633 4
101.75  0.373504  1253 4
69.374  0.291525  295 4
76.47  0.361847  1321 4
6.992  0.254177  4788 4
81.796  0.442771  332 4
-84.502  0.207944  428 4
90.954  0.36009  1333 4
90.718  0.325562  1201 6
-202.126  0.302439  205 4
-198.28  0.218623  247 6
117.81  0.269578  664 4
16.342  0.281095  402 4
109.938  0.373626  364 4
13.97  0.231115  1112 4
-71  0.25  172 4
15.72  0.109375  128 6
153.812  0.275148  338 4
105.968  0.392374  813 6
-330.312  0.255717  1924 4
70.126  0.349727  183 4
16.234  0.32  275 4
88.906  0.385004  1187 4
88.248  0.402836  1199 6
71.078  0.33783  1631 4
-1.3  0.247209  1254 4
-145.532  0.287469  407 6
-394.562  0.260143  419 6
10.672  0.259458  5604 4
1.5  0.162281  228 6
9.092  0.266565  1313 6
-72.064  0.248521  507 4
313.596  0.244275  1048 6
143.672  0.367347  245 4
-107.424  0.146512  430 4
186.134  0.25641  1248 4
17.936  0.286432  199 6
76.624  0.388199  1610 4
-262.124  0.228758  306 4
120.436  0.376596  470 4
279.5  0.354167  528 4
13.564  0.251938  516 4
18.188  0.335714  280 4
68.752  0.425693  794 4
-387.472  0.19171  193 6
279.092  0.260455  2200 4
72.094  0.36534  2562 6
74.112  0.35153  2418 6
4.47  0  16383 6
66.782  0.122867  293 4
135.408  0.374713  435 4
21  0.324232  293 6
-84.372  0.222222  243 4
163.732  0.383019  530 4
-346.344  0.215297  706 6
-267.938  0  16383 6
34.14  0.26081  2197 4
-122.5  0.318966  232 6
-142.846  0.253065  1142 4
122.436  0.34898  490 6
-3.188  0.203156  507 6
94.58  0.353774  1060 4
3.688  0.216867  249 6
69.562  0.252081  1682 4
-118.222  0.123457  162 6
90.858  0.349945  903 4
186.326  0.388889  738 4
74.062  0.181467  259 4
-191.14  0.227795  957 4
-78.252  0.263736  1729 4
-165.06  0.205279  341 6
113.064  0.380165  484 4
10  0.254754  4102 6
223.654  0.230769  299 6
73.72  0.389356  1428 6
11.64  0.247762  2458 4
52.048  0.274742  1354 6
74.156  0.332679  2549 6
129  0.374172  302 6
-256.5  0.205405  185 4
84.564  0.377049  549 4
-257.56  0.382692  520 4
117.968  0.35058  1121 4
90.296  0.426786  560 4
115.828  0.244477  1358 6
-59.748  0.247656  1813 4
137.846  0.356605  1991 4
-154.548  0.261985  1481 6
300.156  0.246654  523 4
-338.876  0.264175  1552 4
-353.784  0.241667  240 6
106.264  0.369318  1056 6
28.562  0.253012  166 4
-349  0.252037  1841 6
-126.75  0.249191  309 6
-24.078  0.229654  1241 6
16.782  0.0892857  224 6
14.062  0.311111  270 4
104.234  0.344743  818 4
87.936  0.39845  1290 6
-240.968  0.245  400 6
-295.5  0.25625  160 4
226.344  0.366883  308 4
21.594  0.219355  155 6
-0.684  0.258152  368 4
-107.156  0.265318  1730 6
-328.358  0.230286  1433 6
187.656  0.291815  281 4
121.984  0.42132  394 4
18.452  0.304183  263 4
-257.78  0.235897  390 6
-279.188  0.196217  423 6
-57.688  0.236607  224 6
-131.624  0.266917  532 4
272.986  0.376721  799 6
125.686  0.348659  261 6
83.892  0.342246  187 6
247.436  0.443281  573 4
90.188  0.342549  1483 4
-253.236  0.265165  1731 4
-155.876  0.270531  207 6
95.018  0.388889  540 4
77.626  0.399032  1446 6
19.188  0.12973  185 6
-371.016  0.257059  1027 4
-58.626  0.291304  230 4
16.64  0.309237  249 6
77.39  0.344759  2509 6
-228.406  0.250314  795 6
-150.592  0.271889  217 6
17.174  0.216049  162 6
25.154  0.24498  249 6
67.28  0.349168  4147 6
12.968  0.265455  275 6
-395.436  0.258883  197 6
17.118  0.226481  287 4
17.454  0.09375  160 4
71.452  0.308995  3602 6
-91.032  0.216478  619 4
70.096  0.417391  230 4
94.532  0.409611  437 4
127.468  0.202783  503 6
125.984  0.330218  321 4
-4.872  0.26091  2177 4
209.592  0.236961  882 4
104.344  0.397527  566 4
10.64  0.254959  5546 4
-6.374  0.122302  139 6
71.748  0.364333  914 4
308.688  0.189024  164 6
193.626  0.208791  182 4
83.828  0.332432  2220 4
-39.344  0.292096  291 4
-246.032  0.242494  433 4
-239.154  0.209524  210 6
13.688  0.254682  267 4
64.468  0.245658  403 6
-287.624  0.173913  207 4
107  0.372093  473 6
84.392  0.372951  488 6
89.828  0.355993  559 4
177.798  0.236842  380 6
11.688  0.128906  256 4
171.296  0.223729  885 6
9.312  0.255479  2920 6
-221.092  0.208481  566 4
93.06  0.26285  856 6
-50.968  0.21875  192 4
-59.516  0.234763  886 6
43.828  0.2249  1494 4
16.092  0.231481  540 4
67.876  0.349624  1330 4
140.108  0.237205  1016 4
124.968  0.372  250 6
17.764  0.256268  2712 4
272.39  0.185596  361 6
38.938  0.248521  507 4
21.784  0.277174  368 4
80.5  0.0680272  147 4
-28.484  0.258807  1391 6
-64.576  0.261606  1594 4
-245.014  0.2723  213 4
6.952  0.275701  1070 6
74.44  0.234973  183 4
87.532  0.269598  523 4
100.468  0.345426  634 4
15.436  0.232997  794 4
84.844  0.26087  322 4
-183.124  0.288981  481 6
242.124  0.303357  834 4
16.672  0.25  336 4
-160.842  0.248125  1733 4
-76.064  0.242021  376 6
-26.592  0.12963  162 4
-337.494  0.262841  7632 4
68.39  0.364831  1979 6
9.422  0.25523  1195 6
-316.188  0.237687  934 4
15.094  0.241692  331 4
279.624  0.241598  1577 4
48.748  0.20442  181 4
24.72  0.251012  494 6
14.5  0.241228  228 6
-156.812  0.25062  403 4
11.124  0.23727  923 6
-378.844  0.224656  1963 6
13.61  0.239032  661 4
-184.56  0.239024  410 6
95.25  0.406593  1092 4
298.626  0.0119048  168 4
24.376  0.220183  218 6
6.61  0.2386  2171 6
84.748  0.357143  406 6
-43.48  0.225569  1361 6
14.94  0.209549  377 4
67.016  0.338679  3118 6
-5.956  0.282686  283 4
245.53  0.259615  416 6
-278.216  0.258549  3860 6
69.86  0.332745  1701 4
-257.5  0.215686  306 6
165.938  0.38961  231 6
16.046  0.237778  450 4
198.656  0.259053  718 4
76.048  0.341969  2702 4
74.094  0.379639  943 6
101.158  0.376392  898 4
10.156  0.25608  4112 4
-341.86  0.241859  2948 4
-158.482  0.202703  444 4
82.436  0.332357  683 6
-339.204  0.258199  7897 6
141.096  0.191011  178 4
64.704  0.219409  237 4
5.188  0.0580357  224 4
253.172  0.249065  1871 4
-1.11  0.240883  1042 4
195.312  0.230897  602 4
-298.75  0.251572  159 4
15.25  0.231855  496 6
-75.718  0.253421  3654 4
13.72  0.270701  314 6
112.61  0.366472  513 4
135.298  0.229508  183 4
11.936  0.222222  315 6
-123.5  0.334884  215 4
-147.5  0.218472  563 6
17.624  0.221557  167 6
-255.548  0.27541  305 4
-5.282  0.241607  1966 4
16.422  0.263345  281 4
85.686  0.392271  1035 4
11.422  0.254751  1684 6
86.656  0.337104  442 6
12.376  0.2  395 6
9.532  0.264688  1651 6
14.25  0.315068  146 6
-246.408  0.277134  1898 4
79.358  0.332791  1845 6
69.284  0.328248  3933 4
96.688  0.302198  364 4
15  0.0943396  159 6
81.86  0.367127  1953 4
82.954  0.349647  1839 4
81.704  0.318699  1845 6
-388.22  0.248544  515 6
312  0.255814  258 6
15.282  0.220588  272 6
-0.346  0.149123  228 4
14.564  0.23539  616 6
84.142  0.292735  468 4
64.718  0.362294  2302 6
-339.08  0.227718  2042 6
11.782  0.235154  842 6
148.872  0.220238  168 4
-384.204  0.172414  493 6
-37.468  0.263415  615 4
-346.97  0.239899  792 4
211.408  0.422156  334 6
-302.752  0.302115  331 6
-136.44  0.233083  266 6
90.096  0.405248  343 4
-394.468  0.253275  458 4
188.716  0.0588235  136 6
104.874  0.280193  207 4
171.468  0.33241  361 6
4.782  0.263844  614 6
10.328  0.260201  1495 6
254.578  0.226593  1271 4
139.56  0.233429  347 6
-154.534  0.246418  349 4
254.314  0.140271  221 4
209.498  0.362708  783 4
-374.624  0.246528  864 4
90.998  0.361914  1003 6
-86.124  0.23301  206 4
16.186  0.185567  194 6
16.504  0.273649  296 6
61.876  0.242611  2436 4
-374.36  0.258716  2180 6
-25.124  0.242812  939 6
105.03  0.429616  547 4
-168  0.215422  817 6
163.562  0.334711  242 4
218.312  0.365942  276 6
-109.064  0.249686  1594 4
62.096  0.252451  408 4
-64.876  0.216931  189 4
80.764  0.338656  1816 4
15.782  0.236749  283 4
-55.376  0.256267  359 4
-335.092  0.269807  467 6
18.532  0.239554  718 4
-17.688  0.226738  935 6
-63.968  0.23055  1054 6
114.094  0.43465  329 4
275.36  0.25712  1229 4
-279.156  0.248677  378 4
261.328  0.226018  761 4
-392.154  0.261566  562 4
117.908  0.425532  329 4
17.72  0.0697674  172 4
-20.248  0.220918  937 4
12.688  0.266417  1066 4
19.328  0.231928  332 4
12.718  0.287379  515 6
18.234  0.272727  264 4
67.19  0.34444  2401 4
-242.156  0.213018  338 6
113.906  0.149321  221 4
44.812  0.238179  1142 4
67.264  0.286713  286 6
32.064  0.106299  254 4
97.704  0.411832  879 6
-21.656  0.229508  488 6
228.594  0.273266  2364 6
18.436  0.189474  190 4
-382.406  0.178571  532 4
-8.906  0.287805  615 4
-54.47  0.319261  379 4
129.532  0.376344  372 6
17.002  0.234463  354 4
67.532  0.333333  2763 4
-160.626  0.226667  150 4
70.594  0.366593  2706 6
-274.904  0.277193  285 6
-234.158  0.265957  376 6
-43.936  0.278361  952 4
41.814  0.232323  297 6
164.828  0.215951  1630 6
24.984  0.244142  1323 4
70.56  0.347574  2411 4
66.248  0.34808  2057 6
-141.656  0.239914  1388 4
157.47  0.391121  473 4
93.312  0.399789  948 4
301.968  0.212598  16383 6
12.594  0.23423  1934 4
123.17  0.378674  1735 6
90.624  0.338863  422 4
241.68  0.246424  4894 6
-75.314  0.240733  2401 6
-60.422  0.295082  244 6
-67.406  0.327273  220 6
8.78  0.249313  1456 6
279.046  0.289017  173 6
11.334  0.241443  3243 4
-231.998  0.227194  581 4
-314.844  0.253708  1955 6
15.828  0.297357  454 6
79.5  0.219512  205 6
-13.36  0.226535  1726 4
6.562  0.256144  1058 6
14.436  0.272251  191 4
94.718  0.347095  654 4
13.64  0.284016  757 6
-79.562  0.366972  218 4
60.248  0.369929  3106 6
129.374  0.224771  654 4
67.532  0.364971  2044 6
7.968  0.263514  1776 6
268.124  0.373457  324 6
-267.814  0.236641  262 4
70.546  0.347586  1450 6
145.812  0.386667  300 4
-231.766  0.288194  288 6
93.156  0.366165  1330 6
102.452  0.378069  611 4
-386.064  0.246696  227 6
89.406  0.403077  975 4
99.188  0.38018  555 4
-190.716  0.250753  1659 6
17.844  0.335907  259 6
271.282  0.28496  379 4
-374.688  0.195531  179 4
91.468  0.357582  976 4
-77.312  0.216346  208 4
221.516  0.136126  191 6
206.502  0.235  200 4
15.986  0.272189  338 6
199.92  0.239472  1211 6
71.968  0.350442  2260 6
112.124  0.391549  355 6
25.984  0.203065  261 4
74.314  0.338308  603 6
9.796  0.251905  2493 4
18.062  0.314442  547 4
-348.124  0.27451  204 6
90.264  0.338376  1256 4
12.048  0.259542  1834 4
121.876  0.312821  195 6
133.906  0.445161  465 4
-109.626  0.251773  282 4
-5  0.25546  1969 4
113  0.402377  589 6
12.782  0.25  444 6
143.656  0.221709  433 6
80.422  0.406685  359 4
82.89  0.266791  1072 6
-52.876  0.339623  265 4
119.064  0.301775  169 6
109.56  0.427083  480 4
13.188  0.298893  813 6
105.782  0.368239  869 6
259.69  0.247312  372 6
189.252  0.409938  483 6
-247.454  0.318182  286 4
86.468  0.483471  242 6
182.376  0.294118  255 4
182.564  0.252128  1527 4
-41.97  0.229469  414 4
-232.936  0.224771  218 4
102.078  0.370476  1050 4
79.044  0.331758  2116 4
128.936  0.261953  2970 4
79.296  0.384615  741 4
-45.688  0.229675  492 6
7.592  0.251068  6086 4
-203.064  0.173387  248 6
72.064  0.385238  989 4
8.72  0.225092  542 4
103.016  0.367965  462 4
-97.768  0.249009  3028 6
-62.172  0.304147  217 6
219.968  0.227119  295 4
151.734  0.251543  648 4
11.468  0.277933  1432 6
94.938  0.39374  607 4
10.096  0.151042  192 6
270.218  0.253906  256 4
15.374  0.162338  154 6
95.936  0.415398  1117 4
26.142  0.252613  1148 4
140  0.393393  666 6
-102.25  0.265734  429 4
154.752  0.2  140 4
82.608  0.347158  651 6
35.938  0.328302  265 6
15.75  0.198895  362 4
124.654  0.243437  419 4
-363.596  0.184713  157 6
194.096  0.388947  959 4
88.484  0.337662  1232 6
-117.312  0.216129  310 4
127.404  0.25  1804 4
-319.218  0.211886  387 6
-218.876  0.279503  322 4
172.876  0.218391  174 4
69.374  0.375419  2685 6
34.314  0.210708  579 4
-325.344  0.262357  263 4
-252.344  0.244782  527 4
84.406  0.338318  1605 4
-273.282  0.357106  1935 4
25.688  0.27991  886 6
-41.468  0.3  640 4
232.564  0.205263  190 6
-179.406  0.275556  225 4
92.72  0.419214  916 4
148.876  0.38535  314 6
-270.528  0.214939  656 6
153.624  0.119403  201 6
16.376  0.277778  504 4
-182.548  0.0526316  95 6
140.172  0.232291  1567 4
-346.296  0.252619  1718 4
79.048  0.246466  1132 6
12.248  0.151899  158 6
90.344  0.360027  1461 4
78  0.390736  1835 4
200.36  0.246512  645 6
54.702  0.28131  519 4
146.19  0.219585  337 4
14.876  0.221154  208 4
13.952  0.214  500 6
312.42  0.271889  217 6
14.188  0.296912  421 4
8.064  0.252874  174 6
-366.748  0.223859  679 4
138.594  0.256794  1803 4
79.984  0.364238  2718 4
11.032  0.268982  1699 6
-184.968  0.327922  308 6
14.406  0.270718  905 4
-5.58  0.214286  406 4
-98.376  0.213636  220 4
14.624  0.216471  850 4
87.388  0.215596  1090 4
20.332  0.224756  307 4
248.472  0.394683  489 6
155.36  0.393186  1086 4
73.956  0.357042  2826 6
16.628  0.295597  318 6
236.468  0.237548  522 4
-349.436  0.255624  978 6
99.128  0.359392  921 4
-49.704  0.243478  460 4
253.812  0.258621  290 6
253.752  0.303116  353 4
-345.172  0.242866  3154 6
303.748  0.302691  446 6
90.124  0.348106  1399 6
200.908  0.249541  545 4
269.284  0.265625  832 4
-34.188  0.307292  192 4
-68.344  0.256972  502 4
169.188  0.25498  502 6
184.184  0.281395  430 6
-106.968  0.249817  2734 6
130.624  0.352313  281 4
146.264  0.366534  1255 4
114.032  0.348315  712 6
-22.832  0.245146  1236 6
118.812  0.225434  865 6
95.88  0.349876  806 4
9.656  0.264082  1651 6
3.94  0.259657  466 6
-381.192  0.223881  201 4
289.576  0.269706  2106 6
-282.872  0.161932  352 4
-95.316  0.253952  949 4
-390.612  0.244853  3643 4
238.252  0.387283  519 4
10.14  0.231373  1530 4
-262.44  0.239691  1940 4
-333  0.234127  756 6
-46.312  0.250274  3652 6
71.124  0.388502  1148 6
-269.156  0.274637  1857 4
17.56  0.225  240 4
-350.688  0.241185  709 6
95.704  0.350814  553 6
253.376  0.215  200 6
141  0.398467  261 6
16.704  0.255814  344 4
10.436  0.277082  2317 4
62.184  0.157692  260 6
-93.248  0.262069  290 6
-394.284  0.253886  386 4
113.156  0.417143  350 6
62.404  0.252366  317 4
302.296  0.225974  385 6
-155.972  0.144578  166 4
13.344  0.221198  434 4
11.812  0.263663  1354 4
34.376  0.243295  522 6
13.936  0.2665  1197 4
284.78  0.27933  179 6
87.716  0.411856  641 4
166.188  0.19933  597 4
-108.812  0.0229008  131 6
14.312  0.222826  184 4
202.28  0.322581  279 4
-349.076  0.253333  1725 6
191.404  0.41866  418 6
289.188  0.225532  470 6
14.656  0.242816  696 4
232.388  0.292683  205 6
-16.312  0.204724  635 4
-52.984  0.287611  226 4
298.248  0.261635  2557 6
14.844  0.134615  156 6
-163.124  0.276362  1726 6
260.796  0.230284  951 6
-384.344  0.226442  711 4
-260.436  0.321782  202 6
65.816  0.315891  2083 4
10.78  0.263466  4270 4
14.468  0.255734  872 6
14  0.273264  677 6
-77.064  0.263771  3431 4
14.096  0.274194  496 6
-287.124  0.247159  352 4
262.532  0.12  125 4
-315.576  0.246851  1191 6
81.716  0.341253  1389 4
15.344  0.298643  221 6
-24.532  0.292899  338 6
-28.78  0.13587  184 4
87.64  0.364943  696 6
282.876  0.225641  390 6
84.468  0.237197  742 4
14.5  0.236  500 4
168.388  0.253922  1721 6
-354.968  0.296943  229 4
-319.532  0.232877  146 4
-28.42  0.228814  590 6
-387.404  0.260726  606 6
-133.156  0.245926  675 6
-27.032  0.270042  474 4
4.56  0.243989  1414 6
14.188  0.235763  878 6
78.984  0.360348  1493 4
128.748  0.265432  162 6
211.408  0.336378  1861 6
12.436  0.253086  648 6
100.064  0.250776  3864 4
135.252  0.386167  1388 4
9.184  0.256891  2721 4
20.064  0.264  375 4
11.048  0.25153  2942 4
59.408  0.228723  188 6
-327.032  0.131068  206 6
209.72  0.236  500 4
41.72  0.294479  163 4
277.284  0.366375  1826 6
-227.468  0.238342  386 6
309.032  0.168539  178 6
72.86  0.360845  1987 4
15.44  0.200873  229 6
179.768  0.201058  189 4
-117.468  0.129032  155 4
-69.796  0.238665  2007 4
-50.876  0.267559  299 4
219.44  0.328546  557 6
-129.688  0.269341  349 4
17.5  0.157143  140 4
-205.628  0.228216  241 4
85.156  0.351206  1492 4
171.78  0.354938  324 4
163.424  0.262222  225 4
2.596  0.270627  303 6
13.108  0.246401  1806 4
181.328  0.171598  169 4
15.344  0.324324  259 6
12.78  0.260192  834 6
289.576  0.258929  672 4
14.2  0.261563  627 4
-102.656  0.231672  341 4
65.908  0.230152  1247 4
19.204  0.346154  234 4
25.996  0.257329  307 6
66.94  0.258865  282 4
-247.752  0.14375  160 6
-17.752  0.253759  532 4
2.936  0.261065  3344 6
-380.268  0.335545  2110 6
300  0.396226  848 6
-174.436  0.249446  902 4
127.812  0.171103  263 4
11.72  0.2405  2158 4
-171.856  0.191489  188 4
189.312  0.171296  216 6
262.236  0.244589  462 4
-263.844  0.251397  358 6
14.592  0.256255  1159 4
-361.152  0.272776  1877 6
161.72  0.440385  520 4
130.936  0.251565  3673 6
10  0.26875  160 4
200.56  0.238487  608 4
121.608  0.34375  192 6
16.876  0.0923077  130 6
27.5  0.204225  142 4
-358.628  0.210526  304 4
85.964  0.331296  1636 6
13.688  0.240209  383 6
214.72  0.296537  462 6
-192.564  0.213768  276 4
288.532  0.232982  1043 6
18.124  0.280255  157 6
-174.548  0.260009  15361 6
-307.236  0.151899  316 4
8.328  0.252533  1382 4
-387.936  0.398964  193 4
272.344  0.244976  2090 6
-58.216  0.251504  831 4
95.312  0.375566  442 6
270.404  0.395349  688 6
-232.56  0.345794  214 6
104.472  0.359539  954 6
220.58  0.358079  229 6
13.28  0.292035  226 6
71.64  0.31686  1376 4
304.736  0.241181  1219 4
17.78  0.179894  189 6
-266.468  0.145161  310 4
74.904  0.376699  515 4
-357.064  0.267176  131 6
-29.436  0.262957  1833 6
-300.78  0.162281  228 4
16.048  0.175824  182 4
-336.748  0.277022  1249 6
-91.964  0.248705  579 6
205.872  0.133333  180 6
207.624  0.279514  576 4
76.672  0.378585  523 6
19.608  0.177632  152 4
32.296  0.251462  1539 4
312.872  0.213429  417 4
14  0.257511  233 4
-132.376  0.3  160 4
284.844  0.247945  730 4
15.812  0.0642202  109 4
-54.872  0.231527  203 4
12.28  0.321951  410 6
86.672  0.491039  279 4
88.64  0.402373  927 4
-168.656  0.256243  921 4
12.096  0.247492  897 6
93.06  0.209184  196 4
17.452  0.245487  277 6
-69.124  0.237557  1326 6
-79.72  0.288889  225 4
93.92  0.234982  1698 4
-3.94  0.260107  2053 4
21.188  0.124031  129 6
79.436  0.36947  2057 4
27.28  0.247536  2537 6
-335.248  0.235751  386 4
82.656  0.3663  1365 6
252.796  0.234254  905 6
-33.5  0.229358  218 4
18.78  0.104972  181 6
-29.264  0.252781  1978 6
221.344  0.348914  1519 6
-311.468  0.287532  393 4
220.812  0.407407  243 4
44.94  0.336842  285 4
-285.252  0.240126  633 6
285.624  0.361905  210 4
14.316  0.239617  313 4
156.032  0.277895  950 4
11.252  0.252822  443 6
-207.424  0.201754  228 6
-313.408  0.249865  1857 6
70.344  0.374136  1013 6
-134.312  0.293023  215 4
77.968  0.380846  1347 6
15.312  0.188202  356 4
-300.936  0.179245  212 4
-13.952  0.283797  1043 6
16.844  0.252269  551 4
104.436  0.389655  580 4
-182.812  0.261056  701 4
186.876  0.240741  216 4
74.392  0.368912  965 4
-284.5  0.27279  1448 4
219.324  0.277778  234 4
13.028  0.307839  523 4
247.94  0.245033  453 4
-387.692  0.261434  3695 4
13.564  0.280856  794 4
-32.376  0.273333  450 4
93.88  0.337017  362 6
156  0.377551  490 4
181.844  0.397436  390 6
69.5  0.391083  785 6
106.8  0.340486  699 6
-24.816  0.260274  292 4
-349.376  0.249191  618 6
91.94  0.399177  486 4
168.748  0.258427  178 4
-310.408  0.3629  2717 6
-118.656  0.214829  526 6
178.284  0.23622  1016 6
16.032  0.204117  583 4
99.14  0.462935  661 4
248.968  0.239726  876 4
9.564  0.258398  387 6
-362.484  0.196078  153 6
148.656  0.35  260 6
-228.028  0.263731  2112 6
153.824  0.365019  263 4
-118.656  0.28  350 4
19.06  0.0289855  138 6
-23.268  0.361502  213 4
-73.812  0.241259  286 6
-156.576  0.25651  2304 4
-199.236  0.253821  1832 4
96.796  0.208617  1764 6
10.128  0.259036  498 6
15.436  0.28733  442 6
80.936  0.379939  1316 6
-371.94  0.230432  1367 4
-1.188  0.18593  199 6
-309.656  0.225549  501 4
-53.872  0.2358  581 6
-171.44  0.273616  307 4
95.06  0.256158  203 6
37.124  0.250871  287 4
108.704  0.351064  282 4
42.812  0.272887  1136 6
12.656  0.236152  686 6
-292.204  0.296037  429 4
83.264  0.352612  1608 6
-112.032  0.025641  156 6
169.812  0.176471  204 6
7.784  0.252194  3989 4
14.532  0.328125  192 6
-64.124  0.114286  140 4
8.284  0.256364  550 6
11.188  0.244224  303 6
67.456  0.366627  2523 6
68.36  0.328826  1627 4
-297.252  0.227979  386 6
10.94  0.264249  1930 4
67.704  0.347981  1684 6
-210.404  0.26441  3574 6
15.252  0.157576  165 6
-153.504  0.223749  1019 6
-173.188  0.189759  332 6
20  0.327869  183 6
13.704  0.251412  708 4
80.872  0.333668  1993 4
7.216  0.267282  6828 4
-241.172  0.276392  521 6
-251.124  0.325444  338 6
14.032  0.194444  180 4
-116.812  0.231744  1342 4
16.528  0.166667  324 6
-312.936  0.269896  289 6
-51.064  0.290859  361 6
279.752  0.31694  183 4
103.388  0.366708  799 6
196.372  0.242967  782 6
88.548  0.362281  1543 4
-89.468  0.23646  757 4
-14.128  0.255214  1007 6
123.312  0.233933  389 4
-137.688  0.233209  536 6
4.232  0.25305  6722 4
-391.72  0.26087  483 6
-263.812  0.337875  367 4
12.344  0.227425  299 6
15.188  0.297561  205 4
180.78  0.258486  383 4
100.872  0.365408  1642 6
100.044  0.246725  3664 4
-335.156  0.247423  873 6
261.128  0.276265  257 6
14.456  0.233279  613 6
-202.752  0.291589  535 4
-337.844  0.240741  270 6
120.564  0.234753  869 4
-166.548  0.238462  1040 6
83.516  0.366769  1306 4
17.688  0.281081  370 4
-291.716  0.273747  1337 4
189.484  0.392016  977 4
-239.812  0.208649  925 6
117.828  0.429688  384 4
-6.716  0.260546  403 4
73.312  0.25  412 4
75.28  0.356499  2331 6
14.596  0.292453  212 6
-333.72  0.208511  235 4
-295.532  0.346341  205 4
82.104  0.343784  925 6
79.66  0.337086  1510 4
-322.848  0.216216  481 6
92.484  0.36451  1144 4
78.188  0.365226  972 6
-104.784  0.272527  455 4
13.94  0.209607  229 4
14.768  0.234286  350 4
16.064  0.172662  139 4
200  0.4  780 4
14.672  0.123153  203 6
13.248  0.24838  1389 6
239.172  0.241144  1468 4
57.844  0.256303  238 4
92.268  0.341976  1427 4
64.016  0.33033  1998 6
80.16  0.371257  1670 4
273.624  0.237981  416 6
68.392  0.349398  3071 4
-370.232  0.244604  2085 4
-131.504  0.357576  165 6
130.064  0.255556  270 4
101.812  0.176259  278 4
7.924  0.247099  4051 6
-257.192  0.312741  259 4
-31.92  0.208333  264 6
-380.8  0.224655  1233 4
-157.628  0.241573  178 6
-313.124  0.223814  1117 6
93.356  0.405973  904 6
-0.56  0.262038  10758 6
-179.184  0.320946  296 4
-245.784  0.190311  289 6
-155.748  0.0813008  123 4
-21.78  0.306452  248 4
93.628  0.235714  280 6
-71.748  0.2525  400 6
13.312  0.24228  421 6
202.624  0.23913  276 4
155.172  0.367841  1362 6
-376.876  0.248139  806 6
136.688  0.249357  1167 6
80.968  0.405123  1054 6
108.424  0.210145  552 4
-18.5  0.244019  836 4
-96.032  0.170616  211 4
19.156  0.236611  1027 6
146.624  0.406355  598 4
-31.684  0.268229  384 4
25.876  0.306569  548 4
99.688  0.399371  636 4
133.344  0.248106  1056 6
193.504  0.185185  162 6
-109.28  0.235294  1513 4
-328  0.224113  705 6
24.688  0.24186  215 6
-183.86  0.246357  2882 6
17.28  0.194986  359 4
183.316  0.346067  445 6
155.752  0.35546  934 6
12.812  0.260512  1094 4
-123.376  0.253575  2867 6
-111.252  0.174888  446 6
-8.968  0.22239  661 4
-383.108  0.254671  1017 4
-366.248  0.320574  209 4
-65.968  0.167832  286 6
107.156  0.354978  231 6
-216.06  0.339768  259 4
17.156  0.272085  283 6
52.232  0.26002  1996 6
9.36  0.272903  1550 6
14.096  0.26091  1077 4
-82.72  0.274096  332 4
253.312  0.33432  338 4
79.356  0.392915  1242 4
-274.808  0.228723  376 6
149.684  0.263158  228 6
242.608  0.345465  1731 4
70.128  0.160714  168 4
198.936  0.305882  340 6
185.548  0.21547  181 4
9.824  0.25  3944 6
-279.312  0.281768  181 4
87.312  0.346154  962 6
-202.524  0.220721  222 6
-79.152  0.148387  155 6
-168.564  0.173077  208 6
-67.188  0.231939  789 4
88.064  0.372445  1321 4
271.592  0.180587  443 4
15.784  0.289474  304 6
44.592  0.25  1148 6
299.092  0.220994  362 4
-178.848  0.186544  327 4
-200.316  0.241169  821 6
93.908  0.373061  1225 6
73.472  0.264338  1918 4
9.408  0.260242  1733 6
37  0.205212  307 6
69.284  0.337931  1450 6
-67.2  0.25438  1541 4
-203.064  0.191667  240 4
14.608  0.298682  683 6
233.812  0.272727  418 6
220.188  0.242754  828 6
-72.564  0.310658  441 6
159.812  0.265335  701 4
49.344  0.258503  147 4
-55.532  0.225581  430 6
-107.968  0.205882  680 6
-291.372  0.271715  449 4
98.032  0.363088  829 4
162.64  0.364152  1233 4
167.016  0.222701  696 4
86.472  0.363477  1139 6
14.684  0.369863  292 4
10.344  0.215768  241 4
-111.252  0.264507  15992 4
71.376  0.212121  396 6
126.252  0.356923  325 4
9.888  0.255604  2989 6
81.908  0.377565  731 6
-242.436  0.178261  230 6
257.968  0.246682  1281 4
315.06  0.275701  214 6
16.94  0.237288  236 6
-8.028  0.232772  653 6
-201.812  0.221932  383 6
8.468  0.289898  683 4
-96.784  0.219124  251 4
190.404  0.319149  329 6
-288.108  0.24878  1435 6
11.312  0.255353  1261 4
-32.312  0.278287  327 4
-90.108  0.237243  1509 6
72.172  0.33923  3222 6
39  0.234375  256 4
289.312  0.366985  733 4
-64.408  0.217926  569 4
-389.188  0.193878  294 4
15.108  0.271451  641 4
10.768  0.256364  2750 4
-371.564  0.260179  1007 4
-212.968  0.211055  398 4
-279.372  0.249231  325 4
17.248  0.2558  1681 6
40.136  0  16383 4
-120.188  0.176587  504 4
167.316  0.29932  294 6
-157.472  0.242268  1746 4
81.5  0.379825  2280 4
105  0.228571  210 4
91.716  0.373522  423 6
-18.092  0.246832  1815 4
-126.532  0.325949  316 4
14.748  0.218182  330 4
