7.375  0.21733  704 4
62.282  0.328865  2238 4
-149.234  0.206783  914 4
-230  0.205521  652 4
54.789  0.328323  2129 6
-17.594  0.23727  1905 6
179.046  0.332869  718 6
-283.26  0.356452  620 4
15.704  0.23494  332 6
-4.311  0.259346  428 4
71.406  0.332189  1457 6
59.093  0.333818  2064 6
-176.264  0.234393  1698 6
373.453  0.376452  1291 6
10.938  0.227702  953 6
19.344  0.295508  423 4
78.095  0.356571  875 4
59.828  0.351364  2163 6
12.094  0.262369  667 6
-5.594  0.241906  2162 6
-242.905  0.253571  3360 6
50.188  0.34835  1576 4
70.874  0.373494  913 4
-132.53  0.205176  541 4
69.045  0.36211  834 4
-236.343  0.246707  835 6
150.812  0.150259  579 4
69.485  0.244782  527 6
9.141  0.261612  1873 6
62.014  0.372404  1348 6
67.578  0.346964  1614 4
-304.063  0.212938  371 4
10.14  0.259185  2504 6
58.367  0.352438  1989 6
-280.157  0.263736  364 4
72.03  0.337761  1054 6
301.813  0.216696  563 6
-285.453  0.233083  1729 4
347.314  0.273337  1789 6
-39.921  0.266136  1131 6
-6.203  0.25548  1323 6
-85.532  0.215827  556 6
331.064  0.240741  918 4
-12.766  0.258049  2112 6
71.421  0.330389  566 4
69.187  0.348214  896 4
70.937  0.362649  921 4
57.109  0.324387  2571 6
-359.11  0.256938  1117 6
173.938  0.328094  509 4
-162.156  0.248916  1615 4
-170.721  0.244516  1550 6
83.266  0.373464  814 4
-374.626  0.210341  851 4
-375.406  0.246847  555 4
160.407  0.218367  490 6
-236.375  0.264556  1958 4
157.125  0.37248  1141 4
125.555  0.245682  2316 6
333.391  0.338115  488 4
374.655  0.23445  418 4
11.866  0.222422  1115 6
16.514  0.221488  605 4
-328.345  0.169916  359 6
-232.703  0.41314  898 4
54.171  0.334702  1948 4
57.149  0.339028  2634 6
88.797  0.354196  703 4
53.33  0.35488  1578 4
119.763  0.25353  1629 6
0.203  0.227477  888 6
14.375  0.259794  485 4
14.608  0.256735  631 6
81.656  0.327742  775 6
-162.252  0.248879  1784 4
-308.329  0.276094  1188 4
-378.811  0.213296  361 4
-6.999  0.284553  369 6
84.938  0.3206  733 4
-269.561  0.217742  620 4
52.641  0.35554  2897 6
14.311  0.241535  443 6
-141.031  0.2  350 4
157.906  0.396934  587 4
282.853  0.152062  388 6
85.828  0.255198  529 4
63.25  0.367861  1786 4
129.984  0.32987  1540 4
64.54  0.372801  1478 6
38.125  0.238636  616 4
9.898  0.251416  2649 4
15.86  0.161137  422 4
-164.875  0.355397  982 6
59.015  0.350164  1525 6
-231.968  0.355907  2023 4
60.233  0.393786  1384 6
15.89  0.234667  375 4
70.016  0.339267  955 6
-59.421  0.252427  1957 4
17.741  0.265753  365 6
13.562  0.282983  523 6
-101.97  0.278777  556 6
56.009  0.331301  3444 6
56.095  0.385937  640 4
357.14  0.255587  1745 6
155.25  0.36214  729 4
7.51  0.257982  10179 4
-68.749  0.259332  1018 4
-170.405  0.239558  814 6
-335.407  0.248239  568 4
-330.517  0.242009  876 4
-276.453  0.248715  973 4
149.188  0.249267  1705 6
-52.53  0.22102  1941 4
9.093  0.25609  3366 6
68.514  0.362928  1284 4
-3.188  0.191136  722 4
60.845  0.371216  2015 4
-74.639  0.269301  1088 4
-370.594  0.228571  875 6
68.44  0.348525  746 4
20.468  0.21648  716 6
-318.642  0.247706  1199 4
19.978  0.240426  470 6
51.374  0.333204  2578 4
161.936  0.344633  531 4
263.922  0.234589  1168 4
-140.268  0.224789  1775 6
71.86  0.394928  552 4
-1.436  0.246767  928 4
283.424  0.24109  954 4
-310.422  0.259953  1281 6
2.174  0.236392  1929 4
15.39  0.219114  429 6
119.138  0.237903  1736 6
8.172  0.21238  937 6
10.752  0.244009  1377 6
-160.328  0.205008  639 4
54.788  0.313385  3108 4
11.734  0.241235  1198 6
-201.344  0.264184  564 6
13.5  0.194553  514 6
33.376  0.228982  904 4
-355.444  0.260714  2240 6
58.296  0.330918  828 4
-92.876  0.244801  1683 6
58.842  0.378706  742 6
13.14  0.189349  338 6
71.206  0.407895  760 6
-221.202  0.239513  739 4
63.36  0.357882  2512 4
53.328  0.355219  1188 6
-330.856  0.230191  1464 6
-0.062  0.242762  449 4
-87.938  0.270538  706 4
-123.498  0.242322  2084 4
248.328  0.377916  643 6
-0.064  0.229706  579 6
-370.812  0.262992  635 4
134.548  0.261877  863 6
337.584  0.247037  1603 4
-329.232  0.226306  517 4
-90.688  0.214425  513 6
67.656  0.195402  522 6
-295.44  0.236923  650 4
51.672  0.367863  2452 6
321.186  0.148773  652 4
-22.156  0.180435  460 4
56.75  0.335526  760 4
62.768  0.359673  734 6
201.812  0.25448  558 4
4.094  0.257698  3605 6
14.89  0.248366  765 4
-239.08  0.216411  1109 6
-304.346  0.230769  1144 4
-48.296  0.257448  7015 4
-119.484  0.254217  1660 4
46.406  0.325412  4124 6
12.562  0.258528  557 6
-217.564  0.252988  502 4
-18.424  0.240288  1390 4
59.406  0.333819  1372 6
223.282  0.208651  393 4
11.72  0.248047  512 4
-341.968  0.272541  488 4
219.124  0.275116  647 4
68.342  0.357895  1520 6
64.172  0.355808  1231 6
71.298  0.343854  602 6
