12.187  0.232911  395 6
-83.5  0.231618  1088 4
85.265  0.37415  882 4
125.86  0.23476  1542 6
274.455  0.251223  1226 6
-2.332  0.248408  1099 6
10.595  0.30039  769 6
-237.751  0.258824  510 6
227.673  0.224432  1408 4
158.407  0.221212  660 6
-119.095  0.267717  635 4
-137.765  0.224844  1441 6
-267.483  0.179  1000 6
-394.899  0.259865  1039 4
-186.425  0.257521  9075 4
59.86  0.33574  1108 4
95.147  0.391228  570 4
60.842  0.35  1060 6
-48.655  0.259091  1100 4
8.015  0.244161  942 6
-46.141  0.252133  2110 4
56.36  0.330211  2135 6
-322.61  0.255814  1075 4
-323.42  0.259259  1944 4
291.923  0.251948  1155 4
-144.296  0.183028  601 4
-116.187  0.232305  1102 6
109.344  0.23548  947 6
276.75  0.363536  905 4
-74.656  0.18932  412 4
313.407  0.226721  988 4
65.172  0.375551  908 6
-390.234  0.246603  1987 6
65.656  0.366071  672 6
58.313  0.398833  2056 4
-247.483  0.249649  713 6
-131.563  0.211161  663 4
-183.454  0.2314  1586 4
56.375  0.344737  760 4
180.781  0.383467  871 6
6.751  0.189448  417 6
60.923  0.363687  1801 4
123.563  0.249647  709 6
8.311  0.240409  391 6
-57.765  0.233881  791 6
63.672  0.394089  1015 4
60.735  0.345025  1397 6
71.657  0.355082  797 4
-304.166  0.24292  3178 6
-1.298  0.240638  1442 6
-202.805  0.244375  1911 4
52.25  0.188679  424 4
-303.767  0.226361  349 4
65.405  0.353009  1745 6
-0.596  0.212947  587 4
167.875  0.225166  1208 6
57.672  0.322887  1053 4
116.141  0.27707  942 4
64.562  0.257095  1198 4
-337.89  0.373285  1385 6
289.625  0.260629  1811 6
79.633  0.383392  566 4
96.407  0.259496  2343 6
181.375  0.193548  372 6
60  0.354523  818 6
76.342  0.35967  848 4
64.608  0.338785  2140 4
135.899  0.244433  3727 4
62.438  0.386035  1246 6
54.375  0.389061  969 4
53.656  0.347447  803 6
71.407  0.381395  645 6
56.132  0.36174  1678 4
50.508  0.315832  3752 4
-148.688  0.178112  466 6
55.453  0.363775  1314 4
-73.687  0.238381  667 6
-93.359  0.262376  2626 4
18.298  0.17971  345 4
-65.47  0.22479  476 6
53.547  0.25522  1293 4
47.993  0.322799  3544 6
-8.28  0.262332  446 6
70.702  0.401105  905 4
-249.188  0.224947  938 6
-139.812  0.219224  593 4
-177.657  0.255869  426 6
-354.531  0.183333  420 4
248.735  0.190698  430 6
11.594  0.228473  871 6
217.814  0.216738  466 6
14.686  0.234676  571 6
-261.766  0.23203  793 4
208.671  0.196429  448 4
-186.907  0.293168  805 4
41.22  0.273463  618 4
-14.814  0.235795  352 4
147.468  0.234621  699 4
52.437  0.35066  2347 4
10.43  0.240443  1805 4
14.937  0.187719  570 6
-166.009  0.235403  1079 6
79.625  0.339599  798 6
265.97  0.197655  597 4
80.985  0.355249  943 6
7.766  0.234492  2273 6
9.767  0.258439  948 4
-154.328  0.276376  872 6
36.14  0.248822  2335 6
64.561  0.322642  530 6
54.985  0.328047  1198 6
-332.188  0.228178  653 4
-102  0.23538  684 4
-335.211  0.210707  1457 6
73.656  0.392077  732 4
78.258  0.259116  2331 4
55.554  0.347639  1631 6
-346.874  0.190808  16383 4
61.314  0.342753  2194 4
-50.351  0.254777  1570 6
-200.016  0.229349  1029 6
-68.109  0.262036  1454 4
8.203  0.252355  2017 4
-324.875  0.229287  2076 4
-173.843  0.220684  1228 4
-135.876  0.270784  421 4
17.815  0.126801  347 4
-140.501  0.231552  393 4
294.391  0.254494  1057 4
66.751  0.375742  1517 4
53.704  0.323301  2957 6
82.61  0.341163  894 4
52.282  0.325392  3316 4
67.484  0.302424  949 4
9.75  0.237958  1391 4
10.962  0.248623  2904 6
9.062  0.252747  2184 6
65.86  0.355357  1120 4
245.36  0.206605  1181 6
11.562  0.285435  1023 6
-1.718  0.239458  664 4
2.148  0.343549  3426 6
69.89  0.35477  1415 4
7.266  0.227785  799 4
-167.688  0.245646  1665 6
-60.53  0.237447  1175 6
5.44  0.252648  1322 6
58.28  0.352754  944 6
77.954  0.36746  1260 6
13.186  0.263804  489 4
70.078  0.348582  1552 6
113.39  0.358435  2045 4
15.984  0.138672  512 4
11.44  0.186893  412 4
97.11  0.3273  663 6
-65.904  0.21875  768 4
-302.252  0.354397  1899 4
148.014  0.403194  1002 4
2.892  0.240583  823 6
13.376  0.240196  612 6
-93.898  0.232988  2219 4
16.906  0.223039  408 6
-272.922  0.210402  423 4
71.124  0.338083  1544 4
78.874  0.380629  1177 6
-5.516  0.2298  1349 4
58.032  0.23768  1948 6
69.388  0.348101  1422 4
63.58  0.351675  1672 6
100.064  0.257498  3701 4
-165.812  0.288221  798 6
159.28  0.218284  536 4
17.03  0.178082  365 4
7.904  0.255549  1757 4
-146.124  0.24  1000 4
84.532  0.379648  511 6
16.704  0.2  385 6
53.892  0.348261  2300 4
-191.814  0.24  400 6
55.17  0.363517  2286 4
16.72  0.160714  336 4
-55.124  0.262607  3728 4
14.112  0.219718  355 6
49.296  0.360772  2952 6
168.908  0.262787  567 4
1.766  0.198851  870 4
21.032  0.247664  642 4
81.126  0.224609  512 6
63.092  0.351337  1907 6
47.374  0.204412  680 6
1.528  0.248644  12355 4
84.032  0.18863  387 6
-107.626  0.264179  670 6
68.344  0.34063  1873 4
-301.172  0.229014  1227 6
8.296  0.264307  2656 4
-224.908  0.126074  349 6
75.782  0.379803  1119 6
-59.874  0.232071  1241 4
16.344  0.260194  515 6
56.936  0.369048  2016 4
64.374  0.372135  1658 6
-269.704  0.254417  849 4
86.564  0.247148  789 4
86.07  0.392019  852 6
-321.58  0.218887  1599 4
17.344  0.236318  402 6
-120.436  0.236897  477 4
-361.56  0.225877  456 6
-347.592  0.223709  523 6
14.858  0.217204  465 6
178.766  0.261735  1960 6
-377.344  0.263835  777 4
70.078  0.334284  1753 6
47.422  0.205975  636 4
-182.812  0.189931  437 6
10.576  0.215461  608 6
9.736  0.236779  832 6
-390.358  0.25  1812 4
17.704  0.237557  442 4
68.562  0.360417  480 6
-12.36  0.239411  1086 6
-211.912  0.239721  1435 4
227.484  0.233688  1502 6
-1.656  0.247158  2375 6
252.266  0.228378  740 4
-107.22  0.245865  907 6
-2.342  0.244652  1823 6
9.142  0.237869  1051 6
13.922  0.202083  480 6
-278.718  0.242227  1383 6
53.728  0.352801  2928 4
-272.392  0.234295  1178 6
55.828  0.349258  3370 4
-387.282  0.203463  462 6
59.016  0.339212  2438 4
-74.892  0.264931  653 4
-1.546  0.243379  1397 4
58.11  0.365105  1238 4
262.516  0.255217  1869 4
-33.932  0.230096  1256 6
10.5  0.204583  611 6
-0.78  0.274143  963 4
-346.624  0.264463  484 4
-314.14  0.247326  1496 4
-202.32  0.253287  2282 6
-21.188  0.185185  540 4
49.064  0.35728  2088 6
-193.984  0.257253  1034 6
238.608  0.369914  811 6
-23.532  0.247811  1142 4
58.312  0.361573  1806 4
68.952  0.370741  998 6
76.812  0.34296  831 4
53.6  0.358817  2603 6
215.592  0.209003  933 4
69.488  0.235018  851 4
60.656  0.356083  2022 4
-121.78  0.270408  588 6
52.452  0.363983  2360 4
-355.22  0.254076  736 4
269.78  0.229759  457 4
135.188  0.228041  592 4
62.476  0.247775  1461 4
70.64  0.338247  1289 6
-203.624  0.229412  1530 6
-228.784  0.250693  2166 4
-95.532  0.243561  1359 6
14.212  0.210769  650 6
10.252  0.228821  2172 4
65.2  0.329268  1722 6
121.828  0.362955  934 4
-309.404  0.227898  509 6
71.9  0.346698  848 4
-0.748  0.258812  993 6
17.628  0.235849  424 4
-331.532  0.201351  740 6
15.3  0.223154  596 4
10.652  0.243706  1986 6
109.656  0.236842  456 6
-264.532  0.167689  489 6
66.404  0.338253  1626 4
71.408  0.225337  963 6
75.408  0.356185  1342 6
-152.688  0.251309  382 6
236.36  0.240545  661 4
9.38  0.242102  7059 4
10.392  0.243063  1946 4
64.264  0.34058  966 4
254.176  0.253968  1071 4
220.004  0.383779  1196 6
-387  0.246544  434 6
71.9  0.253152  14513 4
80.224  0.209343  578 6
65.052  0.356307  769 6
13.22  0.277542  472 4
196.424  0.22449  882 4
29.876  0.174194  310 4
-381.624  0.22973  444 6
57.748  0.315593  1879 4
142.624  0.239193  1041 4
-158.72  0.229839  496 4
-0.276  0.2397  16383 4
68.468  0.377823  974 4
-375.632  0.250343  8021 6
-323.236  0.237219  1956 6
79.22  0.398347  605 4
68.248  0.410156  512 6
-70.784  0.245353  538 4
9.576  0.252922  1198 6
-203.112  0.241316  2188 4
-298.992  0.209774  1678 4
-139.64  0.211579  950 6
188.656  0.384824  738 4
-38.344  0.23445  627 6
9.612  0.253665  3820 4
189.496  0.223757  362 4
84.952  0.411429  875 4
223.22  0.203791  422 6
-316.216  0.31396  6762 6
13.28  0.199179  487 4
209.932  0.24726  7207 6
17.092  0.298475  459 4
12.812  0.266223  601 4
-151.392  0.274454  1053 6
59.536  0.378486  1255 6
93.124  0.320574  627 6
11.06  0.210773  427 6
-256.248  0.170157  382 4
10.908  0.226013  469 6
169.716  0.235294  765 6
17.484  0.274131  518 4
153.392  0.213695  847 6
-3.844  0.220339  1062 4
-151.44  0.2343  828 6
6.58  0.25922  3796 6
-207.452  0.244877  976 6
59.684  0.335385  1300 6
92.44  0.3367  594 6
72.624  0.296896  741 4
-16.156  0.207675  443 4
51.56  0.274436  532 6
53.672  0.345  1600 4
-66.004  0.256757  666 4
-280.576  0.232558  645 4
7.484  0.241026  1755 4
102.796  0.351111  675 4
86.624  0.336207  812 6
-0.856  0.273345  1178 4
-270.472  0.203822  314 6
-30.752  0.262828  1754 4
258.16  0.225746  1608 6
-378.944  0.243969  2197 6
53.064  0.338776  3675 6
58.468  0.380336  2085 4
65.892  0.215837  783 4
13.392  0.222951  610 4
88.172  0.235294  663 6
65.64  0.354911  1792 4
-0.592  0.293491  845 4
222.1  0.268367  980 4
9.968  0.259644  674 6
-222.388  0.232132  1581 6
-69.124  0.205752  452 6
96.608  0.229015  1096 4
69.58  0.358176  899 6
181.148  0.339244  2989 6
-262.752  0.27027  592 4
-321.468  0.178054  483 4
-273.688  0.211864  354 6
315.06  0.26383  705 6
157.392  0.381443  776 6
-9.468  0.250467  535 6
-92.58  0.231797  1497 6
-2.872  0.2  435 6
68.16  0.356218  772 6
70.056  0.246632  6013 4
5.752  0.237962  1433 6
-105.096  0.227459  488 6
15.252  0.263158  437 4
76.904  0.345374  1135 4
63.404  0.368254  630 6
-335.768  0.242655  1974 6
16.968  0.198091  419 4
61.06  0.358885  1435 4
60.216  0.359968  1239 6
-370.64  0.253521  426 4
-277.904  0.227273  616 6
15.032  0.226175  787 4
58.608  0.347397  1825 4
-21.252  0.250447  559 6
14.224  0.235443  395 6
53.308  0.320467  3342 6
139.648  0.244752  2525 4
-336.316  0.246333  8180 4
-265  0.156593  364 4
235.532  0.352734  1134 6
-335.56  0.280778  463 6
-243.812  0.257198  1042 6
9.012  0.246862  1434 6
-339.892  0.251596  2663 4
-308.484  0.232819  713 4
-320.844  0.276119  536 4
-154.596  0.183807  457 6
10.064  0.26238  2908 4
14.532  0.218023  344 4
63.528  0.377939  1106 6
238.2  0.241056  1705 4
3.096  0.231752  548 4
-2.968  0.281863  816 4
14.468  0.224537  432 6
187.78  0.242308  520 4
17.404  0.253283  533 4
83.42  0.256177  769 4
243.284  0.231801  522 6
107.364  0.286004  493 4
74.488  0.351014  641 4
15.156  0.202899  552 4
177.608  0.353391  1047 6
12.988  0.225556  900 6
59.172  0.266897  1450 4
65.548  0.348778  1964 4
58.768  0.348837  1376 6
-67.548  0.268152  1212 4
-351.376  0.259341  455 6
64.532  0.36255  1004 6
-16.64  0.25335  1642 6
83.784  0.340836  622 6
16.252  0.193023  430 6
-136.844  0.265663  2059 6
93.156  0.247846  1509 6
62.22  0.360985  1097 6
84.608  0.429986  707 6
80.116  0.343023  688 6
56.252  0.406646  632 6
67.756  0.358991  1585 4
-247.688  0.265107  513 6
226.344  0.22449  343 6
18.704  0.269231  416 4
35.684  0.261981  939 6
116.86  0.2199  1005 4
180.192  0.334746  472 6
-389.328  0.232897  687 4
0.828  0.249525  3158 4
11.42  0.252033  1599 4
75.22  0.381241  661 6
-313.888  0.239766  513 6
-170.332  0.239819  663 6
-371.388  0.257545  1988 4
126.656  0.193891  753 4
272.672  0.343474  1019 4
-293.472  0.243836  1095 6
84.596  0.232877  438 4
63.516  0.344753  1839 4
-305.06  0.202299  435 4
-242.968  0.261297  509 4
172.936  0.238522  2679 6
-75.3  0.24747  1087 4
10.484  0.247304  1391 6
73.592  0.327083  480 4
60.5  0.347729  2686 4
297.04  0.31632  3174 6
80.468  0.349643  981 4
-212.3  0.23601  411 6
57.396  0.335038  3325 6
298.344  0.235549  692 6
66.892  0.353795  1792 4
-290.404  0.237469  1217 4
-5.112  0.257997  1907 6
-324.064  0.198113  424 4
-239.592  0.215622  909 6
-162.956  0.231579  1140 4
12.28  0.249518  1038 4
68.456  0.360538  1115 6
83.184  0.348953  1003 4
55.984  0.347208  1898 6
161.876  0.320242  662 6
230.016  0.271127  568 4
14.436  0.232242  1985 6
20.128  0.254237  413 6
120.732  0.255493  1957 4
170.028  0.168565  439 6
11.3  0.236305  931 4
57.876  0.321712  631 4
-122.928  0.329734  2408 4
-94.828  0.248855  655 6
-251.968  0.232934  1670 6
170.336  0.257749  613 4
70.112  0.359649  798 4
60.908  0.2272  625 6
180.44  0.362391  803 4
-23.828  0.281212  825 4
-220.984  0  16383 4
60.628  0.347681  2091 6
129.452  0.250394  1270 4
37.86  0.230321  686 6
17.496  0.27791  421 4
-121.184  0.163855  415 6
-337.516  0.230352  1476 4
-234.596  0.237581  463 4
-194.528  0.223443  819 6
-74  0.245961  1114 4
214.624  0.214286  504 6
1.564  0.275253  396 4
9.284  0.20202  693 4
-390.892  0.201031  776 4
13.28  0.298013  453 6
-336.2  0.232065  1840 4
275.04  0.321829  2318 4
117.812  0.233463  514 4
50.056  0.312995  2524 6
-290.048  0.199482  386 4
-14.716  0.267565  1039 6
17.172  0.223513  1463 4
11.72  0.219906  1487 4
-351.876  0.247458  1180 4
-362.564  0.11465  314 6
52.888  0.337074  2495 4
85.28  0.353125  640 6
-204.096  0.241123  1746 4
70.496  0.332591  1347 4
86.216  0.337711  533 4
56.416  0.408922  807 6
118.304  0.38255  1192 4
-1.192  0.235669  1413 6
3.52  0.252583  1936 4
93.144  0.348047  2560 4
11.92  0.197917  576 6
17.128  0.200573  349 6
-58.408  0.264392  469 6
56.344  0.319527  676 4
-322.56  0.271084  498 6
127.424  0.349438  890 4
164.936  0.229205  541 6
-343.656  0.245541  1682 4
6.856  0.250213  5879 4
73.2  0.333333  540 4
77.312  0.350746  804 6
207.16  0.2288  1250 4
-11.432  0.276596  1269 6
-265.688  0.233151  549 4
19.104  0.139932  293 4
119.184  0.249487  6333 6
61.736  0.368368  999 4
-126.592  0.259067  386 6
10.952  0.255365  932 6
12.184  0.226821  604 4
67.408  0.389864  513 4
17.552  0.201373  437 4
57.016  0.339415  2631 4
-140.264  0.243312  785 6
72.32  0.400356  562 6
8.856  0.21645  924 6
177  0.21748  492 6
16.592  0.170213  470 4
-5.952  0.238411  755 4
12.096  0.238691  1039 6
55.312  0.349462  1302 4
14.784  0.213115  427 6
-207.552  0.219128  826 6
15.792  0.231308  428 6
55.576  0.352603  2785 4
81.184  0.365746  905 4
-76.568  0.234279  811 6
247.416  0.221048  2081 6
230.688  0.399437  1422 6
66.424  0.370603  1592 6
-145.872  0.26383  470 6
10.016  0.253463  1949 4
-134.272  0.214907  805 6
68.584  0.336043  1845 4
17.36  0.252033  369 4
49.384  0.328125  4288 4
161.736  0.35567  582 6
-196.52  0.250622  1205 6
-49.264  0.263636  990 6
-379.816  0.202265  618 4
7.36  0.244949  1188 4
-2.312  0.225806  806 4
282  0.243032  897 6
295.096  0.358628  962 6
6.312  0.237917  3207 4
-360.024  0.222772  404 4
62.472  0.350051  1954 4
14.296  0.230088  565 4
-372.952  0.248276  1740 6
-389.36  0.243869  2161 6
6.672  0.252525  12672 6
-271.936  0.242063  2016 4
-213.064  0.218724  1207 6
143.336  0.246338  751 4
70.536  0.381605  1022 6
71.92  0.233108  592 4
276.112  0.244165  1671 4
-66.2  0.29003  662 6
6.608  0.255791  2029 6
150.064  0.352148  2374 4
89.096  0.357367  638 6
-164.432  0.263119  1353 6
60.128  0.32  825 4
180.624  0.270059  511 6
56.312  0.337566  3386 4
12.928  0.222347  1781 6
56.304  0.320803  2740 4
72.8  0.234615  1040 4
-1.216  0.251058  7090 4
-36.424  0.221391  1337 6
109.344  0.210687  655 4
22.032  0.223684  760 4
55.168  0.344879  2021 4
267.048  0.364552  993 6
259.032  0.255605  446 4
-5.44  0.213251  483 4
-98.272  0.215815  607 6
56.408  0.329927  685 6
66.248  0.433902  938 4
10.808  0.285981  535 4
66.608  0.385837  1511 4
-239.568  0.362576  2314 4
261.496  0.232598  589 6
57.072  0.347589  2572 4
-66.936  0.24613  646 6
175.856  0.158654  416 4
62.056  0.332967  2730 6
12.768  0.236332  567 4
123.016  0.338667  1875 4
-101.64  0.263761  872 4
8.64  0.226277  1233 6
15.184  0.261044  747 4
-150.152  0.247801  682 4
221.168  0.374462  697 6
91.848  0.270769  650 6
14.456  0.216549  568 4
149.784  0.225171  1168 6
-303.208  0.245835  3181 4
57.408  0.337859  2504 4
