-188.766  0.261601  1487 6
-241.61  0.240244  820 4
64.062  0.371598  845 4
-213.736  0.242533  1942 6
68.428  0.336202  1743 4
61.085  0.335963  2789 4
55.483  0.352564  2652 4
59.345  0.332923  1625 6
282.187  0.236477  1442 6
53.703  0.248987  3948 4
81.782  0.400938  853 4
12.985  0.225058  862 4
78.641  0.342213  976 6
173.795  0.252336  1391 6
13.985  0.252059  1214 4
53.377  0.332276  2522 4
12.065  0.251693  1772 6
12.109  0.274854  1026 4
54  0.348385  2724 4
-229.087  0.252836  2116 4
126.172  0.258463  1861 6
-284.282  0.171429  385 6
60.984  0.340336  714 4
64.735  0.349206  1449 6
93.125  0.391935  620 4
-117.72  0.218165  1068 6
-258.327  0.243374  2679 6
66.898  0.36236  1068 4
72.891  0.34273  1348 6
-8.797  0.24302  1934 4
103.623  0.226044  407 4
15.734  0.215094  530 6
-382.406  0.168116  345 6
-10.759  0.257128  1929 4
71.297  0.24131  1985 4
11.827  0.241682  2164 4
13.889  0.307167  586 6
-201.843  0.210811  555 4
54.971  0.339958  2868 6
160.781  0.23649  1721 4
6.907  0.232923  1464 4
66.515  0.362745  1632 4
187.235  0.221983  464 6
-130.642  0.23553  1745 6
9.61  0.240719  2613 4
-10.529  0.248358  5633 6
-180.89  0.213759  407 6
204.97  0.323741  695 4
110.845  0.270804  709 4
193.863  0.407098  958 6
-302.969  0.22956  1272 6
65.343  0.366864  845 4
61.578  0.330721  1276 6
15.547  0.224638  414 6
-287.935  0.249946  13867 4
70.735  0.349474  1425 6
14.907  0.245053  657 4
70.749  0.3414  1529 4
17.453  0.239623  530 4
-284.031  0.223188  345 6
15.454  0.202381  420 4
-32.922  0.244541  458 4
255.844  0.236379  1193 4
246.111  0.246445  844 6
11.765  0.236126  919 4
15.485  0.107807  269 6
66.562  0.314217  837 6
-66.593  0.240614  586 4
67.906  0.384682  1149 6
-139.952  0.239669  1210 6
4.238  0.253128  16304 6
-290.812  0.192229  489 4
61.312  0.353865  1591 6
18.078  0.256983  537 6
-100.999  0.259944  1081 6
15.626  0.276596  564 6
73.157  0.368272  706 4
-290.858  0.208155  466 4
22.751  0.190883  351 4
92.686  0.218684  471 6
-96.281  0.253438  509 4
18.718  0.18241  307 4
-240.093  0.232082  586 6
70.188  0.386231  857 4
-120.656  0.258242  1638 6
152.078  0.259934  604 6
16.812  0.232906  468 4
-306.109  0.254218  2667 4
-77.117  0.251929  2203 6
-1.608  0.241492  1528 6
277.734  0.371429  630 4
-147.555  0.253835  717 6
70.64  0.36515  901 4
-251.97  0.218667  375 4
-211.17  0.254118  425 4
-65.064  0.230668  763 4
-352.177  0.242424  462 6
51.156  0.356495  2648 6
-384.25  0.191304  575 4
-251.812  0.22561  984 6
78.22  0.441176  782 6
13.344  0.235725  683 6
13.624  0.187328  363 6
61.281  0.362404  1697 6
14.625  0.210526  551 4
286.203  0.234745  1606 6
230.999  0.203242  802 4
59.202  0.351802  1498 6
-27.28  0.250421  2971 6
78.423  0.361072  709 6
60.937  0.33847  1752 6
-22.595  0.257449  839 6
64.781  0.375369  1356 6
-89.75  0.255528  407 6
82.016  0.349237  524 4
167.11  0.365931  634 6
17.673  0.2  420 6
10.062  0.236767  1757 6
-214.874  0.27704  527 4
-101.657  0.235935  551 6
224.251  0.217391  506 4
-73.874  0.24256  672 6
252.718  0.200364  1098 6
59.328  0.365911  2118 4
-169.5  0.160112  356 6
-156.86  0.254655  1826 4
66.547  0.35  1860 6
60.922  0.372561  1691 6
15.908  0.237548  522 4
-12.202  0.135873  16383 6
295.924  0.261307  597 6
12.248  0.250499  1002 6
14.578  0.261824  592 6
76.854  0.355401  1148 4
76.842  0.40122  820 4
-278.97  0.26779  534 4
11.124  0.210736  503 4
-290.842  0.223752  581 6
5.432  0.243481  3183 6
-0.874  0.213992  486 6
-65.25  0.243176  806 6
-126.002  0.222857  525 4
235.704  0.344943  2096 6
131.842  0.345528  1476 4
-305.688  0.197005  868 4
53.202  0.335554  1201 4
132.56  0.247614  1781 4
-183.71  0.228129  1486 4
-162.592  0.152809  445 4
10.97  0.207401  1162 6
58.796  0.364049  1541 6
71.466  0.341463  615 6
75.97  0.334579  535 6
13.484  0.211974  618 6
-31.828  0.262751  647 4
12.032  0.358974  663 4
260.42  0.250759  1647 6
83.516  0.388175  778 4
63.226  0.339103  1560 6
-11.374  0.270012  837 6
314.264  0.263333  1800 6
72.47  0.397373  609 6
15.436  0.201961  510 6
253.076  0  16383 4
57.47  0.357524  2439 4
306.732  0.25273  641 6
225.094  0.332024  509 6
-382.268  0.225105  1426 6
-195.44  0.180758  343 4
6.22  0.229589  1825 4
73.312  0.364078  1030 4
77.484  0.356209  918 4
176.998  0.171913  413 6
7.56  0.245576  5933 6
5.612  0.208812  522 6
-338.952  0.240188  637 4
13.544  0.221591  704 4
189.578  0.335394  647 4
-85.672  0.242424  957 6
79.508  0.376434  959 6
15.742  0.257002  607 4
207.968  0.252336  535 4
-32.462  0.246466  1627 4
63.384  0.384354  882 4
54.132  0.325217  2875 6
154.844  0.317384  627 4
64.406  0.349304  647 4
231.992  0.252195  2506 6
157.656  0.262376  606 4
235.936  0.250183  1367 6
-290.294  0.24531  2079 6
-268.422  0.224101  473 6
105.64  0.252558  1564 4
-381.814  0.270175  2280 4
235.112  0.260054  373 6
17.392  0.222892  332 4
-153.44  0.228715  1985 4
-207.626  0.161376  378 4
16.054  0.214559  522 4
6.36  0.245869  2481 4
16.782  0.160458  349 6
83.75  0.330813  529 6
275.006  0.246996  3162 6
-53.064  0.259819  993 4
13.968  0.273438  640 6
11.686  0.238213  1612 4
92.892  0.241228  1140 4
97.548  0.218009  422 4
81.546  0.320468  855 6
-243.436  0.22029  345 4
-318.806  0.214632  1859 4
-334.232  0.253179  865 6
48.516  0.334032  3338 6
64.39  0.353458  1822 6
207.986  0.252427  1133 6
183.89  0.247045  2623 6
78.608  0.32062  839 4
63.156  0.343405  2085 4
-347.802  0.247768  8064 4
-174.908  0.317355  605 6
183.016  0.235052  485 6
73  0.31631  607 4
160.108  0.310448  670 4
96.5  0.370826  569 6
172.376  0.274933  371 6
2.404  0.179487  351 6
118.094  0.240694  2364 4
263.28  0.359809  1045 4
7.298  0.250316  791 6
53.908  0.224231  1659 4
19.67  0.250497  503 4
65.532  0.359322  590 4
7.984  0.254151  783 6
-47.424  0.245667  1327 4
189.64  0.224932  369 4
-349.72  0.25641  741 4
14.28  0.224195  901 6
9.84  0.258086  2937 6
242.734  0.244881  1221 6
11.984  0.215478  659 6
-0.734  0.265525  934 4
16.36  0.221675  406 6
126.766  0.34914  1919 6
72.078  0.351531  751 4
62.424  0.268159  2010 4
14.314  0.224638  690 4
-322.468  0.232523  1316 6
-8.868  0.230266  2293 6
144.22  0.250291  1718 6
54.438  0.171053  380 6
4.97  0.258865  564 4
8.328  0.248288  1752 6
61.388  0.361532  1123 4
-187.268  0.261937  733 4
49.516  0.263531  1127 4
68.688  0.385311  885 6
12.078  0.235685  1205 4
127.446  0.249437  2221 4
60.656  0.3348  2500 4
14.284  0.199702  671 4
-177.654  0.302548  628 4
-101.292  0.23831  1775 4
-216.112  0.235672  1867 4
282.702  0.360395  1318 6
9.734  0.240296  1082 6
-131.03  0.172749  411 4
173.296  0.24815  1757 4
59.884  0.342025  1304 4
5.718  0.241297  4998 4
65.53  0.378858  1296 6
12.188  0.236923  650 4
86.796  0.230616  2012 6
59.032  0.229787  470 4
23.718  0.251534  652 4
247.08  0.168317  404 6
-324.906  0.217886  615 6
14.078  0.232514  529 6
-364.08  0.245709  1107 4
70.686  0.377953  762 4
-254.312  0.258537  410 4
11.11  0.231405  847 4
50.528  0.345315  3895 4
-384.624  0.267188  640 4
77.988  0.347334  1238 6
12.752  0.271041  701 4
-5.064  0.2438  2621 4
54.656  0.326792  1325 6
196.524  0.148148  540 4
6.968  0.246399  4582 4
-69.408  0.175127  394 6
-63.516  0.245753  1766 6
-150.472  0.361492  1314 6
164.152  0.247685  432 6
-392.952  0.253401  588 4
59.548  0.352338  2631 6
13.704  0.202797  572 4
15.456  0.203966  353 6
243.236  0.364173  1524 6
62.156  0.332767  2353 6
-1.904  0.26475  661 4
69.564  0.341328  1084 6
91.972  0.380805  646 4
54.06  0.353047  2790 6
12.936  0.211957  368 6
-114.488  0.242972  996 4
57.472  0.346003  763 4
15.02  0.262042  519 6
254.812  0.219792  960 6
-73.088  0.249813  2674 6
253.232  0.208267  629 6
70.048  0.34981  1315 6
-158.656  0.276276  666 4
10.688  0.117333  375 6
76.076  0.365385  572 4
53.812  0.330863  1889 6
69.608  0.257282  1030 4
19.16  0.214734  638 6
-55.392  0.234997  1983 6
-4.624  0.259528  3857 6
-292.644  0.256886  1779 4
176.252  0.229602  1581 4
53.376  0.207763  438 6
11.592  0.21696  908 6
-288.108  0.225173  866 4
100.904  0.246819  393 6
61.796  0.381818  1705 6
6.408  0.241611  1043 4
67.896  0.343023  860 6
9.46  0.255702  2499 4
130.876  0.179348  552 4
-65.716  0.252319  539 4
1.32  0.24849  2318 4
-56.672  0.247507  1705 6
-149.78  0.256757  518 4
8.148  0.252424  6085 4
213.44  0.367232  885 6
-248.032  0.239501  1524 6
263.088  0.237032  1388 6
-368.58  0.207044  937 4
-319.016  0.250932  1610 4
9.864  0.251383  5243 4
-59.252  0.25889  1406 6
-19.676  0.250384  1302 4
-91.64  0.252475  808 6
9.472  0.239583  1152 4
19.348  0.25  380 4
-8.032  0.2  570 6
164.548  0.254438  507 6
-78.216  0.245098  1938 4
68.468  0.346362  1663 6
54.928  0.326416  2313 6
8.016  0.231832  1665 4
95.516  0.22905  1074 4
17.78  0.255319  376 6
-193.844  0.204545  440 4
63.812  0.38  1400 4
61.284  0.36  1475 4
9.672  0.23584  1077 6
-5.528  0.245723  643 4
63.972  0.397921  1347 4
135.564  0.224422  1212 6
15.204  0.207477  535 4
262.656  0.253759  532 6
17.092  0.198276  464 4
-140.46  0.238959  1268 4
267.576  0.240461  1389 6
312.2  0  16383 4
66.612  0.314338  544 6
7.844  0.246459  1765 6
-112.268  0.252684  1211 6
-187.852  0.234716  2339 6
56.46  0.320973  2508 4
256.94  0.22351  604 4
-116.752  0.222982  731 6
64.628  0.353026  694 4
-49.232  0.253006  2079 4
-165.532  0.273768  2272 4
-286.812  0.195279  466 4
87.048  0.402318  604 4
13.812  0.255422  415 4
-11.908  0.348636  1503 6
67.656  0.263941  538 4
72.156  0.302846  492 4
76.128  0.310861  801 4
8.044  0.221839  870 4
64.516  0.327044  1113 6
63.016  0.360833  1200 6
130.92  0.194098  881 6
-311.28  0.250909  825 6
64.52  0.373449  806 6
11.548  0.214008  771 6
11.452  0.253681  883 6
55.704  0.322544  3522 4
58.392  0.354047  1915 6
-1.892  0.246803  1564 6
-8.032  0.251287  971 4
69.344  0.365439  1765 4
15.376  0.278646  384 6
-220.096  0.254799  573 6
-354.844  0.261603  474 4
17.204  0.215347  404 6
-247.028  0.22314  605 6
-3.624  0.241714  1237 6
50.984  0.377276  1593 6
-183.844  0.245961  1919 4
9.952  0.264384  1460 6
10.296  0.221722  1556 6
149.288  0.246639  3645 4
51.904  0.350486  2779 6
51.772  0.326626  2783 4
10.328  0.24311  2032 6
1.128  0.25  424 6
127.456  0.247859  1985 6
-56.22  0.331126  453 6
68.14  0.375642  1363 6
31.104  0.225915  2076 4
81.94  0.38787  709 6
84.544  0.314429  1199 4
87.516  0.252841  1056 4
-130.72  0.14511  317 4
67.64  0.223709  523 6
-338.768  0.235048  1672 6
97.78  0.251174  426 4
-213.14  0.274496  1388 4
103.284  0.212585  588 6
-386.784  0.251505  2326 4
251.236  0.243675  751 6
-46.096  0.240854  656 6
73.048  0.326316  950 4
11.888  0.254086  1346 4
-182.892  0.256329  316 4
-99.188  0.237314  1951 4
145.78  0.203593  501 6
1.54  0.248458  4053 6
15.648  0.214642  601 4
-54.176  0.24764  1801 4
-370.968  0.206186  776 6
-193.016  0.260374  2458 4
59.204  0.3584  1250 4
5.576  0.220841  1046 4
66.116  0.324573  1522 4
59.052  0.363955  1426 4
13.856  0.255497  955 6
67.416  0.348247  2168 6
10.748  0.204545  528 6
86.048  0.254575  1858 6
-267.128  0.21968  437 6
67.908  0.237226  548 6
208.5  0.219089  922 4
-101.156  0.145957  507 6
-128.764  0.258025  10561 6
-2.088  0.227603  826 6
17.16  0.221354  384 6
229.28  0.219706  883 6
-151.468  0.198543  549 6
292.128  0.301887  636 6
16.312  0.160105  381 6
-81.856  0.262899  814 4
178.592  0.232377  2440 6
69.264  0.377812  1289 4
-370.78  0.245492  1442 6
7.52  0.241766  6862 6
-179.344  0.253333  675 6
140.468  0.366667  690 4
14.968  0.257075  424 4
176.952  0.370634  1403 4
-283.936  0.368327  562 4
15.408  0.2375  480 4
-175.612  0.23752  3726 6
45.104  0.329279  3289 6
-122.344  0.342587  3170 4
87.296  0.343454  527 6
57.592  0.329653  1268 4
63.84  0.352839  2307 6
106.312  0.277401  1031 6
-0.124  0.254286  350 4
54.296  0.357679  1999 6
182.72  0.268966  580 6
75.296  0.356655  586 4
71.78  0.38648  784 4
16.436  0.299304  431 4
301.268  0.263664  1976 4
-217.004  0.236613  803 6
-377.72  0.249284  698 6
127.804  0.269807  467 6
-171.204  0.239101  1468 4
14.2  0.259023  471 6
292.124  0.262586  1013 4
-2.736  0.249785  1161 6
76  0.359603  1510 4
255.236  0.345687  1646 4
60.608  0.31406  761 4
1.024  0.249534  3759 6
85.452  0.339257  619 4
300.3  0.219178  803 4
-171.032  0.236043  2042 6
-277.672  0.256303  476 4
-322.688  0.261508  1021 6
55.14  0.241724  1299 6
-132.624  0.205607  428 6
66.984  0.384358  895 6
-279.944  0.218182  990 6
11.592  0.254472  2236 4
-308.64  0.233533  1002 6
-376.712  0.188144  388 6
-298.084  0.253805  2431 6
-318.28  0.246715  685 6
57.796  0.354258  2278 6
-28.496  0.259259  486 6
-383.344  0.258752  1314 6
9.22  0.258475  2360 6
-78.284  0.224953  529 6
268.968  0.210145  690 6
40.156  0.265501  629 6
-166.468  0.235915  568 6
-262.88  0.252433  1747 4
5.48  0.250321  16343 4
-93.404  0.224113  705 6
15.764  0.261029  544 4
17.368  0.294118  408 6
165.764  0.352381  840 4
-17.216  0.241546  414 6
-141.968  0.199203  502 6
48.688  0.33277  2365 6
-169.484  0.25142  13030 4
52.172  0.347919  2331 6
-377.112  0.257868  1970 4
-289.688  0.261036  1042 4
12.248  0.196477  738 6
-232.388  0.228374  867 6
-343.592  0.249297  1067 6
96.752  0.254876  769 6
59.704  0.339611  1646 4
158.772  0.219409  711 6
15.5  0.181176  425 4
12.06  0.238544  1484 4
7.844  0.203915  613 4
118.424  0.231257  947 4
-2.376  0.234119  2503 6
66.452  0.353282  518 6
113.844  0.249443  449 6
-85.408  0.181223  458 6
11.968  0.235116  991 6
11.624  0.234286  350 6
14.924  0.203579  447 4
-199.096  0.250535  467 6
61.296  0.329298  826 4
-353.528  0.253363  446 4
-118  0.262411  705 6
128.936  0.248188  552 6
-61.816  0.204738  591 4
157.92  0.25018  2774 6
-272.064  0.217742  620 4
6.984  0.250279  7168 6
-351.592  0.219653  519 4
74.252  0.362725  998 6
79.296  0.364672  1053 6
14.216  0.137592  407 6
183.608  0.342924  2989 6
62.392  0.367347  686 6
-10.712  0.178138  494 4
87.42  0.384123  781 6
172.892  0.405456  1063 6
58.844  0.34  1550 4
6.828  0.241703  1386 6
12.908  0.170996  462 4
-170.028  0.234043  752 6
52.136  0.347563  2811 4
114.608  0.236421  3811 6
73.8  0.310726  634 4
-354.344  0.198783  493 4
-246.92  0.242557  3191 4
-188.24  0.238052  16383 6
66.424  0.342342  999 6
-276.312  0.260924  801 6
65.6  0.355434  1463 6
8.856  0.255151  1262 4
55.8  0.351273  2081 6
46.056  0.231405  484 4
-315.112  0.337414  1879 6
-42.496  0.24359  546 6
53.496  0.352968  2156 6
-20.608  0.246899  2499 6
58.84  0.313253  664 6
90.808  0.363951  577 4
211.432  0.282051  897 6
11.928  0.227491  1455 4
-286.688  0.232303  2006 4
-108.936  0.238908  586 4
-99.328  0.230104  578 4
224.408  0.349398  581 4
-377.528  0.196078  357 4
-305.768  0.235653  819 4
-199.248  0.248545  1203 6
279.552  0.239547  2033 6
248.704  0.253681  883 6
-390.152  0.226398  1091 4
-33.36  0.237392  813 4
11.84  0.197315  745 4
11.344  0.254793  2347 6
54.656  0.339076  1277 4
13.288  0.252092  956 4
3  0  16383 4
-243.12  0.157143  420 6
3.512  0.25132  6820 6
-152.552  0.237342  632 4
53.608  0.37594  1596 4
-49.376  0.241441  555 6
283.704  0.247997  2371 6
-338.872  0.116883  385 4
66.688  0.280973  452 4
-149.312  0.176211  454 6
-155.16  0.24812  1463 6
-109.888  0.239696  922 6
-128.92  0.25805  16055 4
7.016  0.240396  1718 4
-255.12  0.247476  3863 4
-83.888  0.217784  776 4
61  0.349647  1982 6
-140.624  0.23765  1923 6
-280.032  0  16383 6
259.528  0.365145  1205 4
16.96  0.227273  418 4
57.024  0.351835  1117 4
-0.736  0.295207  1836 4
-16.632  0.235574  1889 6
-364.64  0.234631  976 6
20.592  0.261278  532 4
-358.352  0.238674  1810 6
164.128  0.368088  633 4
0.944  0.2287  446 4
-11.36  0.258215  10073 4
54.808  0.334807  1583 6
-318.024  0.242857  1750 4
184.376  0.230476  1575 4
-180.776  0.207459  429 4
68.656  0.363174  983 4
61.6  0.331199  2343 6
174.256  0.313386  635 4
178.024  0.214286  560 4
-8.68  0.267481  901 4
15.816  0.229167  624 4
-13.096  0.256705  522 4
8.896  0.274859  1237 4
-34.472  0.191462  773 4
-205.688  0.277778  414 4
-298.256  0.216433  499 4
63.784  0.368938  1629 4
11.968  0.231579  665 4
281.496  0.183727  381 6
16.752  0.231738  397 6
161.952  0.317403  1109 4
-178.2  0.235552  2509 6
68.048  0.321463  1039 4
-292.088  0.253356  596 4
72.672  0.409786  981 6
298.872  0.245192  832 6
68.816  0.393013  916 6
7.224  0.255238  13842 6
-16.376  0.260081  1984 4
-382.688  0.251397  716 4
-98.632  0.244514  957 6
56.112  0.358491  1166 4
59.376  0.319602  2816 4
67.672  0.324841  942 6
115.576  0.245345  913 4
-228.632  0.247727  440 6
112.672  0.338225  1431 4
-83.744  0.243902  369 4
80.048  0.225623  1405 6
-280.88  0.202041  490 4
65.528  0.364486  535 6
-299.176  0.211392  790 4
83.864  0.230994  1026 6
181.464  0.298013  453 6
69.968  0.347714  1159 6
-242.56  0.213389  478 4
7.552  0.249852  1689 4
65.48  0.322872  1880 6
64.608  0.330982  1701 4
-31.28  0.239446  2961 6
11.632  0.201258  477 4
15.096  0.24622  463 6
48.064  0.169903  618 6
88.064  0.223247  542 6
53.224  0.329958  2864 6
-297.592  0.204545  572 4
63.68  0.367607  1099 4
