370.477  0.202186  915 6
62.281  0.39471  983 4
-81.11  0.228599  1028 4
13.753  0.238095  420 6
58.219  0.369693  1366 4
244.093  0.222222  342 4
66.908  0.342424  1320 6
53.142  0.343809  2132 6
221.033  0.236411  1159 4
64.249  0.349315  1314 4
99.391  0.402852  561 4
76.203  0.361842  1064 4
-57.765  0.25  408 4
13.578  0.234391  977 4
-231.783  0.239468  451 4
-168.016  0.265287  1063 4
-204.125  0.262735  373 4
50.092  0.227523  545 4
-318.235  0.263874  955 4
54.438  0.361476  1599 6
14.391  0.293823  599 4
127.094  0.185552  706 6
56.054  0.322302  695 6
239.421  0.349327  2230 4
2.575  0.233716  783 6
11.595  0.238748  1022 6
-383.609  0.244884  1417 6
-4.097  0.268085  705 6
143.843  0.191901  568 6
-63.406  0.250356  4218 4
68.5  0.315022  1784 4
71.561  0.394167  1200 6
-23.297  0.24173  393 4
52.273  0.354534  3176 4
67.321  0.348666  1087 4
7.165  0.246026  2894 4
-308.225  0.235531  1987 6
-346.313  0.254743  369 4
-379.64  0.242478  1130 4
-92.289  0.231902  2445 6
7.551  0.187145  16383 6
61.608  0.34176  1068 6
-332.843  0.20798  1178 4
9.546  0.223468  1338 4
59.686  0.397039  743 4
324.438  0.174877  406 6
12.751  0.231343  402 6
3.72  0.191682  553 4
-274.226  0.233318  2203 4
70.561  0.348837  1075 6
55.328  0.370021  2435 4
-80.313  0.246403  556 4
56.508  0.376355  2030 4
58.454  0.341963  1854 6
250.242  0.24323  2105 4
381.47  0.29  500 6
-371.611  0.252417  1965 6
99.687  0.231465  553 6
-351.111  0.244007  1168 4
14.797  0.21831  568 6
-160.857  0.239863  1455 4
222.141  0.247788  452 6
-12.664  0.261565  15369 4
-211.804  0.247601  521 4
61.312  0.359712  695 6
-127.97  0.240102  2349 4
-198.25  0.224371  517 4
-262.375  0.224409  762 6
52.063  0.371097  1121 6
149.673  0.424376  681 6
10.001  0.235919  941 4
2.734  0.258498  6325 4
-4.953  0.242588  1484 4
-353.407  0.247411  1835 6
-43.094  0.225325  1540 6
62.015  0.324619  1377 6
66.31  0.351338  2055 4
64.985  0.388609  1387 6
-0.594  0.244131  639 4
-381.937  0.260766  418 4
11.389  0.233105  1021 6
-123.189  0.167131  359 6
52.851  0.243318  1796 4
-283.25  0.186047  645 4
56.43  0.319929  2835 4
182.532  0.246747  2229 6
316.766  0.213647  1231 4
-268.75  0.251524  656 4
61.781  0.346253  1548 6
-231.154  0.225762  722 4
68.5  0.380952  1008 4
15.141  0.204489  401 6
-14.451  0.269022  368 4
-139.265  0.24563  2174 4
-32.264  0.234234  666 6
6.438  0.259727  2930 4
68.375  0.335474  623 6
-337.186  0.337992  787 6
-323.532  0.193548  558 6
2.851  0.252818  3283 6
8.938  0.245503  1890 4
9.376  0.224274  379 6
12.14  0.227498  1011 6
6.603  0.253963  3280 6
386.357  0.230228  1707 6
136.813  0.245595  1873 4
-31.437  0.249174  1513 6
-265.157  0.215909  616 4
-263.601  0.254408  1985 6
8.671  0.256743  9566 4
82.89  0.257534  730 6
16.423  0.216049  486 6
0.979  0  16383 6
126.515  0.244037  1090 4
58.142  0.340919  2329 4
-256.687  0.362624  808 4
169.343  0.329418  2043 4
296.265  0.236711  1204 4
9.93  0.247961  2452 4
-0.265  0.222541  1047 6
63.954  0.371795  1014 4
28.687  0.251754  1140 6
125.874  0.409091  770 6
70.453  0.226244  442 4
52.249  0.344103  2476 6
11.015  0.244836  1307 4
7.236  0.247191  712 4
8.21  0.252218  2367 4
189.937  0.265795  459 4
63.312  0.334878  863 6
73.72  0.330367  899 6
76.093  0.386577  745 4
180.625  0.249012  506 6
12.218  0.176904  407 4
-315.844  0.277129  599 4
78.171  0.230824  1395 6
61.063  0.32227  2079 4
17.564  0.158683  334 4
58.718  0.328952  2587 6
68.25  0.368821  1841 6
130.75  0.206522  368 6
64.405  0.38437  627 6
-226.445  0.216965  1733 4
57.874  0.338795  2258 6
4.211  0.2337  2546 4
178.453  0.264591  771 4
65.982  0.390935  1059 4
55.008  0.336585  3280 6
-17.812  0.265517  870 6
-127.882  0.24894  4009 4
55.501  0.416066  971 6
134.376  0.244604  1668 4
72.533  0.335273  1375 6
-222.813  0.222222  423 4
64.844  0.259184  490 6
58.124  0.340557  1615 4
17.884  0.196474  397 6
19.094  0.21626  615 4
-21.97  0.264657  597 4
-88.719  0.236341  1574 4
61.312  0.406946  1526 4
4.142  0.245215  4441 4
7.453  0.226744  1204 6
254.905  0.34127  1008 6
78.219  0.328177  905 4
18.626  0.222798  386 4
78.704  0.378165  632 6
5.484  0.281352  917 6
-321.624  0.264977  434 6
16.844  0.320537  521 4
61.08  0.356857  1998 4
135.218  0.261446  2490 6
-321.576  0.24812  532 4
72.89  0.319085  1006 4
-286.076  0.251426  1929 4
124.674  0.244399  491 6
4.374  0.256897  4531 6
205.686  0.352756  635 6
8.908  0.24638  4282 6
285.844  0.22467  454 6
63.33  0.376845  1287 4
-143.704  0.239806  1030 6
16.688  0.263291  395 6
153.296  0.359347  1653 6
-256.406  0.237691  589 6
66.702  0.300654  612 4
-30.248  0.218605  645 4
80.482  0.19619  525 4
-277.938  0.232446  826 6
64.784  0.384928  1725 4
-79.94  0.270833  1152 4
-149.796  0.226714  1138 4
-99.82  0.199454  366 4
54.108  0.343291  2042 4
67.814  0.307692  481 6
143.516  0.233636  1100 4
128.094  0.25535  701 4
68.374  0.341783  1144 4
-316.578  0.236318  804 4
155.032  0.237725  2057 6
6.088  0.24639  3255 4
52.578  0.335548  3311 6
-279.858  0.260539  1447 4
-301.718  0.22813  583 4
187.79  0.334188  1170 4
87  0.334669  499 4
-154.5  0.178218  505 4
-101.25  0.234801  477 6
12.5  0.255193  674 4
70.592  0.36747  498 6
15.658  0.172811  434 6
15.062  0.240204  587 6
96.25  0.217544  570 4
5.408  0.230101  691 6
79.97  0.350985  812 4
312.58  0.242975  1210 4
-323.72  0.273973  876 4
-1.032  0.242727  1203 4
-390.5  0.21789  872 6
58.054  0.358964  2393 4
20.532  0.243119  436 6
-272.532  0.226601  609 4
-160.42  0.140893  291 4
12.874  0.263421  801 4
52.516  0.359283  3404 4
88.936  0.337621  622 6
-5.422  0.233123  1111 6
7.57  0.257119  5900 6
-167.36  0.231975  638 6
12.28  0.229064  406 6
7.944  0.231415  3336 4
217.03  0.214838  1294 6
138.696  0.240595  2419 6
58.594  0.356507  1798 6
-351.22  0.212851  498 6
-275.032  0.255575  2242 4
-49.64  0.241725  2296 6
193.968  0.428571  1078 6
271.908  0.224138  464 6
227.13  0.215226  1064 4
-128.468  0.242661  511 6
55.938  0.247398  1249 6
-10.296  0.235018  851 4
-23.938  0.229757  1976 4
57.436  0.346612  2435 6
94.272  0.326691  3312 6
347.47  0.375817  612 6
-4.046  0.249622  1322 6
-303.28  0.26272  1081 4
43.592  0.260244  903 4
11.686  0.22135  637 6
-124.188  0.23601  822 4
231.892  0.25945  1164 6
292.904  0.246733  1913 4
66.892  0.375494  1012 6
80.858  0.218377  838 4
8.812  0.25567  485 6
83.672  0.361575  838 6
81.968  0.36862  529 6
-41.092  0.225352  426 6
57.594  0.33413  1673 6
51.824  0.376689  1776 4
329.782  0.196172  418 4
196.344  0.25977  435 4
83.796  0.347202  697 6
-306.858  0.229651  1032 4
76.67  0.348182  1100 6
26.372  0.221184  321 6
-96.218  0.254085  1775 4
75.032  0.387513  929 4
-174.868  0.226006  969 6
84.826  0.352853  666 6
216.468  0.168605  344 6
12.5  0.274964  691 4
167.636  0.361111  648 4
-331.468  0.35  980 6
-159.908  0.249689  1610 6
63.532  0.182561  367 6
17.672  0.258537  410 4
332.392  0.237671  1906 4
12.86  0.245587  1303 4
70.39  0.347026  1631 4
-179.344  0.246944  818 6
53.922  0.358714  1773 4
60.5  0.356024  1851 4
68.422  0.36834  1295 4
60.116  0.330097  2266 4
-81.72  0.244266  3488 6
135.5  0.235401  548 4
-299.796  0.224176  910 6
1.096  0.2368  625 4
74.468  0.380062  642 6
-84.25  0.232517  1144 6
68.502  0.248588  1416 6
294.036  0.237885  1589 6
75.218  0.35883  889 6
-41.436  0.246564  1237 4
-88.344  0.228417  556 6
321.662  0.315728  2575 4
72.986  0.349074  1080 4
-135.36  0.22437  1190 6
11.592  0.286778  537 4
21.826  0.201271  944 6
-222.28  0.212329  584 6
16.86  0.231237  493 4
18.312  0.226852  432 4
-4.202  0.273802  1607 6
13  0.296435  533 4
70.028  0.366856  706 6
-292.686  0.258017  686 4
-124.626  0.234561  1846 6
-251.232  0.226403  1515 6
144.446  0.328125  768 4
327.498  0.21063  508 4
-1.518  0.233333  1710 4
-58.312  0.22235  868 4
55.632  0.333811  2789 4
-287  0.305936  438 4
-113.328  0.200528  379 6
15.344  0.189591  538 6
59.856  0.243146  1386 4
260.812  0.259583  1487 6
15.564  0.131188  404 6
-10.408  0.236352  1502 4
37.968  0.244108  1188 6
-367.06  0.25102  490 4
-21.22  0.279699  665 6
82.656  0.347324  953 6
9.92  0.251012  741 6
6.728  0.241478  2435 6
-98.94  0.230248  1772 4
-30.248  0.240816  735 6
85.688  0.407767  824 6
62.048  0.433149  905 6
391.484  0.220053  1127 4
-242.436  0.245714  875 4
270.688  0.239033  1117 4
-83.032  0.262264  530 4
-17.056  0.25982  1782 4
-217.048  0.279904  836 6
69.216  0.3618  1089 4
3.78  0.189159  16383 4
-64.28  0.149206  315 4
265.312  0.368512  578 4
-255.908  0.26  1300 4
59.064  0.360663  2171 4
59.608  0.378151  1785 4
14.376  0.165289  363 4
-245.98  0.245614  456 4
72.628  0.367754  1104 6
-356.328  0.250667  750 6
78.08  0.360075  536 4
74.42  0.371264  870 6
13.236  0.217458  653 4
-71.956  0.250275  3640 6
65  0.348705  1583 4
76.22  0.347584  1076 6
53.984  0.364055  1085 6
57.408  0.394134  1398 4
208.852  0.236416  1049 4
57.328  0.400531  1508 6
71.844  0.396624  1185 4
130.384  0.276596  517 4
-329.796  0.242397  1118 4
69.876  0.375919  1088 4
8.236  0.285229  1178 6
15.284  0.198257  459 6
109.792  0.237792  471 4
-131.8  0.208431  854 6
-269.452  0.230064  1417 6
-0.86  0.236694  1597 4
60.844  0.382282  824 4
59.28  0.358696  1656 6
170.624  0.252983  419 6
60.36  0.358432  2271 4
11.108  0.236041  788 6
8.784  0.229921  635 6
16.344  0.251269  394 6
7.672  0.257827  6644 4
72.296  0.386804  1652 6
7.544  0.216428  767 4
285.92  0.268366  667 4
192.628  0.244328  573 4
74.5  0.210898  991 4
-2.796  0.210632  997 6
66.452  0.366617  1342 6
-31.332  0.234642  993 4
221.952  0.254625  919 4
9.224  0.272266  1774 4
120.672  0.258765  599 4
9.284  0.152805  517 6
11.032  0.250784  1276 4
389.544  0.259602  1406 4
14.06  0.271084  498 4
179.484  0.233375  797 4
-190.376  0.268143  813 4
-3.392  0.243874  1714 4
9.172  0.234388  1169 6
16.296  0.218631  526 4
71.768  0.279545  440 6
-3.68  0.080022  16383 6
2.776  0.0144052  16383 4
-162.296  0.247216  898 4
-35.252  0.205645  496 4
98.416  0.247366  1803 4
383.08  0.382064  814 6
131.076  0.234501  371 4
-79.732  0.21904  1292 6
20.004  0.237998  979 6
136.78  0.223796  353 6
-91.888  0.207598  737 6
63.968  0.318025  871 6
-90.92  0.227835  970 4
176.624  0.232749  855 4
50.136  0.353026  1388 4
15.6  0.190476  462 6
-170.5  0.261673  1028 4
-76.388  0.254047  1606 4
-64.876  0.249189  1541 6
23.904  0.174564  401 6
70.704  0.34375  608 6
387.452  0.258004  531 4
70.376  0.324207  694 4
60.576  0.371686  2112 6
-210.328  0.23916  2237 6
-29.22  0.333756  788 4
5.884  0.255154  6839 6
-248.968  0.160465  430 4
-6.764  0.238193  974 6
10.704  0.267218  1089 4
95.608  0.225676  1480 4
228.688  0.334149  817 4
12.904  0.242718  515 6
4.592  0.270092  759 6
-4.672  0.231214  1038 4
-101.684  0.254589  13402 6
-210.336  0.235353  1997 4
-60.384  0.240882  2221 6
11.16  0.244867  1315 4
11.12  0.243919  1439 6
9.916  0.252101  2618 6
-238.376  0.235602  382 4
-11.156  0.227273  418 6
-280.404  0.223457  810 6
91.964  0.23775  551 6
-269.28  0.223265  533 4
59.14  0.337229  1198 6
64.06  0.379139  1208 6
-285.352  0.23623  3141 6
9.744  0.244399  2455 6
222.188  0.218206  747 6
-385.344  0.243119  654 6
148.204  0.275032  1578 6
12.924  0.229426  802 6
-51.252  0.222354  841 4
69.72  0.327907  860 4
66.156  0.378731  536 4
-26.704  0.19171  386 4
-3.72  0.245545  505 6
56.6  0.359504  2662 6
14.812  0.278499  693 4
12.656  0.203822  471 6
129.68  0.239686  2036 4
-343.504  0.250399  1254 6
-111.752  0.15625  480 4
14.904  0.210317  504 6
13.22  0.257096  3629 4
60.772  0.336993  2095 6
125.64  0.250278  2697 6
-83.188  0.242321  586 6
11.688  0.2225  400 4
13.688  0.264182  617 4
7.672  0.244346  1813 4
186.844  0.390728  755 6
75.688  0.346535  1010 4
-350.7  0.236034  2148 4
-153.188  0.227642  615 4
395.82  0.256831  732 4
-363.088  0.26143  2559 4
-33.396  0.230852  3721 6
-392.904  0.239234  418 6
-124.204  0.220974  1335 4
65.932  0.3696  1875 4
86.66  0.320298  537 6
51.752  0.351695  708 6
-228.828  0.273927  909 4
-64.584  0.242114  2536 4
-200.964  0.238313  1091 6
-226.544  0.220679  648 4
-328.376  0.187636  922 4
-290.08  0.237096  1763 6
-293.78  0.269697  660 4
340.264  0.223084  1031 6
36.796  0.250814  1535 4
-262.14  0.187581  773 4
-133.124  0.218362  403 4
65.028  0.323496  881 4
68.852  0.331731  1664 6
-199.2  0.219761  587 6
-77.472  0.264377  1252 4
-160.28  0.222222  747 6
66.42  0.345773  1715 4
11.064  0.230542  1015 6
3.092  0.175105  474 6
101.44  0.212051  863 4
6.28  0.254669  3962 6
-186.408  0.27383  577 4
-376.136  0.239039  1665 6
10.8  0.213537  1049 4
67.608  0.249453  1371 6
123.908  0.263593  846 4
-161.648  0.252911  1546 6
107.516  0.20354  565 4
-59.312  0.240132  608 4
-31.312  0.249619  657 6
3.532  0.17284  405 4
-65.624  0.202144  653 6
131.904  0.278726  1758 4
63.532  0.33679  1832 4
56.4  0.316677  3262 4
-1.108  0.257221  1835 4
315.436  0.247415  1354 4
-44.056  0.231441  2061 4
14.768  0.235294  476 6
65.532  0.330097  721 6
-0.7  0.256392  1408 4
15.312  0.245868  484 4
89.736  0.242881  597 6
-107.36  0.269757  1316 6
-97.624  0.209091  550 4
203.796  0.259329  2117 4
-168.908  0.246377  414 6
-255.92  0.218324  513 4
-137.876  0.257143  665 6
60.06  0.382609  1035 6
9.924  0.225118  1688 4
-185.672  0.369601  1204 4
282.812  0.277273  440 4
-258.124  0.217165  769 4
69.608  0.383399  1012 6
66.156  0.358923  1003 4
275.78  0.263661  2617 4
8.796  0.249882  4246 4
61.796  0.35683  2057 4
-327.896  0.232051  780 4
136.644  0.251836  953 6
14.624  0.248134  536 6
52.144  0.320048  4190 6
-170.968  0.257028  1494 6
290.468  0.214203  859 6
12.516  0.256708  1118 4
188.876  0.266382  702 4
56.592  0.356073  1803 6
65.952  0.383162  1164 6
-40.304  0.328681  3009 4
75.796  0.342944  659 4
11.312  0.272388  804 4
-65.876  0.231459  1227 6
83.036  0.382413  978 6
58.196  0.352694  2617 4
-26.076  0.254376  857 4
-240.092  0.278626  524 6
7.492  0.222333  2015 4
-247.936  0.259074  799 4
-155.452  0.251426  1929 4
74.748  0.398485  660 6
-41.716  0.22084  643 4
-73.016  0.255956  3274 4
75.408  0.355727  908 4
-90.272  0.243883  2575 6
66.2  0.378698  1014 4
-176.764  0.245935  1476 6
-34.28  0.268145  496 4
10.124  0.221053  760 6
0.952  0.264369  9169 4
56.124  0.343168  644 6
78.908  0.380228  789 6
10.616  0.242096  2214 4
71.12  0.359064  855 4
-270.172  0.26047  979 4
10.34  0.212871  606 4
21.28  0.23301  515 4
63.732  0.394808  1117 6
111.924  0.261522  1866 4
55.148  0.316456  1264 4
304.952  0.236515  482 4
234.888  0.245842  1383 6
4.416  0.2336  3125 4
75.624  0.243523  386 4
78.844  0.351261  1190 4
58.28  0.37512  1045 4
-279.984  0.248555  1038 4
8.312  0.2723  2343 6
54.656  0.375546  687 4
53.808  0.332465  2686 4
-48.7  0.247293  1755 4
-393.924  0.225581  430 4
72.804  0.352264  1303 4
19.14  0.223919  393 4
64.424  0.3219  758 6
54.68  0.349637  2617 6
-0.628  0.227758  843 4
12.516  0.251087  920 4
7.576  0.241724  7099 4
37.476  0.241416  3757 6
61.296  0.350138  1448 6
58.344  0.342435  879 6
15.764  0.213429  417 4
16.36  0.229167  480 6
57.8  0.348702  2581 6
77.64  0.361217  526 6
201.468  0.37659  786 6
250.284  0.271186  531 6
12.236  0.231818  440 6
14.78  0.245614  513 6
55.2  0.327535  3047 4
67.844  0.361582  1239 6
345.44  0.230594  438 4
56.148  0.323085  3773 4
48.376  0.338551  3258 4
-146.264  0.215496  413 4
-4.936  0.240898  2005 4
142.732  0.36692  526 6
231.564  0.216625  397 6
36.312  0.191753  485 6
-5.08  0.233723  1797 6
58.108  0.371567  1857 6
15.052  0.227273  704 4
16.14  0.236264  546 4
288.656  0.236034  716 4
-243.28  0.272727  583 4
205.056  0.297244  508 6
10.408  0.203774  530 6
92.256  0.301075  558 6
6.672  0.238045  941 6
15.272  0.259424  451 6
5.856  0.248848  1953 4
199.752  0.23652  816 4
383.336  0.16895  438 6
53.872  0.338231  3539 4
7.696  0.236111  2592 6
61.032  0.345154  1692 4
7.328  0  16383 6
7.464  0.248613  5048 4
60.56  0.250871  574 4
288.856  0.251096  912 6
61.424  0.341071  560 4
281.488  0.266432  852 4
2.68  0.212121  396 4
257.504  0.347197  1106 4
39.248  0.227154  1532 4
81.904  0.382482  685 6
197.288  0.23647  2051 6
-394.552  0.249007  1763 6
64.184  0.350531  659 4
-323.752  0.213656  454 4
-347.536  0.20997  662 4
11.792  0.234043  705 6
254.456  0.249192  4021 6
61.704  0.308402  976 6
386.72  0.218543  302 4
338.592  0.174129  402 6
4.144  0.232592  3461 6
58.752  0.364609  1215 4
57.64  0.331078  2069 4
116.312  0.174664  521 6
68.096  0.345009  571 4
80.256  0.345638  894 4
61.52  0.360212  1699 4
14.376  0.255217  623 4
27.344  0.246978  1737 4
10.696  0.226394  2690 4
9.424  0.235677  1536 6
-326.216  0.19951  817 4
72.488  0.365826  1744 4
57.872  0.37931  1595 6
61.936  0.233384  1324 4
28.264  0.260985  1889 4
67.56  0.381242  821 6
324.968  0.235189  557 6
239.84  0.302872  383 4
-248.432  0.197002  467 6
18.424  0.223443  546 6
68.816  0.394153  992 6
52.744  0.291422  851 4
8.496  0.278509  456 6
136.888  0.245528  615 4
321.168  0.258883  394 4
65  0.296296  702 4
9.264  0.25593  5228 6
54.752  0.343555  1924 6
10.576  0.250627  1596 6
2.464  0.25523  10230 6
10.256  0.1981  737 6
-51.936  0.179795  584 4
214.592  0.228272  2957 6
45.28  0.204322  509 4
59.704  0.369162  1349 6
73.04  0.355166  1084 6
59.688  0.369393  2274 4
18.424  0.233251  403 4
60.192  0.391484  728 4
74.656  0.333333  705 4
-29.824  0.24215  2102 4
69.04  0.348322  1490 4
-4.64  0.249718  885 4
15.28  0.245935  492 4
54  0.340351  855 6
-335.92  0.260324  1356 4
-177.184  0.21075  707 6
372.432  0.245854  1387 6
-4.84  0.196825  630 4
-235.168  0.22291  969 4
259.528  0.357678  534 6
57.272  0.326621  2483 4
27.208  0.230705  1205 4
197.152  0.352871  836 4
58.72  0.35894  755 6
6.376  0.2384  625 4
-147.016  0.240315  1523 4
62.736  0.342963  1627 4
16.592  0.210797  389 6
-389.736  0.244428  1346 6
11.52  0.277863  655 6
-326.344  0.34523  1457 6
-143.36  0.232676  4921 4
2.12  0.250908  2754 4
53.096  0.361749  1349 6
244.872  0.222914  803 4
67.776  0.368195  698 4
-7.688  0.260279  5667 4
78.488  0.385281  924 4
-197.84  0.2416  625 6
14.632  0.196078  510 4
17.096  0.218143  463 4
6.672  0.257406  3477 6
-380.672  0.222772  404 6
-76.576  0.259561  1961 4
59.232  0.348624  1635 4
256.72  0.254693  2717 4
390.464  0.255257  2045 6
16.688  0.236111  432 6
52.328  0.329075  2896 6
223.504  0.268537  499 6
-2.624  0.293228  1521 4
58.064  0.35668  2470 6
59.976  0.323276  464 6
231.24  0.251409  2307 4
7.08  0.256462  1973 4
-176.096  0.153846  416 6
53.624  0.324278  589 6
-118.816  0.198276  464 4
194.104  0.231469  2307 6
12.376  0.255446  1010 6
55.136  0.256177  769 4
117.72  0.369136  810 4
182.464  0.351351  1961 6
2.08  0.251672  1196 6
18.344  0.212291  358 4
150.464  0.211207  464 4
262.704  0.229374  1103 4
6.464  0.250224  2230 4
282.832  0.401099  728 4
-278.216  0.0567662  16383 4
144.392  0.34188  1638 4
2.976  0.254464  448 6
-25.68  0.196602  412 6
-310.936  0.2475  800 6
56.92  0.357735  724 4
52.36  0.327027  2590 6
15.168  0.15508  374 6
43.848  0.217184  419 4
207.944  0.188065  553 6
75.976  0.362522  1142 4
20.848  0.276435  662 6
-222.936  0.218924  539 6
396.2  0.274895  713 4
-178.624  0.207373  434 4
7.84  0.263475  2653 6
68.528  0.340547  1756 6
25.376  0.171975  314 4
242.904  0.143991  16383 6
10.52  0.257871  667 4
268.704  0.241908  2348 4
13.936  0.220745  376 4
-309.232  0.240175  458 4
53.048  0.324819  2349 4
66.688  0.327731  2023 4
214.92  0.365931  634 4
15.088  0.267409  359 4
121.448  0.249801  1257 6
54.688  0.333844  653 6
67.576  0.387136  824 4
209.72  0.366319  576 4
333.608  0.20607  626 4
-23.392  0.22905  716 4
9.936  0.215748  635 4
63.712  0.356406  1358 4
307.096  0.231325  415 6
76.08  0.4  960 6
15.504  0.22449  490 6
15  0.258242  546 6
-238.128  0.205882  612 4
2.624  0.21934  424 6
51.136  0.331954  3624 6
8.184  0.237013  3080 4
243.68  0.333784  2217 4
68.12  0.372191  1424 4
69.472  0.373606  538 4
224.848  0.345188  956 6
384.408  0.386635  838 4
11.8  0.204259  1033 6
-28.512  0.214029  556 4
-387.144  0.167331  502 6
56.528  0.356636  2675 4
18.064  0.216772  632 6
79.544  0.262172  801 6
71.88  0.350166  1505 4
-269.912  0.24283  523 4
131.432  0.21902  694 4
-260.248  0.217391  966 6
13.128  0.233279  613 6
6.864  0.259484  11889 4
283.32  0.281553  1030 4
10.952  0.242171  479 6
-282.816  0.221719  442 4
141.6  0.376561  1041 6
11.488  0.257808  3266 4
12.096  0.277067  1173 4
124.248  0.357052  1574 4
4.632  0.259425  5597 4
5.344  0.264581  11985 4
264.352  0.254798  1511 6
12.152  0.231818  440 6
164.904  0.188372  430 6
58.552  0.34375  1472 4
-294.968  0.224806  645 4
66.8  0.411215  856 6
210.408  0.264993  717 4
11.216  0.24472  1373 4
-367.112  0.242915  988 4
376.312  0.236842  570 6
71.656  0.33953  1022 4
59.704  0.341629  1326 4
69.416  0.369333  750 6
-235.232  0.254404  4996 4
-256.824  0.245658  806 6
74.704  0.36  1100 6
16.472  0.204489  401 6
54.216  0.325153  2771 6
-61.776  0.235294  459 4
47.832  0.224138  522 4
13.168  0.252721  827 6
65.312  0.372986  1614 4
207.792  0.245329  3265 4
-350.568  0.275794  504 4
12.736  0.255916  1141 4
-282  0.22786  1084 4
360.456  0.212411  419 4
16.016  0.210191  471 4
40.096  0.241304  460 4
5.168  0.246352  4112 4
12.832  0.217021  940 4
84.376  0.401216  658 6
380  0.244114  807 6
15.528  0.234987  383 4
-1.328  0.28093  1075 6
10.064  0.218894  1302 4
-325.736  0.206371  722 4
75.144  0.371528  1152 6
4.72  0.25576  434 6
250.272  0.250859  1746 4
274.064  0.137536  349 4
-388.136  0.239153  1936 4
274  0.243659  1104 4
64.048  0.340979  1308 4
8.504  0.228947  760 6
13.08  0.25309  1699 4
40.84  0.315864  2824 6
97.48  0.228302  1060 6
321.344  0.328767  511 6
-1.424  0.263124  1562 6
-250.968  0.254286  700 4
157.184  0.239554  359 6
-237.216  0.240648  802 6
228.84  0.282164  684 6
53.432  0.317372  2861 6
67.728  0.374769  1625 4
-327.704  0.281716  536 4
15.784  0.256554  534 6
12.584  0.228243  609 4
81.952  0.33853  898 4
294.968  0.267476  2060 4
12.256  0.241852  583 4
-267.528  0  16383 4
-82.048  0.257584  1879 6
128.84  0.252725  1009 4
59.056  0.314998  2527 4
78.16  0.362084  1171 4
355.968  0.217742  372 6
-241.552  0.243372  3357 4
139.808  0.242788  416 6
58.816  0.333949  1623 6
0.36  0.245979  1057 6
298.176  0.269076  2739 6
81.64  0.32746  2327 4
-215.888  0.257471  1305 4
11.4  0.25  540 6
225.92  0.232068  1659 6
18.672  0.23  400 4
-165.032  0.25067  746 4
-2.096  0.276744  430 4
11.416  0.249083  2453 4
61.968  0.350501  2097 6
55.92  0.335714  2100 6
-232.8  0.22332  1012 6
58.728  0.346959  2960 4
397.656  0.39497  676 4
8.28  0.244571  4927 4
8.456  0.248955  4547 4
-337.056  0.261219  1493 6
0.968  0.242061  1417 6
14.912  0.229399  449 4
-355.88  0.222222  918 6
64.064  0.40536  1194 6
74.376  0.379618  785 4
-13.44  0.237805  492 4
101.904  0.239509  1954 6
60.112  0.341982  2351 6
14.704  0.172577  423 4
0.296  0.2703  899 4
353.312  0.221384  795 4
59.392  0.353858  2566 6
84.568  0.396907  776 4
245.328  0.391192  772 6
56.28  0.336248  2516 6
-350.032  0.218  500 6
10.64  0.241107  1518 6
-321.312  0.275735  544 6
77.36  0.297345  565 6
9.104  0.230526  950 4
65.712  0.330843  2409 6
263.92  0.347848  1975 6
14.408  0.214485  359 6
-382.048  0.25869  1237 4
-138.752  0.251838  544 4
9.656  0.253673  1021 4
64.536  0.357143  1302 4
16.032  0.227184  515 4
55.728  0.339662  2897 6
294.952  0.247432  2239 4
-141.264  0.241576  1751 6
12.792  0.231494  743 4
64.48  0.336957  644 4
-378.144  0.245668  981 6
14.216  0.184971  346 4
292.12  0.224719  445 4
63.36  0.361979  1536 4
59.912  0.333853  2564 4
68.328  0.359916  953 4
5.272  0.257509  5926 6
-265.248  0.250729  686 6
16.656  0.275689  399 4
-311.36  0.211587  794 6
3.408  0.222581  620 4
293.136  0.367855  1487 4
103.816  0.251809  691 6
22.592  0.280973  452 4
9.984  0.237439  1234 4
59.48  0.369373  2488 4
-243.76  0.250679  1472 6
0.432  0.225705  638 4
-182.8  0.236686  845 4
67.856  0.164223  341 6
-336.232  0.233801  1497 6
54.72  0.381998  911 6
42.096  0.226054  522 4
15.16  0.302013  447 6
13.12  0.235653  819 4
-316  0.218667  750 6
84.096  0.3725  800 6
58.832  0.349075  1567 6
309.456  0.24239  1774 6
24.424  0.202703  518 4
-93.032  0.221854  906 4
15.312  0.205374  521 6
-264.856  0.252951  593 4
67.296  0.3791  1311 4
58.504  0.353933  1068 6
144.704  0.199037  623 4
69.672  0.382236  1261 4
138.968  0.429354  913 4
5.952  0.258294  4491 6
-362.904  0.254135  665 6
16.888  0.248768  406 4
135.384  0.3856  625 4
17.168  0.245614  456 6
1.376  0.235054  736 4
-3.2  0.233939  1650 4
7.48  0.242653  1191 4
60.064  0.365044  904 4
127.968  0.356739  1239 6
217.752  0.24697  660 4
47.008  0.325079  2221 4
75.24  0.382271  722 4
-216.208  0.23503  668 4
278.112  0.18745  16383 4
223.64  0.234134  1166 6
61.824  0.303783  1692 4
53.464  0.342348  3143 6
12.688  0.22114  719 4
1.576  0.22561  820 6
78.968  0.353035  626 4
13.376  0.216867  581 6
302.84  0.257919  442 4
-188.12  0.226514  958 4
5.136  0.26213  3483 4
65.296  0.239273  1981 4
14.392  0.264543  722 6
273.128  0.380435  736 6
61.176  0.346951  1640 4
71.984  0.350414  1327 6
-251.984  0.353535  1287 4
92.76  0.391813  513 6
-321.272  0.331723  3726 6
60.888  0.361404  855 4
61.992  0.345646  1895 4
134.264  0.216545  822 4
5.496  0  16383 4
10.936  0.228013  614 4
14.376  0.243902  574 4
11.048  0.145923  699 6
52.144  0.239587  2617 6
58.288  0.336083  2303 4
16.248  0.233516  364 6
-117.832  0.246502  929 6
11.496  0.247767  1679 4
15.032  0.226054  522 6
343.968  0.197393  537 4
301.44  0.245827  2636 4
-272.864  0.243114  835 6
66.752  0.364501  631 4
-245.408  0.379257  646 6
57.8  0.352291  633 4
167.656  0.374037  909 4
59.216  0.356269  1308 4
6.832  0.256561  2210 6
16.952  0.22871  411 4
92.904  0.394495  2398 4
6.248  0.22351  1812 4
375.656  0.312067  721 4
67.416  0.361562  1665 4
63.328  0.350456  1207 6
12.28  0.251834  818 6
16.104  0.209559  544 4
30.688  0.204706  425 4
-131.568  0.139053  338 6
11.968  0.252738  1187 4
32.608  0.236908  802 4
-245.056  0.350631  1426 4
53.728  0.329527  3766 4
121.744  0.227357  541 6
-321.656  0.271212  660 6
56.904  0.353201  906 4
165.248  0.339461  816 6
221.96  0.182028  434 6
74.808  0.344017  936 4
-388.104  0.243834  1419 4
-151.024  0.202216  361 6
9.624  0.259476  15566 4
-247.736  0.245981  622 4
236.368  0.344366  1269 6
8.6  0.250527  1896 6
14.344  0.264793  676 6
-141.64  0.253217  1943 6
-234.704  0.239286  840 6
-69.488  0.275  960 6
10.952  0.220492  1220 6
78.408  0.401325  755 4
5.736  0.29523  3333 6
68.376  0.367317  1383 4
69.408  0.33935  1662 4
14.032  0.158416  505 6
9.576  0.267016  1146 4
53.816  0.314142  3387 6
33.224  0.241169  821 6
71.744  0.363326  878 4
16.648  0.277778  360 4
-99.824  0.215315  1110 6
69.592  0.344945  1464 4
-380.816  0.259202  652 4
11.472  0.257246  828 6
-356.424  0.235294  731 4
188.872  0.215789  380 4
156.528  0.236429  829 4
68.016  0.211191  1108 4
64.856  0.350242  828 4
9.264  0.255814  1591 6
53.752  0.344353  2541 6
226.96  0.207331  873 4
-381.736  0.255979  1129 4
7.08  0.24449  4356 6
14.112  0.269231  468 6
58.328  0.364754  1708 6
262.16  0.239109  1033 4
5.376  0.235623  1252 6
-163.104  0.211624  1342 4
-86.128  0.274029  489 6
-56.472  0.249777  1121 6
55.936  0.351833  1009 6
200.656  0.243829  1985 6
178.056  0.193906  361 6
74.672  0.370159  878 4
-1.592  0.240587  2523 6
-389.088  0.252833  1147 6
60.248  0.348018  1135 4
-171.568  0.22061  689 6
14.968  0.245935  984 4
8.144  0.251104  1812 6
65.784  0.431257  851 4
57.712  0.305546  2831 4
112.8  0.341004  478 4
160.192  0.227015  881 4
52.688  0.319218  3070 4
-198.504  0.240385  624 6
123.408  0.150838  358 4
75.064  0.398473  655 6
42.2  0.239714  1118 4
371.44  0.324965  717 6
67.064  0.333977  518 4
12.192  0.240519  2004 4
9.352  0.167901  405 6
-260.232  0.374204  1256 4
9.096  0.239817  2406 4
97.296  0.234438  2956 4
9.224  0.24334  5030 6
-33.936  0.216511  642 6
-116.904  0.222004  509 4
353.552  0.34908  2392 4
8.184  0.252068  5439 4
62.512  0.357283  2046 4
-96.688  0.208984  512 6
300.328  0.227642  861 4
249.792  0.298913  552 6
-114.344  0.254964  1259 6
-297.216  0.237778  450 6
14.12  0.275  400 4
134.208  0.25  412 4
56.184  0.359913  1831 4
15.88  0.216393  610 4
54.928  0.324065  2913 6
-373.424  0.267092  1726 6
-52.824  0.257764  1288 6
15.696  0.221957  419 6
77.816  0.351456  515 4
53.672  0.327087  1761 6
3.408  0.0112922  16383 4
-64.552  0.214286  406 4
61.488  0.374566  1439 4
53.36  0.382128  1175 6
152.12  0.401117  895 6
160.4  0.219585  674 4
-282.968  0.236152  686 4
6.256  0.133553  16383 6
13.448  0.26462  1368 4
90.784  0.367177  719 4
149.032  0.20938  597 6
54.464  0.323555  2284 4
7.184  0.217064  797 4
257.92  0.246734  2067 6
73  0.38897  689 6
-241.08  0.228926  1127 4
12.648  0.265033  1796 4
14.24  0.261181  559 4
57.92  0.235182  2092 4
-277.08  0.262009  458 4
-77.152  0.237168  2825 6
394.76  0.247619  3885 4
226.752  0.223776  429 6
-391.184  0.241187  539 4
17.72  0.222566  647 4
15.488  0.215  400 6
-339.656  0.24297  889 6
11.664  0.226415  636 6
4.184  0.247214  6282 6
10.56  0.229858  422 4
8.888  0.262802  1777 4
12.952  0.225899  695 4
6.632  0.253989  2256 6
131.184  0.267176  393 6
16.688  0.228145  469 4
183  0.152174  322 6
13.344  0.243316  374 6
62.064  0.33174  1046 6
8.584  0.266783  1147 6
15.64  0.25931  725 4
-145.832  0.244077  1815 6
2.912  0.199593  491 4
78.8  0.384874  595 4
3.576  0.244739  3089 4
53.192  0.339978  3612 4
-3.392  0.26841  2295 6
-239.088  0.255769  520 6
-154.992  0.209125  789 6
-307.784  0.199795  976 6
250.784  0.412804  906 4
168.216  0.225  440 4
183.344  0.243409  1138 4
7.424  0.247764  3802 4
56.76  0.356715  1668 6
8.128  0.245977  13424 6
5.48  0.256007  4578 6
15.184  0.273362  1145 4
-83.952  0.256528  1953 4
16.872  0.220225  445 4
16.344  0.19891  367 4
150.672  0.228809  2041 6
39.688  0.243021  609 6
72.856  0.407407  864 4
10.848  0.254319  1447 6
64.432  0.338973  1714 4
-371.808  0.246231  398 4
-323.704  0.221913  1077 6
237.224  0.185497  593 4
327.128  0.36674  908 6
69.168  0.419525  758 4
1.432  0.267932  474 4
161.776  0.360759  474 4
-163.248  0.206122  490 6
-42.216  0.241497  588 4
54.336  0.331702  2656 4
10.848  0.155718  411 6
-310.464  0.259883  1543 4
178.088  0.193227  502 6
68.064  0.319641  1558 6
154.496  0.356185  671 4
14.064  0.266272  507 6
172.48  0.339755  1142 4
82.84  0.395181  830 4
120.296  0.24177  1944 6
-216.336  0.285146  754 4
249.768  0.36803  1076 4
246.056  0.234248  1968 6
71.944  0.356537  589 4
10.512  0.250149  1683 4
5.2  0.244318  880 4
58.168  0.376128  1441 6
85.328  0.368585  643 4
228.248  0.396476  908 4
-236.088  0.243322  1722 4
64.4  0.232271  973 4
-139.792  0.247453  687 4
63.168  0.352825  1522 6
16.552  0.275862  435 4
54.8  0.358926  1602 4
56.768  0.347404  1753 4
63.64  0.343185  2267 6
78.688  0.372121  825 6
-341.808  0.220271  1253 4
-278.576  0.219235  967 6
72.064  0.364537  908 4
4.68  0.241784  426 6
83.968  0.370853  844 4
90.784  0.282536  899 6
-336.84  0.224932  369 6
25.344  0.225058  431 4
155.28  0.343227  1314 4
2.576  0.229292  833 6
354.16  0.383444  1051 6
65.032  0.177741  602 4
103.472  0.256098  410 6
14.688  0.204878  615 4
12.344  0.234761  1214 6
269.256  0.226933  401 4
71.296  0.367755  1501 6
266.592  0.394191  723 6
397.68  0.24763  844 4
-273.248  0.262887  388 6
-165.928  0.248863  3958 6
320.432  0.238655  1873 6
-6.248  0.202128  846 4
124.656  0.379587  1744 4
7.648  0.240181  2877 4
97.24  0.223982  442 6
10.032  0.26831  2881 4
189.128  0.372  1000 6
53.064  0.346672  2299 4
49.776  0.323218  2735 6
49.736  0.344982  2232 4
-112.688  0.247974  1234 4
-278.096  0.2103  466 4
2.272  0  16383 4
13.312  0.248082  391 6
217.848  0.369886  2371 4
70.032  0.352273  1144 4
61.216  0.360896  2322 4
111.08  0.25619  1050 6
11.36  0.25449  4566 4
13.344  0.231644  967 6
77.36  0.353846  1040 4
232.808  0.349248  1131 6
10.864  0.224924  987 4
73.936  0.388927  1445 4
-307.416  0.217114  783 4
7.76  0.241228  3420 6
331.888  0.250799  1252 6
382.984  0.374473  948 6
102.832  0.252465  1014 6
241.816  0.21988  664 6
-50.872  0.213518  651 6
10.784  0.247849  581 6
70.296  0.35254  1319 4
15.032  0.194444  396 6
14  0.219858  564 6
303.704  0.272628  1834 6
57.272  0.341411  1857 6
62.656  0.382231  968 4
17.44  0.238579  394 4
112.568  0.234281  3483 6
8.84  0.228036  2026 4
103.728  0.248237  2695 6
59.784  0.337303  2351 6
168.72  0.233888  962 6
54.472  0.325698  3187 6
127.76  0.243781  1206 6
-70.176  0.258721  688 4
57.264  0.376136  1651 6
9.768  0.251422  1758 4
80.656  0.228969  1367 6
49.128  0.247261  639 6
57.688  0.31345  1777 6
326.56  0.270408  392 4
16.768  0.216157  458 4
50.816  0.33955  2842 6
58.184  0.330471  2678 4
1.568  0.249117  1132 4
89.144  0.234498  887 4
231.912  0.344708  1436 4
60.016  0.322354  1852 6
5.736  0.254254  3056 6
3.72  0.256516  3146 4
88.808  0.348624  654 4
-93.928  0.250204  1223 4
6.656  0.224599  374 6
1.256  0.241379  1595 6
-72.624  0.256293  437 6
165.904  0.335689  566 4
16.096  0.147632  359 4
67.888  0.379009  1029 4
69.576  0.246956  2053 4
9.312  0.236722  659 6
60.376  0.343066  1644 4
15.592  0.245675  578 4
67.024  0.369406  1229 6
8.568  0.259438  11575 6
56.808  0.336181  1639 4
68.592  0.390641  983 6
148.208  0.339012  1174 4
-54.032  0.26384  849 4
229.168  0.223803  773 6
16.544  0.212766  423 4
122.84  0.254169  1979 6
-198.88  0.228293  1025 6
-322.272  0.233908  1103 4
9.608  0.253472  2304 4
54.904  0.361474  841 4
56.232  0.352126  1082 6
71.6  0.38565  892 4
10.184  0.223301  618 4
395.312  0.280788  406 4
17.168  0.26087  437 6
253.576  0.25763  1114 4
55.728  0.319793  3471 4
11.44  0.266204  432 6
238.704  0.345298  1393 4
9.736  0.258052  2515 4
49.632  0.247853  3494 4
-278.416  0.363528  2528 6
-347.976  0.247656  1813 6
12.376  0.256757  666 4
8.408  0.240818  1906 6
-4.208  0.239282  1003 6
1.128  0.245763  472 4
-115.496  0.232715  593 4
11.344  0.230667  750 4
331.872  0.195228  461 4
-52.08  0.269547  486 6
218.904  0.256195  2260 4
-202.216  0.240331  362 4
52.064  0.360691  1389 4
12.808  0.231123  1086 6
10.136  0.255982  15630 6
10.496  0.230947  433 4
15.36  0.215686  510 6
-154.816  0.258065  434 6
119.016  0.237425  497 4
259.184  0.233051  708 4
65.976  0.337362  1903 4
-208.016  0.278409  528 6
14.328  0.22997  674 4
-370.88  0.27592  598 4
12.856  0.217241  580 6
9.344  0.217391  598 4
55.72  0.376934  711 4
113.152  0.223684  456 4
66.216  0.388123  943 6
17.672  0.213158  380 4
370.92  0.235889  1187 6
64.392  0.347059  1020 6
9.072  0.254696  4472 4
257.032  0.246088  703 4
17.136  0.244726  474 4
11.968  0.242991  1391 6
25.184  0.237192  527 4
17.312  0.188442  398 4
59.952  0.334975  1421 4
59.656  0.378434  1929 6
158.736  0.252427  1030 4
-206.568  0.335619  6272 6
60.984  0.356923  1300 6
58.656  0.376592  1256 6
181.408  0.17341  346 6
25.728  0.229391  558 6
265.72  0.213235  544 6
11.232  0.243119  872 6
16.488  0.173077  364 6
16.064  0.161369  409 6
-119.728  0.26738  935 4
-84.08  0.230583  412 6
17.4  0.263485  482 4
1.728  0.270854  1019 4
-125.456  0.255044  2627 4
-240.608  0.220297  808 4
0.864  0.0124519  16383 4
302.84  0.316456  711 6
234.016  0.408383  835 4
250.888  0.259747  1898 4
62.376  0.351664  691 6
51.232  0.330441  2881 6
182.032  0.398601  1001 4
169.096  0.251866  536 4
51.328  0.350039  1297 4
50.056  0.325194  3358 6
201.232  0.299505  808 4
55.152  0.32299  2836 4
92.656  0.38295  739 4
37.104  0.232723  1693 6
-15  0.109443  16383 4
-109.464  0.192308  364 6
8.76  0.257869  4130 4
8.792  0  16383 6
69.72  0.374745  491 6
12.36  0.240143  1395 4
12.816  0.250959  1303 4
171.512  0.24282  1532 6
0.784  0.243819  6755 6
-11.64  0.260621  1577 4
72.376  0.401122  713 4
66.112  0.344298  1368 4
57.592  0.319788  1132 6
-105.496  0.225979  562 6
177.544  0.357067  941 6
73.2  0.377524  1139 6
93.968  0.373134  603 4
241.44  0.263242  623 6
59.112  0.363223  1539 4
26.192  0.256817  2897 4
13.152  0.246411  418 4
57.328  0.34388  1928 6
53.224  0.356813  2811 6
-366.936  0.235659  1290 4
57.08  0.341737  1071 4
-384.576  0.260977  2437 4
252.56  0.25942  690 4
-260.472  0.230375  586 6
15.032  0.2  605 4
16.072  0.117302  341 6
-239.72  0.266362  657 6
63.904  0.320681  2055 4
18.12  0.195604  455 4
66.36  0.328175  1551 6
8.496  0.242613  2403 6
4.632  0.269716  6822 6
67.296  0.351258  1153 4
365.472  0.232604  1006 6
114.344  0.203515  1081 4
57.288  0.33701  2448 4
56  0.377038  1411 6
109.064  0.208191  586 4
306.144  0.235702  577 6
63.376  0.386646  644 4
58.376  0.375  808 4
118.272  0.236031  1038 4
4.424  0.251269  1970 6
57.424  0.333647  2128 6
3.656  0.216693  623 4
0.88  0.213198  394 4
12.424  0.259358  1122 4
-240.768  0.220353  1248 6
52.312  0.32934  3756 4
104.712  0.334826  2903 6
-308.28  0.237261  628 4
16.376  0.241645  389 6
7.328  0.243072  1732 4
9.208  0.230563  1119 6
12.544  0.224576  708 6
162.536  0.357009  535 6
1.528  0.19337  543 4
-360.76  0.240947  1436 6
-154.968  0.250531  942 4
71.264  0.259115  768 4
49.184  0.327679  4480 4
59.544  0.346309  1978 4
-89.472  0.2  670 6
13.464  0.251295  386 4
182.76  0.372881  590 4
71.904  0.379424  1215 6
53.696  0.336425  2803 4
-353.496  0.22395  643 6
14.672  0.221106  398 6
375.568  0.241587  832 4
313.176  0.345865  798 4
64.096  0.360581  1309 6
54.104  0.358963  2198 6
58.424  0.328112  2490 6
8.232  0.247321  1120 4
63.224  0.323821  2418 4
68.824  0.355378  1255 6
312.768  0.356452  1240 4
-13.152  0.260641  11019 4
113.376  0.297424  427 4
11.944  0.251397  1969 4
-308.576  0.356085  2769 6
62.424  0.345351  527 4
9.192  0.27907  559 6
-1.536  0.251389  9181 6
336.128  0.198225  338 6
61  0.36497  1159 6
58.808  0.355457  678 4
99.208  0.226886  1644 4
55.016  0.357571  1169 6
-266.048  0.250233  1075 4
374.968  0.234211  380 4
75.544  0.241692  993 6
21.776  0.271186  413 4
-262.632  0.187675  357 6
8.08  0.260413  6002 4
80.624  0.374286  700 6
64.328  0.34439  1025 6
259.016  0.36289  609 4
-235.488  0.250683  1831 6
82.336  0.338798  732 4
1.272  0.248505  1505 4
164.224  0.34081  1828 6
62.568  0.376761  1420 4
69.984  0.357481  1477 4
42.336  0.216149  805 6
110.968  0.234628  1854 4
73.936  0.351554  933 4
162.904  0.317184  2415 4
-153.312  0.370915  612 4
329.936  0.229921  635 4
106.832  0.250821  913 4
10.608  0.248361  2440 4
3.816  0.276134  507 4
173.784  0.362919  507 4
381.304  0.27377  1830 4
75.36  0.344  1000 4
237.488  0.365419  1122 6
72.808  0.316252  683 4
60.896  0.365159  1194 4
56.016  0.360769  1300 4
-59.688  0.232334  934 6
70.968  0.317227  476 6
-352.608  0.265306  637 6
20.896  0.241135  423 4
311.448  0.246231  597 6
79.344  0.349515  618 6
381.752  0.261944  607 6
-132.792  0.246634  1634 4
108  0.203931  407 4
-2.6  0.251196  1672 6
320  0.234074  675 4
105.672  0.268446  1274 6
0.512  0.238434  843 4
14.52  0.261343  551 6
54.384  0.34731  2695 6
8.592  0.254591  1198 4
59.92  0.411043  815 4
57.92  0.349378  1205 4
11.536  0.229787  705 4
-76.736  0.304015  523 6
12.456  0.238095  546 6
9.4  0.255472  10142 4
244.064  0.21813  1412 6
322.408  0.210114  1404 6
22.656  0.236819  1157 6
16.736  0.0338028  355 4
70.904  0.330149  942 6
-173.44  0.167526  388 6
53.032  0.324236  2748 6
-177.664  0.275434  806 6
5.424  0.265046  1645 4
251.648  0.402299  1305 4
9.92  0.26062  1742 6
0.472  0.19726  365 6
1.968  0  16383 4
114.44  0.230415  434 4
59.688  0.341302  1966 4
357.344  0.171004  538 4
-84.856  0.225899  1390 4
9.856  0.247685  1296 4
136.872  0.345893  1327 4
-129.168  0.200514  389 6
65.608  0.389344  976 4
217.032  0.280374  428 6
8.512  0.226071  1097 4
56.824  0.328032  2515 4
93.304  0.240933  3088 4
208.088  0.215481  478 6
6.096  0.235823  1781 6
9.336  0.23998  4092 4
163.928  0.367816  609 6
1.12  0.259259  594 6
-16.176  0.23431  956 4
14.232  0.273333  600 6
6.64  0.258824  1445 6
-97.936  0.254937  3950 6
59.584  0.377133  586 4
239.672  0.357256  1268 6
338.768  0.345794  3424 6
-141.672  0.240726  1267 4
-156.592  0.247423  485 6
15.392  0.208955  536 6
75.472  0.347249  527 6
56.448  0.352681  1585 6
11.904  0.25625  2720 6
56.248  0.340878  1458 4
62.24  0.376978  695 4
15.048  0.186139  505 4
5.504  0.247699  3585 4
60.424  0.342105  1634 6
179.688  0.394504  1019 4
64.92  0.235772  984 4
81.904  0.395349  559 4
76.096  0.373437  640 4
82.992  0.370869  817 4
67.872  0.385119  1223 4
56.624  0.317352  438 6
15.032  0.182371  329 4
345  0.240385  520 6
44.112  0.141284  545 4
131.848  0.375867  721 6
54.984  0.363524  2429 6
