-223.375  0.232456  456 6
102.421  0.235023  1085 4
-19.453  0.228106  491 6
-373.344  0.283019  477 4
-350.086  0.240437  1647 4
7.235  0.253378  1776 6
86.438  0.25062  2015 4
-44.312  0.19863  584 4
258.298  0.234432  1365 6
9.556  0.245821  2453 6
12.5  0.236506  1408 4
12.83  0.224905  787 4
17.389  0.235698  437 4
10.875  0.239251  1442 4
-39.593  0.343915  945 6
62.376  0.345845  1119 6
-152.125  0.205882  408 6
87.81  0.353659  574 4
-81.548  0.247664  1498 4
13.235  0.242884  1054 4
79.515  0.3728  1250 6
-234.562  0.252874  783 6
-282.141  0.232143  1176 4
-0.454  0.237814  677 4
58.764  0.366972  1526 6
53.54  0.34902  2295 6
286.398  0.249856  1733 4
54.201  0.338291  3429 4
122.36  0.335118  934 6
173.515  0.247237  1719 4
5.672  0.249099  6937 6
-154.469  0.253141  3820 6
86.907  0.357401  554 6
234.499  0.250277  3616 4
300.032  0.244254  1871 4
85.376  0.358442  770 6
-123.906  0.274074  675 4
-303.72  0.216049  648 6
84.375  0.221311  366 6
11.249  0.233281  643 4
70.718  0.342676  1106 4
53.858  0.386121  1686 6
147.281  0.374865  923 6
-223.673  0.187948  697 4
-395.689  0.292585  499 6
1.344  0.25126  5357 6
8.969  0.217949  1326 6
16.766  0.219144  397 6
-185.501  0.214854  377 4
-69.485  0.24103  1087 4
83.782  0.371532  829 6
-6.899  0.241167  3255 6
-166.563  0.23229  1214 4
-201.499  0.259127  3917 4
17.405  0.226994  489 6
11.274  0.243848  1788 4
52.235  0.336957  2944 4
71.171  0.339897  1168 6
-225.093  0.233978  983 4
71.109  0.331767  1703 4
58.531  0.381081  1110 4
71.069  0.336075  1702 4
68.032  0.369949  792 4
59.64  0.373581  1938 6
-279.75  0.268924  502 6
-157.859  0.171477  589 4
-299.156  0.242042  1508 6
67.109  0.315508  935 4
13.126  0.242733  688 4
8.095  0.20442  543 4
12.813  0.252639  1516 4
-266.665  0.25033  3787 4
281.952  0.238123  3410 4
84.796  0.329356  838 4
58.547  0.33237  1038 6
235.624  0.346115  991 4
54.485  0.35443  1738 6
10.484  0.226242  2073 6
79.609  0.313433  938 6
7.609  0.256747  7077 6
12.311  0.262019  416 6
60.469  0.334237  1107 4
79.937  0.354793  699 4
-153.218  0.223833  621 4
37.484  0.237037  810 4
67.39  0.359669  1329 6
-378.528  0.226481  574 6
-1.297  0.222552  1011 6
-78.847  0.220833  720 4
64.564  0.358025  567 4
14.844  0.214123  439 4
92.718  0.294922  512 4
191.313  0.215223  381 4
-346.001  0.102894  311 4
20.623  0.229008  524 4
271.781  0.195604  455 6
-157.673  0.270537  1826 4
60.109  0.385373  711 6
80.594  0.332737  559 6
55.576  0.332517  2857 6
-0.155  0.265182  494 4
62.626  0.377634  617 4
2.845  0.255102  588 4
60.625  0.226027  584 4
-37.58  0.238779  557 6
-160.438  0.254032  496 4
65.217  0.345717  1938 4
234.735  0.422006  718 6
11.267  0.237603  1452 4
-160.883  0.245283  424 4
127.078  0.254386  456 6
-77.618  0.241149  2994 4
148.938  0.211765  510 6
-372.28  0.18427  445 4
-199.985  0.254192  1491 6
56.22  0.336506  2627 4
57.452  0.399546  881 4
153.907  0.339652  633 4
53.937  0.36273  2608 4
-300.828  0.248819  1905 4
54.063  0.337544  2296 4
17.032  0.29322  590 4
15.328  0.229236  602 4
142.251  0.335554  1201 6
64.782  0.363768  1380 4
59.812  0.350413  2908 6
143.218  0.236397  2187 4
-96.704  0.268407  1494 6
95.548  0.345389  553 6
-23.288  0.255994  1418 6
-148.5  0.273367  995 6
-208.788  0.257412  1484 4
-315.922  0.22242  562 4
47.071  0.335231  4215 6
8.609  0.254796  2971 6
147.938  0.238586  679 4
156.75  0.302115  662 4
90.268  0.343993  2189 4
11.06  0.228411  1598 4
13.344  0.288312  385 4
-66.64  0.248957  1438 6
312.564  0.238318  2140 4
-270.624  0.336649  3217 6
136.748  0.166667  336 4
61.64  0.372581  1240 4
28.782  0.254889  1534 4
-127.938  0.340942  701 6
124.984  0.190594  404 6
-0.844  0.250454  551 6
5.862  0.24428  3234 4
68.766  0.352889  1125 6
14.936  0.252113  710 4
-0.812  0.237923  828 6
53.36  0.339117  1268 4
82.784  0.362556  673 4
122.938  0.237838  370 4
13.016  0.226833  723 6
-310.188  0.247788  1582 6
-29.188  0.277524  1535 6
76.718  0.362963  675 6
15.5  0.267442  516 4
-377.718  0.219917  482 4
247.532  0.0962199  291 4
75.97  0.372358  615 4
14.764  0.21174  477 4
58.968  0.330922  2212 4
41.516  0.236769  359 4
75.22  0.361856  970 6
67.358  0.210024  419 4
305.908  0.367953  674 4
58.376  0.337349  498 4
-43.164  0.167549  567 6
1.344  0.257271  447 4
16.266  0.174515  361 6
66.594  0.348154  1192 4
-307.5  0.247093  688 6
55.064  0.377892  778 4
12.014  0.24582  1615 4
41.016  0.367089  711 6
-393.78  0.274752  404 4
7.844  0.209354  449 4
143.478  0.230224  847 6
-317.592  0.245235  787 6
17.82  0.211302  407 4
-246.64  0.223085  901 4
67.186  0.257168  1116 6
60.86  0.217962  991 6
-394.89  0.166134  313 6
15.376  0.218324  513 4
132.516  0.239344  2135 6
-140.938  0.238342  772 6
110.876  0.119186  344 6
57.97  0.369904  1987 6
16.25  0.292969  512 4
133.264  0.249747  989 4
276.532  0.221053  665 4
92.516  0.353226  620 6
-173.358  0.218868  1060 6
70.436  0.344747  1285 4
7.656  0.233677  2910 6
69.766  0.343373  664 4
-274.518  0.253004  1498 6
-227.64  0.259837  1474 6
-8.702  0.260448  3302 6
13.328  0.222632  813 4
160.78  0.362939  912 4
58.428  0.331449  2477 6
-154.828  0.210072  695 6
-5.12  0.25696  9554 4
-154.156  0.222607  867 6
58.936  0.34361  1784 6
-59.344  0.228733  529 6
52.9  0.373679  1041 6
-376.816  0.247706  545 6
20.484  0.283208  399 6
69.578  0.356502  892 4
14.25  0.26648  713 6
55  0.325829  3376 4
-342.86  0.233209  1608 6
144.092  0.256158  406 4
-149.842  0.283333  600 6
-8.166  0.249467  469 4
7.876  0.229717  1023 6
-309.204  0.247619  1470 6
74.406  0.34697  1320 6
9.102  0.239801  3015 6
119.248  0.221176  425 4
14.75  0.239852  542 6
261.406  0.220433  1615 4
11.804  0.243791  1973 4
-221.218  0.256864  2258 6
-379.984  0.23882  1051 4
6.046  0.2494  1251 6
207.97  0.270161  496 6
12.47  0.238503  935 6
260.188  0.251025  976 4
-274.626  0.237941  2156 6
-94.19  0.244639  1259 6
-239  0.225539  603 4
186.03  0.178571  588 4
16.782  0.266033  421 4
-258.656  0.229498  1573 4
16.64  0.233209  536 4
71.25  0.370014  1454 4
-37.188  0.218232  1086 4
61.68  0.334199  2310 4
175.906  0.354762  840 4
9.604  0.250224  3349 4
-87.142  0.228669  586 4
274.852  0.242007  2252 6
6.188  0.260786  4149 4
46.048  0.206174  907 4
6.062  0.242207  2791 4
73.748  0.386973  1044 6
-4.396  0.176647  16383 6
-83.718  0.229193  781 4
66.484  0.361469  1552 6
52.86  0.37505  2517 4
-295.94  0.243173  769 6
-214.11  0.225627  1077 6
218.736  0.237883  2022 4
-58.032  0.210306  718 4
-341.328  0.260517  1973 4
119.112  0.299559  454 6
66.828  0.342785  1975 4
-119.42  0.210421  499 4
59.452  0.333668  1990 4
261.906  0.229437  462 6
-266.376  0.276718  524 6
182.94  0.359195  1392 4
-27.528  0.176471  357 6
18.356  0.136574  432 4
109.368  0.252597  4525 4
1.812  0.193084  347 6
246.952  0.226923  780 6
49.608  0.328046  3972 4
59.672  0.368289  1993 6
60.064  0.332758  1737 4
-38.048  0.247357  946 6
55.884  0.352883  3018 4
61.236  0.34575  2094 4
13.096  0.175904  415 6
58.284  0.333474  2372 4
-385.64  0.246258  3541 4
-300.048  0.229299  471 4
-86.452  0.238961  770 4
-140.532  0.262431  1086 6
149.572  0.379956  908 4
-191.468  0.244186  430 6
230.72  0.301961  510 6
69.732  0.374434  884 6
-274.82  0.237872  639 6
44.844  0.220945  783 6
54.284  0.338338  2731 6
96.672  0.23822  1146 6
-365.392  0.233434  664 6
62.596  0.351224  2124 6
86.812  0.234453  1399 4
65.952  0.376281  683 6
71.392  0.395973  596 4
262.6  0.333928  3366 4
55.096  0.3436  3344 4
9.336  0.23323  2251 4
12.796  0.250833  1200 4
60.868  0.327674  1178 4
280.952  0.367052  692 4
55.764  0.335828  2004 4
-303.328  0.184492  374 4
-250.376  0.186275  510 4
-10.204  0.229131  1174 4
71.752  0.358993  1351 4
-337.2  0.236597  858 6
61.064  0.357353  680 6
19  0.14876  363 4
-133.524  0.234447  1945 4
-296.076  0.252011  1119 6
-54.216  0.273551  552 6
13.748  0.218354  316 6
133.968  0.363304  1368 6
-184.5  0.199125  457 6
50.016  0.344633  3186 4
64.108  0.343268  1946 6
15.064  0.185714  350 4
69.952  0.386089  992 4
-191.42  0.22  800 6
84.528  0.307203  472 4
12.34  0.215534  515 6
-312.208  0.25235  2021 4
7.624  0.278075  374 4
117.216  0.309859  426 4
15.876  0.215078  451 6
58.392  0.327366  782 4
65.688  0.346614  1004 6
68.096  0.265351  456 4
54.36  0.348872  1995 6
-191.968  0.21232  763 6
61.984  0.380208  1920 6
66.328  0.360544  588 4
68.092  0.345575  1661 4
148.188  0.220876  1073 6
-87.924  0.236499  537 6
4.508  0.246769  6731 4
17.876  0.257991  438 4
15.092  0.236791  511 6
-135.536  0.220954  1489 4
-309.888  0.2603  2136 4
80.22  0.363918  970 6
-212.796  0.217799  427 6
19.128  0.244505  364 4
12.172  0.247084  943 4
-168.532  0.227066  1537 6
-196.164  0.201765  793 4
-251.78  0.235931  462 4
59.576  0.366116  1210 4
61.296  0.350182  1919 6
-304.764  0.22288  507 4
14.752  0.207463  670 6
-215.328  0.219351  1664 4
16.16  0.235981  428 4
103.264  0.188389  844 4
62.484  0.317697  469 6
-376.388  0.227408  1007 6
227.728  0.250437  2288 4
-284.592  0.241066  3078 6
-314.428  0.247568  1850 6
13.016  0.24058  690 4
54.532  0.354662  1094 4
-193.08  0.261343  551 6
210.64  0.236059  1614 6
85.056  0.360429  652 4
165.708  0.370395  2986 4
3.176  0.250666  8258 4
285.672  0.327364  1396 4
66.592  0.353066  1419 4
-308.676  0.259369  1681 4
80.328  0.353638  591 4
49.876  0.2425  1200 6
-380.404  0.24  775 4
-69.212  0.258472  3482 4
71.672  0.32363  1168 4
49.368  0.314725  4102 6
-269.968  0.290944  519 6
9.656  0.247423  2522 4
221.704  0.278261  460 6
-132.452  0.256494  1232 4
-299.884  0.253234  6725 4
-201.78  0.254763  2677 6
11.688  0.238489  847 4
15.736  0.217842  482 6
-184.524  0.2548  1927 6
119.436  0.262215  614 6
55.08  0.352268  2359 6
-122.144  0.220564  603 4
146.624  0.234432  546 4
14  0.282528  538 4
-303.292  0.243555  1474 6
18.564  0.188144  388 6
64.892  0.354995  1031 6
-136.936  0.225746  536 6
60.832  0.346354  1152 6
51.172  0.370588  2380 4
-132.036  0.236011  1805 6
64.124  0.235241  1101 6
54.42  0.250989  2275 6
-231.752  0.2  665 6
-73.392  0.251036  2171 4
91.648  0.362894  857 6
8.28  0.247442  1075 6
64.028  0.359096  841 6
268.388  0.358156  1128 6
-144.204  0.242849  1713 4
-321.816  0.217742  1116 4
100.968  0.24714  874 6
67.828  0.350333  1353 6
74.828  0.344925  1064 6
-277.968  0.250663  754 6
3.624  0.244259  958 6
9.048  0.231752  2192 6
56  0.338358  1194 6
-299.42  0.256594  4474 4
64.42  0.356164  1095 4
78.184  0.333611  1199 6
7.436  0.235988  678 4
61.612  0.354033  1562 4
84.688  0.347639  932 4
-0.452  0.254691  2505 4
55.848  0.322581  3007 4
10.608  0.250905  1658 4
53.188  0.181818  330 6
130.032  0.253521  568 6
56.14  0.353878  1947 4
-280.048  0.258998  1278 6
65.528  0.3331  1429 4
-366.876  0.231827  509 4
68.792  0.342603  1798 4
-336.968  0.209418  807 4
53.512  0.291356  1342 6
-95.032  0.206667  600 6
8.08  0.246176  2811 6
-256.832  0.253333  900 6
67.172  0.35518  946 4
-3.376  0.269919  615 6
-112.904  0.207207  444 6
53.828  0.32687  1805 6
70.348  0.390339  766 6
-283.516  0.252713  1935 6
-0.532  0.258974  6352 4
12.608  0.235838  865 4
15.404  0.221254  574 4
-61.36  0.249079  1357 4
-54.112  0.22905  537 6
76.236  0.397204  1216 6
84.356  0.346021  1445 4
62.184  0.350909  1650 4
-126.076  0.222767  1019 4
69.188  0.290629  843 6
14.436  0.236111  504 6
63.764  0.335668  1856 6
-70.84  0.218351  861 4
-311.436  0.197133  558 4
13.736  0.229284  1243 4
-110.312  0.241279  1720 4
-108.016  0.254928  2283 4
86.468  0.311304  575 6
3.464  0.254767  3619 4
13.096  0.23029  482 6
11.36  0.230769  702 6
7.476  0.242997  4391 6
-333.596  0.266817  1769 6
-264.392  0.255666  1412 4
10.072  0.248083  2217 6
11.436  0.252788  807 4
87.624  0.387399  746 4
4.924  0.231928  1660 4
15.904  0.218855  594 4
-230.808  0.258621  580 4
-319.488  0.264463  484 4
195.856  0.252078  1083 4
131.128  0.289796  490 4
195.576  0.242387  1642 6
-85.44  0.236156  614 6
80.72  0.339399  1099 6
-79.94  0.275802  1153 4
29.984  0.270518  1852 6
-82.124  0.188073  654 4
-2.656  0.236799  1212 4
75.232  0.336648  704 6
235.804  0.410319  1221 4
90.672  0.178182  275 4
6.248  0.223092  511 4
-32.952  0.258307  11045 4
-68.22  0.199382  647 4
-126.14  0.214047  598 6
15.752  0.23088  693 4
17.72  0.205521  326 6
66  0.341969  1158 4
19.2  0.192691  301 4
53.56  0.391911  717 4
267.348  0.231042  1411 4
12.3  0.22206  1369 4
69.812  0.323985  1034 6
-167.112  0.24466  1030 4
-137.58  0.221828  1127 6
-300.548  0.228769  1731 6
-165.596  0.237402  893 4
8.908  0.220061  977 6
67.74  0.396533  923 4
62.016  0.360167  1441 6
81.94  0.300292  686 6
2  0.214754  610 4
70.704  0.329446  1372 4
9  0.257703  3570 6
61.64  0.415778  938 6
-82.896  0.261364  440 4
72.16  0.343478  1150 6
154.88  0.167082  401 4
259.424  0.24288  1264 6
-1.092  0.262716  2143 6
-172.468  0.207792  462 4
55.832  0.339869  1683 6
130.616  0.2428  2014 4
-154.656  0.232143  672 4
63.236  0.324051  1580 4
-303.72  0.224638  414 4
75.784  0.376989  817 6
104.452  0.222354  841 6
13.968  0.218463  2069 4
88.204  0.247509  3212 6
8.852  0.255029  2784 4
26.048  0.267826  575 6
72.624  0.384966  878 4
59.924  0.338037  1559 4
121.624  0.182254  417 4
-3.048  0.250602  1245 6
-241.72  0.233846  325 4
7.592  0.221081  1461 6
9.656  0.234946  1013 6
-246.908  0.192377  551 4
114.656  0.333526  1730 4
62.468  0.355856  1554 4
-93.172  0.241864  1352 4
-0.984  0.238474  1258 6
15.992  0.243775  1727 4
269.124  0.234421  674 6
57.372  0.355907  2023 6
-54.56  0.245042  2269 6
53.644  0.343788  1626 4
290.376  0.36194  536 6
-120.64  0.26489  2401 4
100.656  0.413559  590 4
126.932  0.245956  2411 6
12.624  0.265233  558 4
-249.84  0.258065  527 6
-48.78  0.22973  1258 6
-83.968  0.249507  1014 4
63.484  0.353333  2400 4
-30.644  0.240152  1320 6
2.064  0  16383 4
-287.42  0.267681  1117 6
291.192  0.241167  651 4
16.736  0.228883  367 6
-285.656  0.198847  347 4
14.548  0.246493  499 6
58.08  0.342075  2631 4
-283.704  0.250847  885 4
-188.436  0.239975  1621 4
54.876  0.35539  2282 4
-254.312  0.224274  379 4
51.828  0.317594  3791 6
51.264  0.339094  2141 6
-396.752  0.223102  1515 6
-333.516  0.248134  536 4
-2.78  0.241379  1943 6
15.188  0.22585  735 6
67.424  0.340184  1411 6
-99.592  0.205656  389 6
71.808  0.230559  1466 6
-232.736  0.235524  1537 4
-205.688  0.24817  1366 6
-40.56  0.229614  466 4
-264.032  0.205584  394 6
72.952  0.361665  1153 6
11.504  0.168142  339 4
8.904  0.231395  1720 6
56.936  0.313812  2954 6
180.032  0.348066  724 6
249  0.373106  528 4
16.592  0.272904  513 4
276.872  0.261116  1057 6
30.536  0.264442  779 4
16.352  0.256184  566 4
-142.016  0.26774  1367 6
3.28  0.233871  620 6
-36.816  0.244604  695 4
20.536  0.205069  434 4
-238.928  0.184175  733 4
41.28  0.264173  1711 4
-137.688  0.214052  612 6
15.488  0.231343  536 6
71.44  0.343773  1341 4
15.184  0.199005  603 6
-105.376  0.246246  666 6
12.408  0.296813  502 6
61.016  0.369764  2077 4
-193.248  0.243066  1983 6
91.72  0.386252  611 4
-360.688  0.235533  985 4
234.552  0.176871  294 4
-258.92  0.216237  1281 4
73.616  0.365487  1130 4
-87.84  0.240838  573 4
60.576  0.366109  2390 4
17.536  0.242718  412 4
60.736  0.346981  1954 4
52.152  0.333795  3610 6
-84.976  0.198324  716 6
12.184  0.235337  1364 4
-5.888  0.262494  15627 6
51.024  0.346207  2900 4
-2.768  0.253303  3028 6
-257.528  0.232019  862 6
7.016  0  16383 4
-97.016  0.259784  1482 6
16.712  0.228972  428 6
0.312  0.22406  665 6
12.576  0.248109  661 6
11.472  0.261976  668 6
-97.256  0.197183  639 4
-196.472  0.18931  449 6
71.032  0.257592  955 4
54.72  0.363689  1713 4
27.576  0.283071  1081 4
-348.792  0.233824  680 6
-262.872  0.253602  694 4
-0.504  0.28388  701 6
-103.096  0.218868  530 4
13.216  0.245648  517 6
-133.984  0.232167  1486 6
179.184  0.232417  2147 4
65.128  0.378125  960 6
0.096  0.225728  412 4
13.504  0.244582  646 4
15.408  0.231183  558 6
-164.592  0  16383 6
-55.688  0.256  2000 4
-25.24  0.257665  8317 4
65.208  0.385862  1358 4
3.632  0.232689  1603 6
-25.048  0.256736  1967 4
-93.456  0.245735  2169 6
-3.296  0.239399  3726 4
-242.472  0.242462  1625 6
-1.88  0.248668  6004 4
13.512  0.238873  1775 4
60.424  0.36789  1090 6
-211.32  0.239206  2872 4
58.344  0.382046  1916 4
67.92  0.389381  1017 6
12.032  0.254153  602 4
56.712  0.340521  1113 4
134.088  0.346221  2276 6
-304.816  0.255432  1887 6
-18.624  0.225092  542 6
54.144  0.329326  2329 4
61.744  0.348191  2266 6
307.128  0.246032  3024 4
14.176  0.25974  539 6
16.704  0.156863  408 6
16.184  0.278662  628 4
57.608  0.388889  1566 4
12.048  0.254805  2029 6
-237.952  0.231873  1324 4
135.512  0.240697  2123 6
37.68  0.239443  2368 6
-333.28  0.250951  1315 4
-264.856  0.242638  1698 6
218.408  0.361609  2063 6
-2.12  0.238338  2744 6
9.216  0.23693  2697 6
284.544  0.339862  868 6
-369.064  0.363316  567 6
53.704  0.333969  3147 6
215.328  0.253165  869 6
132.28  0.375977  1024 4
-145.232  0.245108  2044 6
200.2  0.244681  1880 4
-383.608  0.241005  2029 4
-164.208  0.227159  1598 6
-247.904  0.268844  398 4
-104.424  0.268061  526 4
54.112  0.341667  3000 6
11.544  0.226831  1133 6
200.392  0.339244  1297 6
-26.224  0.229911  448 4
20.672  0.262242  919 4
52.024  0.327922  3080 6
4.08  0.244444  3510 4
-142.008  0.233884  1877 4
-127.36  0.234092  2986 6
9.328  0.198428  1018 4
-150.816  0.224274  758 6
-283.776  0.234548  631 4
-0.928  0.242203  1507 4
71.32  0.282967  364 4
1.568  0.255291  756 4
8.56  0.247186  8261 6
6.08  0.244536  2928 6
-101.376  0.304721  466 4
-207.272  0.2  325 6
167.032  0.378995  657 6
12.44  0.230088  565 4
-171.52  0.244688  1459 4
7.728  0.237549  6365 4
-350.936  0.253333  3825 4
79.56  0.190684  687 6
-321.064  0.216274  467 4
14.192  0.188769  837 4
4.288  0.249244  6945 4
11.528  0.27619  630 4
9.688  0.195  600 4
-103.744  0.272622  862 4
57.392  0.329978  894 4
59.2  0.350792  821 6
154.688  0.203552  732 4
7.336  0.235915  2556 6
-76.76  0.24911  562 4
59.8  0.357603  1552 6
-239.856  0.222222  1143 4
-17.6  0.237248  2529 6
-365.512  0.336348  1769 6
16.528  0.266979  427 6
50.632  0.33992  3998 6
237.232  0.231125  649 4
75.392  0.386182  1375 4
61.296  0.338802  2621 4
52.648  0.385253  2170 6
-1.648  0.202915  892 6
-20.312  0.258794  398 4
15.08  0.203125  576 6
74.736  0.381454  949 6
2.872  0.23538  684 4
-44.856  0.241603  1846 4
54.856  0.329518  2446 4
265.672  0.259282  1643 6
-56.08  0.243655  985 6
-311.952  0.221622  740 6
277.36  0.202247  712 4
7.072  0.251765  425 6
88.944  0.257319  649 4
96.688  0.198473  393 6
41.704  0.207859  967 6
65.344  0.343857  1457 6
83.816  0.362989  843 4
16.848  0.207506  453 4
-177.12  0.212944  479 6
-255.544  0.249443  1347 4
167.464  0.246047  2024 4
231.184  0.214747  1085 4
57.64  0.342731  2483 6
9.392  0.237306  965 6
-352.44  0.202296  697 4
-1.64  0.247195  3119 4
47.952  0.312983  3882 4
14.808  0.246753  616 4
55.48  0.342529  2175 6
-57.016  0.27002  1511 6
207.432  0.351687  563 4
-161.08  0.256757  740 6
58.512  0.36835  1485 4
267.776  0.255087  2015 6
132.264  0.230385  1402 6
-261.296  0.234867  826 4
13.824  0.2625  960 4
-44.824  0.255346  795 4
68.4  0.374322  1106 6
186.672  0.243605  1720 6
116.576  0.22966  971 4
-61.824  0.236493  981 6
-209.24  0.216341  869 6
-2.048  0.259977  877 6
-253.032  0.271444  921 6
-218.928  0.214204  873 4
-158.92  0.214286  448 4
75.624  0.35123  894 6
-54.496  0.202564  390 4
-377.312  0.300781  512 4
55.784  0.328927  1967 6
13.696  0.224111  647 4
11.808  0.242857  350 6
71.96  0.347518  846 6
5.392  0.231327  1379 4
66.92  0.22049  898 4
63.552  0.349948  1926 4
-110.968  0.245059  506 4
11.264  0.260417  480 4
-295.312  0.139942  343 4
12.44  0.252427  927 6
62.632  0.349315  1168 4
-52.496  0.258212  1096 4
-4.192  0.229219  794 6
-1.824  0.257376  1593 6
67.456  0.313887  1217 6
8.832  0.228211  4601 4
287.648  0.366359  868 4
17.216  0.214464  2005 4
-215.08  0.248485  1155 4
55.904  0.34799  2388 4
155.176  0.340055  1091 6
-282.968  0.25741  641 6
-392.264  0.27345  629 6
54.728  0.344872  3091 6
-76.144  0.256356  472 4
307.264  0.225592  1352 4
-228.488  0.223242  654 6
-244.032  0.24463  3119 6
50.096  0.360429  2891 6
58.432  0.379599  1196 4
98.248  0.374474  713 4
-274.072  0.203103  709 4
-137.872  0.170426  399 4
6.128  0.25214  1519 4
-238.032  0.25  540 4
-318.768  0.262717  1553 4
7.344  0.257472  3647 4
6.904  0.255561  5889 4
81.752  0.345185  675 6
93.288  0.269316  453 4
61.296  0.353027  2048 6
-390.552  0.232704  795 4
75.968  0.222222  630 6
64.536  0.359466  1199 4
-251.064  0.269528  1165 4
13.392  0.258439  1896 4
295.224  0.237866  2287 4
-56.328  0.270237  803 6
15.968  0.212534  367 6
6.496  0.274406  379 6
11.536  0.269144  888 6
-378.544  0.253695  406 4
49.616  0.328832  2740 4
-212.368  0.227785  799 6
274.28  0.221884  658 6
12.408  0.231818  1540 4
163.016  0.342911  1601 6
-114.88  0.234168  679 6
112.592  0.27739  2008 6
60.96  0.218391  696 6
-311.56  0.265945  831 4
-46.816  0.230883  1347 4
149.424  0.244938  3605 6
-345.56  0.228169  1775 4
8.84  0.246356  1372 6
287.168  0.243023  860 4
137.312  0.359804  1020 4
174.68  0.247426  3205 4
69.336  0.359211  760 6
-257.792  0.253378  2072 6
72.696  0.391489  470 4
255.416  0.247818  1719 6
106.8  0.202335  771 6
80.72  0.3712  625 4
52.672  0.336232  1035 6
11.424  0.221113  701 4
-330.256  0.245642  1893 4
-0.216  0.263636  770 6
54.952  0.382133  2541 6
-1.28  0.248011  2262 6
13.896  0.241126  817 4
58.824  0.368889  1800 4
-345.872  0.0983051  295 4
107.904  0.242673  1706 4
-389.592  0.264151  742 4
69.232  0.355838  1259 6
-2.784  0.257763  15169 6
66.456  0.348162  1551 6
69.608  0.374269  2052 4
0.192  0.253116  2086 6
-2.968  0.237826  1417 4
208.376  0.352601  692 6
72.504  0.39501  962 4
-2.032  0.252796  894 6
-0.688  0.224949  489 6
165.312  0.205275  872 6
-252.184  0.227848  474 6
-258.016  0.223698  979 4
12.344  0.198594  569 6
-5.544  0.256957  1078 4
54.784  0.324474  2897 4
-351.024  0.254601  652 4
56.824  0.389513  534 4
-1.704  0.241463  1640 6
-340.784  0.239316  1170 6
59.344  0.341071  2111 4
161.632  0.233965  1372 4
-128.248  0.28  375 4
142.144  0.365242  1755 4
173.248  0.205273  531 4
-52.832  0.245902  366 6
148.056  0.248208  1116 4
-273.12  0.261468  654 4
9.008  0.247312  2139 4
16.44  0.220217  554 4
59.16  0.317693  1023 6
13.936  0.214623  424 6
-3.632  0.254839  930 4
3.64  0.258467  1122 4
56.384  0.333652  3141 4
35.464  0.249155  3255 6
111.328  0.363095  1848 6
-2.624  0.274527  1111 6
-228.168  0.231504  838 4
-59.08  0.21978  637 4
57.848  0.32367  2518 4
-202.424  0.257096  1832 6
-97.128  0.2167  503 6
66.832  0.392941  850 4
-258.872  0.239035  456 4
-21.856  0.19697  396 6
54.512  0.323838  3054 6
274.128  0.366525  472 4
89.736  0.267432  1133 4
54.4  0.35538  2026 6
67.456  0.338965  947 4
53.072  0.337728  986 6
55.224  0.367626  2051 4
81.752  0.369449  563 6
-174.864  0.238636  968 4
56.544  0.322942  2855 6
-120.728  0.192308  390 4
287.624  0.268234  1659 4
173.576  0.230201  1490 4
-292.544  0.249431  878 6
1.536  0.258246  3911 6
184.4  0.257897  10194 4
-89.84  0.273063  542 4
16.344  0.257996  469 4
-230.144  0.221614  731 4
-161.28  0.266187  973 4
16  0.249064  534 4
45.544  0.242408  1877 4
-369.784  0.23771  1485 4
143.128  0.239394  2310 4
3.8  0.253185  2433 4
232.952  0.232594  1307 4
37.36  0.256979  1218 6
66.232  0.365687  1906 4
-280.704  0.210312  737 6
69.984  0.377478  1261 4
12.408  0.229372  1321 4
302.992  0.200276  724 6
58  0.366626  1642 4
-328  0.25618  445 4
55.152  0.362162  2405 4
221.608  0.25731  1881 4
55.28  0.319249  1704 4
-366.064  0.202811  498 4
0.672  0.182099  648 4
201.992  0.332743  565 4
67.816  0.341661  1481 4
288.096  0.390097  828 6
-131.472  0.283276  586 4
188.512  0.242014  1033 4
58.032  0.333649  2110 4
17.312  0.164865  370 4
77.152  0.364807  699 6
38.04  0.173228  508 4
67.864  0.346939  1617 6
-183.136  0.246832  1973 6
24.464  0.261614  409 4
69  0.205624  569 4
13.92  0.284703  706 4
16.808  0.19137  533 4
287.28  0.230874  732 6
-381.688  0.263982  447 4
-254.792  0.260363  772 4
7.856  0.22659  865 6
-151.608  0.231598  1114 6
73.792  0.351037  1205 6
149.784  0.404551  791 4
59.56  0.387366  839 4
-203.048  0.234043  846 4
72.624  0.356436  707 4
15.12  0.0818505  281 4
-67.224  0.246801  547 4
72.68  0.360766  1045 6
54.256  0.327483  2849 4
-377.216  0.24359  468 4
17.656  0.240291  412 6
-3.8  0.2325  800 6
11.08  0.248247  2139 6
0.456  0.170264  834 6
15.752  0.214286  504 4
-128.136  0.399232  521 6
58.896  0.344554  2644 6
15.784  0.139535  344 4
230.656  0.367781  658 4
59.216  0.337642  1934 6
63.496  0.319672  1464 4
-98.904  0.252868  2092 6
122.472  0.237363  455 4
10.4  0.254464  2688 4
-105  0.207317  410 6
-79.064  0.207547  477 4
0.216  0.276042  576 6
67.36  0.371429  1470 6
-68.584  0.193299  388 4
67.912  0.385542  830 6
-271.656  0.263821  1429 6
-278.8  0.275046  1647 6
9.488  0.23913  828 6
125.496  0.241848  736 4
125.408  0.304781  502 4
145.408  0.212695  898 6
-265.2  0.246937  1551 6
-358.936  0.246622  1184 6
-375.488  0.234717  1325 4
14.216  0.27553  519 6
84.624  0.385417  672 6
69.16  0.363054  1716 6
11.848  0.227656  593 4
65.464  0.261149  2489 4
13.12  0.197222  360 4
18.064  0.175711  387 6
58.32  0.349442  2421 4
-190.96  0.265495  1081 6
0.112  0.24236  1898 6
-302.064  0.25394  571 6
-1.424  0.258333  1680 4
0.848  0.238007  542 4
6.832  0.256586  15336 6
73.72  0.365224  1317 6
6.128  0.149545  16383 4
190.56  0.34315  781 4
67.888  0.394879  1484 4
-200.12  0.242023  3855 4
-110.968  0.237149  1459 4
