12.375  0.266914  1345 4
7.14  0.255276  2938 6
12.889  0.229665  627 6
69.782  0.32437  595 6
58.533  0.330986  1704 4
134.859  0.250298  2517 4
16.516  0.27553  519 4
-244.626  0.244138  725 4
-369.21  0.239637  1761 4
-0.376  0.144254  409 4
9.93  0.261566  4993 4
195.836  0.390852  481 6
253.188  0.366102  590 4
-291.515  0.268549  1523 6
54.336  0.341104  3260 4
-5.329  0.208451  710 4
-300.218  0.241611  596 6
76.093  0.312834  748 6
77.155  0.389972  718 4
17.641  0.189845  453 4
-86.656  0.208443  379 4
-358.779  0.250554  902 4
-7.281  0.215768  482 6
96.734  0.253234  2010 6
56.5  0.345917  2278 4
16.546  0.285981  535 4
-380.188  0.273159  421 4
316.328  0.363057  1256 6
241.205  0.352052  1389 4
235.719  0.274155  828 4
123.202  0.374429  1095 4
-136.751  0.343023  516 4
-241.405  0.183044  519 6
62.218  0.38953  1127 4
13.906  0.314214  401 6
12.046  0.208291  989 4
17.249  0.247166  441 4
-129.914  0.0817311  16383 4
-209.156  0.231198  718 4
-178.72  0.274102  529 6
4.051  0.248835  12872 6
-1.11  0.233569  1841 4
-210.345  0.256065  742 6
13.891  0.20888  991 4
68.672  0.35706  1714 6
221.61  0.244085  2409 6
-260.672  0.258481  619 4
62.358  0.339521  1670 6
-316.891  0.245627  1315 4
64.109  0.3618  1089 6
247.533  0.362595  1048 4
20.719  0.0936556  331 4
-256.875  0.252644  1702 6
53.304  0.332903  3100 6
56.516  0.365501  1658 4
64.251  0.349699  1161 4
169.718  0.386719  1024 4
4.743  0.257031  2560 4
-113.514  0.268405  1304 4
-126.11  0.239326  890 4
-87.227  0.22807  1767 4
-5.047  0.273279  988 6
-310.734  0.256043  1117 4
1.72  0.260779  4337 4
151.951  0.203313  664 6
263.641  0.36966  1147 4
-3.086  0.254124  9397 4
-99.313  0.258003  1562 4
56.5  0.329083  2039 4
156.97  0.25779  706 6
13.079  0.230918  1035 6
15.639  0.292135  445 4
-280.47  0.235363  1708 6
66.61  0.397083  617 6
56.953  0.338684  1246 4
-13.469  0.234647  2182 6
-348.25  0.198966  387 4
268.359  0.35942  690 4
-217.048  0.27888  857 4
287.062  0.368932  927 4
-122.126  0.215405  1532 6
39.133  0.235317  2571 4
-86.297  0.244253  1392 6
15.024  0.228778  3593 6
18.796  0.249548  553 4
78.938  0.336709  790 4
6.089  0.246086  8879 4
53.157  0.352839  2888 4
-394.547  0.201133  353 4
70.594  0.255474  1781 4
101.641  0.201693  709 6
11.953  0.209877  810 4
14.11  0.216641  637 6
-24.485  0.252165  1848 6
11.936  0.116923  325 6
69.39  0.366327  980 4
69.499  0.341064  733 4
59.046  0.357057  1658 6
-2.828  0.232472  1626 4
147.047  0.276291  1046 4
73.249  0.237819  862 4
14.125  0.217544  570 4
-41.922  0.23931  2900 6
-287.084  0.254107  1948 4
-70.828  0.212329  730 6
66.969  0.348519  878 6
-14.124  0.195335  343 4
14.702  0.230909  550 6
49.962  0.329419  3321 4
173.743  0.241798  823 4
96.859  0.337272  1862 4
-197.502  0.228635  901 4
-43.798  0.263216  908 6
-330.828  0.355882  1020 4
49.655  0.395515  981 6
-98.686  0.241514  766 6
-202.454  0.244866  1266 6
59.096  0.34747  2075 6
54.502  0.34369  2092 6
60.969  0.362654  2035 6
-251.781  0.179954  439 6
-173.967  0.217949  468 6
56.782  0.350545  1375 6
-177.265  0.262108  1404 4
-134.383  0.241339  3435 4
-9.891  0  16383 4
8.749  0.250735  1021 6
-217.57  0.242637  713 4
-141.234  0.23687  933 4
-83.518  0.215434  622 4
280.749  0.211191  554 6
231.377  0.225339  1105 6
-135.531  0.22886  1088 4
51.78  0.346685  3620 6
-226.171  0.246928  1709 6
-0.467  0  16383 6
69.469  0.337316  1088 4
9.344  0.195506  445 4
103.265  0.207547  371 4
0.468  0.205607  642 6
60.548  0.357229  2497 4
212.311  0.261723  1834 4
17.275  0.230971  381 6
-11.312  0.360051  786 4
-206.516  0.275184  407 4
55.406  0.35755  1404 6
-392.562  0.216387  952 6
71.153  0.346021  867 6
-138.211  0.329735  3057 6
-298.413  0.181619  457 6
-142.764  0.244652  1496 4
247  0.383264  968 4
-152.485  0.248241  995 6
67.329  0.34657  554 4
299.296  0.209635  768 4
-177.829  0.268657  1407 6
14.953  0.204741  464 6
-183.157  0.221333  375 6
-301.812  0.245307  799 4
51.436  0.240234  512 6
-58.428  0.209838  1606 6
-313.532  0.261845  401 4
272.448  0.263694  4126 6
202.594  0.25081  1543 4
80.78  0.397536  893 6
109.608  0.249024  2305 4
99.468  0.351544  842 4
-5.134  0.23198  1970 6
-162.452  0.244854  1846 4
11.484  0.239264  815 6
3.968  0.256872  3274 4
100.876  0.204657  816 4
89.328  0.269767  430 4
-297.97  0.217021  470 6
-256.516  0.220529  1247 6
-108.89  0.248788  619 4
262.576  0.320285  562 4
55.922  0.335382  1139 4
139.32  0.359079  738 4
-4.236  0.254737  3694 4
-353.844  0.224315  584 6
14.452  0.201232  487 6
58.296  0.350967  2533 4
17.784  0.226908  498 6
15.922  0.227036  577 4
214.518  0.233645  856 6
-137.626  0.249509  1527 6
-233.236  0.230853  1841 6
-315.188  0.244465  1084 6
162.454  0.219638  387 4
123.688  0.24177  972 6
25.22  0.275862  638 6
-53.44  0.25066  379 6
8.984  0.227713  1032 4
14.492  0.240464  603 6
58.078  0.335361  2466 6
-82.006  0.246753  3850 4
68.872  0.336276  1246 6
-378.688  0.238298  470 6
-204.186  0.281879  447 6
55.796  0.352131  2252 4
-248.328  0.245191  3275 6
-292.42  0.253996  1126 6
57.72  0.375152  1642 6
-164.814  0.252893  605 4
57.932  0.326616  2878 4
81.422  0.363636  803 6
271.048  0.378819  982 4
-81.514  0.232719  434 4
262.952  0.328205  585 6
260.436  0.291603  655 6
9.53  0.263485  482 4
63.138  0.348197  2108 4
88.64  0.349693  489 4
83.194  0.232675  2785 6
266.828  0.229152  1379 4
-311.5  0.21875  1184 4
10.594  0.246021  1508 4
58.22  0.367208  1171 4
-172.642  0.224806  387 6
-59.144  0.25386  3951 4
15.248  0.215827  556 4
63.11  0.334862  1744 6
-289.954  0.35674  1595 6
-100.952  0.257392  1488 6
54.228  0.325171  2491 6
-166.812  0.122034  295 4
68.312  0.367882  878 6
-23.752  0.179612  412 4
-145.908  0.264368  348 6
15.226  0.214015  528 6
-37.64  0.258065  1333 4
16.842  0.246973  413 4
68.22  0.384242  825 4
59.998  0.361307  1132 6
7.5  0.219194  844 6
-68.876  0.245243  1892 4
-5.664  0  16383 6
306.718  0.208113  567 6
58.986  0.354523  2454 6
54.34  0.329965  3464 4
-120.78  0.271003  738 4
65.188  0.391667  1320 4
-168.19  0.180879  387 6
17.936  0.244389  401 6
61.796  0.216646  817 6
12.108  0.236667  900 4
-125.108  0.250226  2210 6
59.156  0.352778  720 4
81.18  0.323214  560 6
-256.406  0.2  520 4
79.22  0.398577  843 4
1.834  0.246462  3250 6
55.616  0.326054  3343 4
199.89  0.243443  1220 4
12.982  0.205345  711 6
76.392  0.233696  3312 4
70.702  0.263752  709 4
61.202  0.345734  2473 4
63.486  0.351092  1145 6
-352.626  0.135501  369 6
-308.102  0.227397  1095 6
-361.736  0.265766  888 4
84  0.307517  439 4
-284.704  0.21327  1055 6
-70.328  0.254902  1683 4
57.936  0.354251  988 6
62.844  0.356346  1883 6
-6.578  0.241887  2311 6
-3.19  0.225529  1512 6
59.814  0.35159  566 4
15.688  0.227749  382 4
75.11  0.387139  762 4
7.932  0.247255  6285 6
51.92  0.327869  1647 6
67.684  0.322884  1276 4
71.726  0.272446  646 4
-263.844  0.207207  777 4
210.81  0.297256  656 6
-307.812  0.241667  1080 6
14  0.229958  474 6
55.338  0.359697  2769 4
15.272  0.230769  494 6
13.86  0.24  450 6
99.248  0.38322  441 6
-214.452  0.250111  2259 4
78.734  0.351562  1024 4
2.718  0.176781  379 4
-92.15  0.224657  3423 4
281.388  0.247853  1747 4
15.688  0.241636  538 4
15.172  0.270677  399 6
3.874  0.240489  736 4
-257.608  0.258141  9274 6
-0.08  0.236064  1758 4
63.376  0.370613  1681 6
74.252  0.358051  944 4
60.954  0.348786  906 6
54.408  0.360931  1546 4
211.038  0.370465  1571 6
1.044  0.230469  1024 6
-32.752  0.378341  1459 4
14.798  0.288835  412 6
-64.296  0.252041  1837 4
58.874  0.359504  726 4
-116.686  0.256  625 6
56.814  0.337969  3092 6
274.08  0.235274  2869 4
-50.684  0.229759  457 4
-59.626  0.196347  438 4
-66.36  0.234332  1468 4
137.844  0.239035  912 6
60.468  0.3577  2435 6
6.47  0.252774  811 6
52.468  0.252521  4463 4
132.14  0.197068  614 6
82.844  0.430868  622 6
-385.914  0.223529  1785 6
16.492  0.216092  435 4
-255.69  0.203252  492 6
-165.548  0.261401  3355 4
-128.954  0.269811  1060 4
-361.5  0.365138  1090 4
11.748  0.248619  543 6
-197.718  0.278132  471 6
-132.296  0.225806  899 6
68.14  0.352797  1627 4
9.814  0.222011  527 6
-202.156  0.1491  389 4
-264.904  0.255162  678 4
7.884  0.242021  3603 6
-303.148  0.23477  2019 4
59.408  0.347772  1616 4
19.224  0.215223  381 4
47.204  0.193038  316 6
-66.976  0.248363  1985 6
66.984  0.347361  1497 4
314.812  0.245536  1120 6
11.64  0.242507  1101 4
277.64  0.233402  964 4
-232.436  0.220944  869 4
15.36  0.227778  360 4
10.344  0.222798  386 4
12.796  0.244898  588 4
1.876  0.233083  399 4
11.376  0.241891  1079 6
-6.672  0.246829  3942 6
170.188  0.333333  1056 4
7.232  0.208333  408 6
54.796  0.343545  914 6
299.564  0.339506  648 6
75.904  0.355958  663 4
175.048  0.236961  882 4
-77.876  0.215278  576 6
-270.384  0.248363  3970 4
52.144  0.350542  1937 6
60.608  0.355974  2017 4
176.376  0.250187  1339 4
17.36  0.182957  399 4
254.108  0.264039  1852 6
53.156  0.359223  618 6
306.436  0.355982  677 6
261.688  0.246517  1651 4
16.892  0.23608  449 6
-17.716  0.180624  609 6
227.608  0.357143  574 6
195.664  0.367188  512 4
74.436  0.353414  747 4
9.304  0.255831  2787 6
171.936  0.255579  2868 4
-0.672  0.23789  929 4
120.732  0.266055  436 4
-360.952  0.232  2250 4
-55.436  0.262599  754 4
-81.428  0.250923  813 4
227.22  0.240642  1870 6
57.392  0.330566  1927 6
240.404  0.228128  903 4
69.184  0.369243  1281 4
175.044  0.351168  1327 6
10.296  0.246336  2866 6
65.908  0.242342  1110 6
49.052  0.328867  3284 6
110.608  0.35888  2714 6
4.22  0.243208  2319 6
68.188  0.353203  1124 6
157.08  0.374741  483 4
54.168  0.325112  3811 4
-149.92  0.253984  1004 4
-279.452  0.235766  1247 6
98.076  0.149215  382 4
7.168  0.242494  866 4
-39.556  0.224861  1263 4
9.264  0.242321  1758 4
61.108  0.355399  1843 6
-167.816  0.231419  592 4
50.732  0.374728  2754 4
-258.672  0.295612  433 6
235.452  0.21048  1126 6
53.492  0.32802  3576 4
65.544  0.375684  1645 6
10.476  0.245413  3052 4
115  0.222266  2524 6
82.672  0.210329  1065 6
-74.516  0.25931  725 4
-258.064  0.252463  812 6
16.56  0.220676  503 4
-226.992  0.235582  1838 6
-145.204  0.225589  594 6
-228.016  0.170576  469 6
221.94  0.229545  440 4
72.64  0.375335  746 6
8.844  0.238661  926 6
-89.452  0.240025  1629 4
-26.892  0.230274  621 6
-316.484  0.18843  605 6
-125.764  0.242947  1914 6
86.028  0.32874  508 4
-90.7  0.344507  1611 6
-6  0.243781  2211 6
13.252  0.250784  638 6
-382.248  0.213223  605 6
-309.904  0.242945  815 4
-0.952  0.256724  1227 4
8.48  0.0720869  16383 4
140.28  0.211663  463 6
-6.06  0.213429  417 6
157  0.233628  565 6
13.828  0.218935  507 6
53.436  0.350835  2095 6
-10.36  0.235871  1734 6
3.564  0.268182  440 4
11.768  0.270658  1186 6
52.22  0.345026  1910 6
-385.936  0.136905  336 4
-0.94  0.16092  435 4
76.2  0.378004  1082 4
7.608  0.246002  3252 6
69.4  0.364086  1821 4
-70.468  0.197505  481 6
8.632  0  16383 4
82.892  0.354251  494 4
-250.064  0.253816  3538 4
63.232  0.343511  1703 4
59.592  0.350692  1229 6
4.936  0.252564  4387 4
10.368  0.230195  2411 6
-154.876  0.258297  693 6
83.076  0.379616  677 6
-322.568  0.241812  2473 4
66.296  0.361204  897 4
85.468  0.365931  634 4
15.904  0.257053  638 4
61.736  0.359676  1607 4
-1.032  0.107123  16383 6
53.764  0.338545  3326 6
-252.408  0.306056  611 4
81.16  0.314118  850 4
-4.316  0  16383 4
62.844  0.34142  2226 4
2.732  0.0405909  16383 4
61.404  0.316027  443 6
-67.748  0.294737  570 6
-334.012  0.213971  1360 6
59.296  0.350199  1759 4
68.688  0.326645  1246 6
62.84  0.351316  760 4
-1.176  0.243622  784 4
73.048  0.398795  830 4
-295.596  0.270833  432 4
72.892  0.36087  920 4
-189.044  0.237206  1446 4
-340.204  0.24569  464 4
54.06  0.328866  2910 6
-186.78  0.226115  628 6
-176.56  0.288309  881 4
201.344  0.244813  482 4
62.236  0.334965  1430 6
-115.872  0.259722  720 6
-221.076  0.256184  1132 6
-3.452  0.23375  800 4
-140.02  0.228487  674 4
-1.356  0.0480376  16383 4
279.604  0.251756  1708 6
219.72  0.212766  423 6
67.332  0.340056  1438 6
8.748  0.211886  387 4
-1.544  0.260256  12676 6
8.532  0.249573  585 6
64.924  0.33126  643 4
308.56  0.249649  713 4
-349.008  0.243697  714 4
-387.44  0.206696  687 4
-151.808  0.25  540 6
74.376  0.373646  554 6
-343  0.245059  2277 4
-0.344  0.24586  3563 4
69.252  0.354536  959 6
-330.312  0.212938  1113 6
10.148  0.24273  4058 6
70.312  0.381818  1100 4
10.38  0.239561  2826 4
163.108  0.295775  497 4
-228.156  0  16383 6
-65.188  0.275109  458 6
-144.268  0.262433  1307 4
14.124  0.226879  692 4
259.652  0.373099  855 6
-160.096  0.2527  463 4
10.688  0.118483  422 4
-28.468  0.178707  526 4
-53.108  0.248999  1249 6
155.572  0.371901  726 4
-378.312  0.226087  575 4
14.648  0.227545  501 6
81.296  0.343852  919 6
-0.236  0.262357  1052 6
-189.2  0.231989  1513 4
54.892  0.228171  1214 6
-134.88  0.252602  2498 6
-277.184  0.243956  455 6
-1.172  0.239196  995 6
147.816  0.378472  576 4
-91.548  0.23176  1631 4
56.704  0.381056  1383 6
58.456  0.385641  975 6
207.648  0.371328  851 4
67.704  0.364222  1241 6
144.128  0.214286  532 4
57.6  0.247384  3727 4
59.392  0.366162  1188 4
58.496  0.38057  1122 6
125.36  0.244172  815 6
60.436  0.343958  2698 6
-237.656  0.381988  644 6
-168.124  0.155224  335 4
-324.128  0.202186  366 4
15.732  0.0997305  371 6
77.108  0.366528  723 4
-226.888  0.262477  1082 6
-366.252  0.236957  460 6
-24.156  0.284232  482 4
-1.608  0.240767  1408 4
74.98  0.338855  1328 4
-258.344  0.245098  408 4
-119.172  0.25698  1934 4
-6.94  0.255856  3330 6
-256.92  0.247967  738 6
54.424  0.337355  2072 4
3.152  0.253695  406 6
75.056  0.358402  851 6
-352.888  0.237938  2114 4
75.592  0.361493  509 4
16.516  0.251376  545 4
73.252  0.342546  1194 6
200.936  0.238727  754 4
68.052  0.351279  743 4
-309.752  0.214854  377 6
-194.996  0.264392  1407 4
-341.748  0.221996  491 4
10.676  0.221402  813 4
-181.296  0.212268  1239 4
-275.032  0.232804  567 4
57.952  0.337607  1404 4
50.148  0.348571  3500 6
236.608  0.226316  570 6
134.172  0.238776  490 6
-178.372  0.258993  556 6
-104.64  0.245686  2434 4
-278.032  0.174098  471 4
-137.784  0.194301  386 6
13.048  0.217228  534 4
-300.764  0.223549  586 4
-133.824  0  16383 4
60.548  0.395574  723 6
5.984  0.257094  13991 4
-128.112  0.264298  1801 4
52.076  0.378431  1530 4
5.844  0.217484  469 4
-242.624  0.193732  351 4
-6.716  0.218225  417 4
8.28  0.252174  1265 6
-304.42  0.191011  356 6
240.344  0.22906  585 4
-248.968  0.260784  1020 4
0.484  0.22633  1109 4
181.004  0.249238  1312 4
270.108  0.238095  1113 4
316.268  0.356695  956 4
9.72  0.261682  1070 4
-31.188  0.266667  450 4
57.5  0.340343  1807 4
-199.608  0.197368  532 4
16.248  0.202652  528 4
133.8  0.361944  967 6
-309.608  0.270588  425 4
-105.436  0.216049  648 6
-1.516  0.235788  1073 4
-305.06  0.266667  690 4
179.392  0.322946  706 4
52.168  0.232227  844 4
-326.232  0.270769  650 4
129.484  0.358899  2034 6
284.716  0.286585  492 6
143.624  0.394973  557 6
261.412  0.212291  716 6
-392.08  0.255985  1086 4
276.592  0.227642  615 6
-312.532  0.197318  522 6
77.832  0.308824  952 4
-4.172  0.250132  1891 6
60.936  0.360577  1872 4
53.8  0.368227  2436 6
56.344  0.324633  1839 4
-233.548  0.248518  2193 4
15.016  0.246212  528 6
-189.872  0.241436  613 4
152.248  0.151832  573 4
-184.704  0.240979  776 6
4.804  0.259073  4381 6
20.56  0.263221  832 4
-79.532  0.233385  647 4
-44.952  0.242504  1134 6
-309.124  0.247389  1819 4
15.876  0.174387  367 6
-212.936  0.209581  668 4
-250.376  0.23062  516 4
79.56  0.35284  581 4
7.688  0.222222  612 4
-308.94  0.237754  837 4
24.236  0.239583  1056 6
70.188  0.339572  1122 4
6.872  0.252112  3907 4
11.544  0.270896  993 6
-240.424  0.248418  632 4
4.72  0.23563  2627 4
-109.216  0.257642  458 6
31.176  0.248366  1836 6
57.488  0.369781  2012 4
61.328  0.377074  1326 4
54.544  0.36514  2599 4
-292.344  0.261071  1513 4
8.008  0.249933  3713 6
66.216  0.378965  599 6
266.504  0.219378  547 4
-1.968  0.27907  645 4
-256.312  0.235374  735 6
72.48  0.337365  1571 6
81.952  0.266614  1264 4
-231.28  0.247126  696 6
-5.176  0.230126  1195 6
68.672  0.36212  1019 4
-252.552  0.221138  1230 4
51.128  0.365179  1120 6
-159.184  0.238289  491 6
204.32  0.249191  618 4
-130.312  0.226682  847 4
58.032  0.353503  1256 4
-235.328  0.254341  979 6
85.872  0.278863  563 6
63.688  0.328782  1831 6
-282.048  0.25  1248 4
70.952  0.384562  1438 6
132.032  0.3  450 4
-188.44  0.229167  576 4
-370.28  0.262897  1008 6
-99.888  0.237952  996 6
53.32  0.351806  2797 4
-123.624  0.17801  382 4
71.896  0.228663  2484 4
-4.272  0.261074  1490 6
93.392  0.24052  923 4
70.464  0.362283  1209 4
12.376  0.263986  572 6
-344.672  0.211566  709 6
70.44  0.225948  686 4
301.856  0.240331  1086 4
91.032  0.358974  780 6
63.544  0.344262  1281 6
-31.592  0.221311  488 4
-106.672  0.246585  2928 4
166.008  0.263039  14112 4
8.544  0.252099  10841 4
-223.88  0.22542  834 4
198.2  0.256223  683 4
-385.296  0.238165  2049 6
-397.168  0.233962  1060 6
109.376  0.256711  596 4
-179.16  0.22483  1321 6
56.28  0.376511  579 4
-21.984  0.229385  667 6
2.304  0.233962  795 4
86.448  0.319945  722 6
-251.192  0.248132  1338 4
-234.992  0.347495  918 4
9.408  0.24558  509 4
83.4  0.218646  901 6
15.84  0.268519  540 6
9.088  0.26734  3864 6
-336.656  0.279468  526 4
61.64  0.329358  1090 6
296.328  0.235683  454 4
203.816  0.243781  804 6
-162.112  0.260516  737 6
-369.456  0.234455  981 4
52.744  0.353758  2448 6
74.496  0.311558  796 6
-280.592  0.277439  656 6
-380.656  0.236677  638 4
8.896  0.255863  2388 4
125.736  0.358938  1393 4
-189.056  0.326931  4686 6
-279.216  0.232831  597 4
276.064  0.242574  404 6
-209.656  0.243259  1706 6
-21.656  0.227433  853 4
81.112  0.212587  715 6
75.408  0.383313  827 4
57.288  0.364074  1453 6
-356  0.235294  612 4
262.232  0.274866  1488 6
-16.848  0.231405  484 4
-2.552  0.232789  1409 6
-275.112  0.253086  648 4
215.888  0.366023  1295 4
-266.2  0.333786  3685 6
23.536  0.270115  522 4
64.896  0.364258  1024 6
18.44  0.229209  493 4
65.104  0.404027  745 4
185.696  0.252201  1590 6
72.488  0.343811  1018 4
10.024  0.234317  2407 4
-255.376  0.262592  2045 6
17.528  0.193084  347 6
12.512  0.231856  1557 4
49.128  0.272311  437 6
58.096  0.406475  556 4
