-104.436  0.163855  415 4
-51.235  0.237867  1669 6
160.422  0.362375  1297 4
-75.352  0.239006  4025 6
59.376  0.352647  1001 4
259.999  0.227603  413 6
215.75  0.343268  1946 6
-327.968  0.23912  1999 4
13.937  0.22449  588 6
-116.22  0.210526  627 6
-4.646  0  16383 6
57.922  0.360562  2277 6
-338.188  0.236032  877 4
61.171  0.404468  1298 6
283.171  0.222408  598 6
13.874  0.235049  719 4
57.952  0.335087  1901 6
16.977  0.243767  361 6
16.781  0.190736  367 6
-258.749  0.258755  514 4
15.143  0.262104  599 4
12.125  0.219638  387 6
69.311  0.350988  1265 6
88.68  0.340217  920 4
14.78  0.275862  493 4
8.555  0.237288  2183 4
-9.251  0.260913  1008 4
53.969  0.342439  1025 4
13.861  0.161417  508 6
227.747  0.375  1768 4
72.499  0.346113  939 4
303.516  0.250168  1487 4
-0.391  0.233894  714 6
32.689  0.230047  852 6
13.468  0.191781  511 6
-26.648  0.234905  1209 4
57.313  0.379464  1120 4
61.351  0.360849  1272 4
-39.39  0.178922  816 6
83.312  0.278539  438 4
69.922  0.349244  1257 4
-111.486  0.233687  1318 4
64.547  0.360917  1571 6
-313.53  0.241127  958 4
55.204  0.381657  1014 4
197.085  0.3  1900 4
7.78  0.248146  8765 6
12.015  0.250453  1657 6
58.391  0.351433  1326 6
76.015  0.276639  976 6
-382.999  0.20367  545 4
-310.639  0.207254  386 4
-95.08  0.227775  1901 4
-384.952  0.25895  838 6
-379.233  0.20938  597 6
-59.359  0.26494  1004 4
-138.392  0.255411  924 4
12.892  0.230237  1012 4
-171.953  0.257488  1903 6
284.001  0.240725  1213 4
63.765  0.354252  1705 4
-341.937  0.228672  1137 4
-1.08  0.257117  7658 4
62.094  0.347206  1682 6
0.124  0.204322  509 6
-1.601  0.120613  16383 6
127.515  0.287561  1238 6
16.468  0.226667  375 6
9.023  0.252243  1895 6
84.797  0.362477  549 4
63.297  0.331897  2088 6
-113.826  0.245187  987 4
-11.233  0.186084  618 6
54.592  0.263098  878 6
68.374  0.390052  764 6
66.67  0.35725  669 6
-99.703  0.22643  1241 6
5.899  0  16383 6
-267.797  0.239155  899 4
-22.656  0.196429  336 6
67.595  0.346774  744 4
-386.657  0.267474  1073 4
-192.5  0.235908  479 6
54.079  0.33165  1782 6
-2.241  0  16383 4
144.156  0.363719  1097 6
17.28  0.142029  345 6
228.11  0.392662  1281 4
12.72  0.261813  1291 4
15.734  0.253731  469 6
-282.157  0.234043  423 4
71.656  0.397924  578 6
53.031  0.333426  3590 6
62.485  0.342949  624 4
17.389  0.207161  391 6
-184.282  0.218954  612 6
-309.124  0.255814  602 6
3.868  0.247825  4713 6
61.781  0.346845  1949 6
16.764  0.224274  379 6
58.812  0.371083  1404 4
-91.579  0.223849  478 4
10.595  0.214178  663 4
54.618  0.36143  2266 4
8.405  0.256813  1908 4
12.656  0.214674  368 6
16.811  0.184573  363 6
64.639  0.327138  1345 6
15.625  0.241379  522 6
-90.859  0.243813  1899 6
-324.658  0.213514  370 4
-378.907  0.235751  386 4
18.984  0.138889  324 4
14.593  0.198864  352 6
54.594  0.36245  996 4
-249.603  0.23719  1210 6
-388.062  0.25  380 4
60.665  0.341746  2417 6
4.048  0.230665  4422 6
67.8  0.368726  1554 4
-66.548  0.267699  904 6
235.657  0.246259  1604 4
-240.877  0.237603  484 4
-7.234  0.218962  443 4
17.595  0.269417  412 4
153.876  0.337187  519 4
80.344  0.235593  590 4
-268.139  0.246774  620 6
-64.625  0.202439  410 4
10.875  0.191617  334 4
-183.41  0  16383 6
207.687  0.219619  683 4
-6.102  0.250479  3653 6
-5.946  0.24861  2518 4
9.687  0.243486  1113 4
14.439  0.247113  433 4
65.225  0.337535  2142 4
-324.093  0.259511  736 4
-86.975  0.263215  14794 4
194.359  0.363281  512 6
14.874  0.203905  461 4
96.592  0.367424  528 6
54.672  0.380359  2566 4
9.867  0.251591  3299 4
-353.189  0.219212  406 4
-362.122  0.170673  416 4
313.195  0.198246  570 6
-286.077  0.345474  1867 6
-0.822  0.260407  4516 4
-187.046  0.270059  511 4
9.093  0.24854  2740 4
297.406  0.375765  817 4
190.265  0.224679  1402 4
11.828  0.255362  3497 4
-21.499  0.136729  373 4
128.54  0.229868  2049 4
-333.282  0.209979  481 6
24.906  0.238994  636 6
63.89  0.341763  1384 4
-63.571  0.228908  1529 4
61.783  0.405753  1634 4
130.702  0.246914  972 4
-82.799  0.241906  1637 4
58.437  0.339785  465 6
-204.921  0.250497  503 4
17.476  0.211382  369 4
225.42  0.201517  923 4
-262.748  0.248555  2422 6
62.272  0.355781  1678 4
217.844  0.379004  562 4
1.072  0.243307  5976 6
-234.11  0.237209  1075 6
84.502  0.386534  802 4
72.766  0.38724  674 6
53.626  0.347538  2863 4
59.764  0.344065  2081 6
69.436  0.367313  1187 4
63.36  0.37212  1693 6
-129.452  0.203349  836 4
174.936  0.213075  413 6
-196.492  0.219895  573 4
68.188  0.371812  1490 6
-148.996  0.230583  412 4
300.548  0.240446  628 6
5.14  0.245056  2832 4
51.31  0.349349  2227 6
281.968  0.336627  3036 4
11.968  0.219955  441 6
70.216  0.360965  953 6
15.938  0.264317  681 6
256.57  0.25822  2494 4
54.236  0.335886  2742 4
-87.522  0.26848  2611 6
14.062  0.275794  504 6
69.164  0.363481  1172 6
-376.436  0.22415  1441 4
144.796  0.213725  510 4
12.626  0.228133  1109 4
57.374  0.33565  3021 6
6.108  0.246982  1988 6
60.952  0.294614  1541 6
-155.624  0.266015  921 6
-322.798  0.194245  417 6
-195.046  0.235294  578 4
-365.484  0.150895  391 6
58  0.377327  1182 4
-2.874  0.251824  11516 4
5.788  0.242394  2005 4
54.936  0.326372  3208 4
162.124  0.242188  384 6
79.064  0.347826  782 6
13.938  0.269663  534 4
71.156  0.358744  1561 6
9.656  0.241758  910 6
25.266  0.244432  1841 6
-61.064  0.161172  546 4
44.312  0.213675  351 4
7.172  0.236296  1350 4
19.296  0.239867  1801 4
15.08  0.168116  345 4
220.768  0.235872  407 4
22.516  0.258491  530 4
65.468  0.397622  757 6
-128.982  0.219282  529 4
5.486  0.250819  5801 6
82.876  0.241848  1104 6
129.874  0.36849  768 4
21.86  0.234818  741 6
11.064  0.25258  2035 6
154.502  0.374337  943 4
-149.876  0.240476  420 4
9.392  0.241182  2268 4
-301.908  0.241911  1298 4
-10.67  0.253982  2260 4
-311.212  0.243056  864 6
-105.968  0.218688  1006 6
230.654  0.225734  443 4
-0.064  0.193622  439 6
13.064  0.273622  508 6
55.658  0.3427  1637 6
-258.484  0.272222  720 6
-250.312  0.212727  550 6
61.656  0.366379  1856 4
15.178  0.217726  519 4
-95.016  0.257469  1138 4
53.596  0.234973  549 4
69.45  0.349345  916 4
-8.46  0.436451  1251 6
94.312  0.379276  994 4
-260.704  0.200828  483 4
81.234  0.222678  732 6
54.9  0.341835  3607 4
55.094  0.34078  2641 4
158.42  0.215976  1352 4
69.71  0.347684  1835 6
7.756  0.248649  3330 6
-2.874  0.235546  467 6
-14.124  0.278157  586 4
32.998  0.229789  2041 4
-365.72  0.222052  653 4
65.388  0.354769  1384 4
4.618  0.262369  5134 4
-3.078  0.031374  16383 6
80.532  0.336898  561 4
53.5  0.335023  2564 6
272.516  0.311124  1726 4
-93.156  0.226056  1420 6
20.624  0.2  625 4
-305.108  0.25  1060 6
17.734  0.234082  534 4
58.938  0.359233  991 6
-338.812  0.272727  847 4
-73.156  0.261773  722 6
53.732  0.329693  1923 6
14.846  0.191589  428 4
73.784  0.365812  585 4
-274.234  0.273405  1207 6
-238.812  0.170426  399 4
-250.344  0.273118  465 4
71.312  0.364972  885 4
-322.624  0.297655  981 4
64.484  0.363753  1556 6
303.046  0.245827  1977 6
-331.048  0.251969  381 6
-42.86  0.2025  400 6
-356.516  0.250354  1414 4
-108.782  0.257448  1779 6
9.688  0.244971  3331 4
-146.046  0.23587  1327 4
16.578  0.214737  475 6
77.188  0.23412  551 6
101.982  0.24493  1282 4
9.548  0.251331  2630 6
13.594  0.301711  643 4
-164.032  0.260057  696 4
315.986  0.228599  1028 4
9.468  0.218935  338 6
54.904  0.356314  1552 4
73.892  0.320707  792 4
54.96  0.240729  3182 4
71.602  0.41  800 6
-321.578  0.256581  3001 6
-323.436  0.25463  1080 4
-237.312  0.196262  642 4
0.702  0.265825  15687 4
-384.064  0.237629  1940 4
242.094  0.242718  824 4
17.344  0.198473  393 6
51.1  0.314325  4314 6
-65.898  0.233611  1922 6
159.39  0.36532  1188 6
-158.708  0.260492  691 4
73.564  0.322813  1109 4
3.938  0.27116  638 4
51.996  0.332913  3169 4
72.28  0.37861  935 4
-338.392  0.194125  783 6
15.248  0.251613  465 6
129.832  0.250467  1605 4
-389.908  0.214801  1108 4
13.624  0.215777  431 4
242.092  0.231206  705 6
-12.656  0.214437  471 6
293.952  0.249696  1646 4
15.78  0.212048  415 4
-370.252  0.25323  387 4
-271.344  0.181614  446 4
-96.82  0.240829  2317 4
-95.128  0.268473  812 6
-2.316  0.227969  522 4
67.324  0.380952  546 6
65.08  0.337824  1930 4
-132.72  0.262984  1213 6
53.352  0.312051  2647 6
-251.188  0.230769  663 4
65.08  0.309068  783 6
-80.468  0.220183  545 4
14.488  0.236025  483 4
10.024  0.247172  3536 4
67.032  0.375  1312 6
4.936  0.20298  537 4
-266.884  0.234804  2879 4
136.58  0.208852  723 4
-367.012  0.248785  1029 6
54.4  0.375449  1393 6
12.716  0.232033  487 6
-289.04  0.238558  2163 4
-112.72  0.180328  427 4
-196.124  0.248404  1723 4
-290.08  0.243048  1798 4
58.42  0.347321  1120 6
-125.076  0.188912  487 6
-274.5  0.21875  384 6
18.404  0.206349  315 4
57.408  0.372052  1145 6
-324.72  0.222222  441 4
61.58  0.350331  2118 4
260.108  0.243357  1656 6
11.844  0.238596  855 4
23.108  0.313002  623 6
14.72  0.224329  633 6
71.784  0.369592  809 4
12.856  0.263271  2336 4
92.044  0.358491  689 4
-226.936  0.253154  1189 4
-111.564  0.233129  815 4
55.076  0.335915  2453 4
-1.764  0.239028  1276 6
-232.74  0.250608  822 6
-15.2  0.271596  1366 4
16.288  0.199115  452 4
8.388  0.241698  2921 6
70.268  0.326531  1176 4
-18.452  0.238038  1672 4
-143.144  0.2407  3602 4
65.16  0.39726  730 6
-302.688  0.228266  2059 6
53.276  0.34512  4016 4
12.764  0.231429  700 6
-201.784  0.361142  911 4
57.312  0.338798  915 4
7.092  0.255713  1619 4
65.532  0.336052  613 6
68.936  0.366931  883 4
-141.984  0.249623  1991 4
58.048  0.359071  1852 4
-285.108  0.215084  358 6
51.924  0.351449  2760 6
-3.096  0.197065  477 4
-162.296  0.229015  1096 4
-314.012  0.253568  911 4
-303.108  0.242574  404 6
-28.816  0.243416  1253 4
-301.612  0.236467  702 6
56.388  0.360037  2147 6
-166.08  0.242788  832 6
-277.596  0.224096  415 6
55.888  0.322899  2939 4
11.7  0.27825  823 4
-332.672  0.262522  1737 4
5.948  0.248554  12106 6
-267.924  0.24173  1179 4
-36.688  0.24017  1882 6
-103.392  0.240756  1217 4
-389.264  0.250202  1239 6
56.256  0.256634  3090 6
-299.032  0.258383  1014 4
67.484  0.367429  1486 4
18.672  0.259259  405 4
267.52  0.314236  576 6
-23.716  0.177966  472 6
3.248  0.227027  370 4
-378.764  0.246276  2014 6
156.252  0.350996  2208 4
61.408  0.231871  1117 6
-347.596  0.227799  1295 4
70.148  0.331944  1919 4
-3.44  0.23741  973 4
85.84  0.373494  747 4
60.812  0.339335  2166 6
64.7  0.388143  894 6
-149.704  0.361937  1177 6
157.076  0.27451  561 6
51.868  0.363463  2622 6
-53.672  0.230839  1109 4
52.344  0.330324  3545 6
70.456  0.399297  854 4
13.312  0.218274  788 4
5.096  0.201663  481 6
4.58  0.236181  1194 6
13.296  0.236364  715 4
13.98  0.25267  2715 4
-339.592  0.201309  611 6
14.608  0.248899  454 6
54.048  0.342455  1279 4
-175.952  0.252863  1135 6
17.688  0.200723  553 6
210.904  0.318393  647 4
62.048  0.355997  1309 6
282.668  0.258365  1823 6
277.148  0.229544  2261 6
16.44  0.229412  510 4
-1.952  0.258946  1537 6
-52.424  0.247649  638 4
68.032  0.374562  857 6
-365.532  0.256678  1722 4
-328.516  0.243697  1547 6
52.596  0.347584  538 6
-25.72  0.27125  800 4
-92.844  0.258993  1946 6
-353.908  0.23662  710 4
-340.496  0.274029  489 4
-181.764  0.25372  15793 6
75.828  0.361037  1119 4
-140.096  0.232409  469 6
6.712  0.238644  1563 6
64.908  0.326938  1251 6
51.772  0.322707  4078 4
58.672  0.351187  1979 4
7  0.2509  833 4
104.252  0.268197  1525 4
8.86  0.24475  2476 4
-52.96  0.238953  2444 6
2.312  0.201754  456 6
77.504  0.354945  910 4
-184.86  0.260049  1219 6
218.02  0.367045  880 4
62.288  0.325312  2161 6
2.656  0.213873  346 4
-118.388  0.189522  649 4
79.688  0.336565  722 6
62.688  0.228137  526 6
-152.28  0.224085  656 4
33.22  0.208633  973 4
15.972  0.187633  469 4
8.86  0.251462  1026 6
74.876  0.318898  762 4
8.984  0.240254  4566 4
-90.064  0.233708  445 6
55.204  0.346827  1828 4
-3.344  0.268102  511 4
49.188  0.397959  784 4
79.688  0.36061  721 6
-180.764  0.253074  976 4
8.968  0.252863  1135 6
17.436  0.188341  446 4
8.98  0.24696  1316 6
-309.2  0.233496  818 4
-311.876  0.276671  853 4
12.328  0.184149  429 6
74.468  0.354209  974 6
68.344  0.317959  1019 4
51.016  0.321994  2969 6
62.532  0.372154  1142 6
-312.452  0.248933  703 4
-86.048  0.261197  2389 6
11.64  0.220713  1178 4
-193.656  0.250389  643 6
-271.624  0.23348  1135 4
297.124  0.248047  512 4
109.532  0.241584  505 6
-333.452  0.239567  1941 4
10.016  0.244672  1173 6
-373.284  0.156398  422 4
60.196  0.356274  2383 6
-4.908  0.232362  1304 6
-171.092  0.227818  417 6
-111.284  0.225383  457 4
51.872  0.330657  1993 4
108.992  0.249457  1840 6
63.58  0.340347  1901 4
55.436  0.405465  1354 6
-258.304  0.244935  2764 6
-273.812  0.210843  830 4
274.532  0.258123  554 4
-330.524  0.0714286  336 4
-303.524  0.240977  2743 4
-16.876  0.234002  1047 6
4.56  0.227586  435 4
-99.68  0  16383 6
60.236  0.335277  686 4
-201.268  0.290809  729 6
12.156  0.235391  1215 4
129.372  0.200161  1244 6
89.204  0.261569  497 4
-255.264  0.254902  2805 6
9.788  0.235674  2478 4
-23.144  0.224894  707 6
53.568  0.340226  3095 4
148.736  0.358754  931 6
62.108  0.365643  1042 4
85.5  0.254098  610 4
7.188  0.0619545  16383 6
-102.596  0.179907  428 4
64.328  0.358898  1669 6
-128.156  0.227451  510 6
76.624  0.36  550 6
12.784  0.199659  586 6
17.188  0.172708  469 4
78.876  0.386189  782 6
84.048  0.354796  761 6
312.36  0.23816  739 4
10.5  0.233696  1472 4
2.844  0.26  500 4
-86.672  0.252649  1227 4
2.252  0.250441  567 4
67.752  0.282158  482 6
112.28  0.218094  619 6
-271.924  0.252024  988 4
63.188  0.314843  667 6
-296.656  0.216895  438 4
69.696  0.338066  1127 4
219.452  0.219262  488 6
-29.496  0.24594  1293 6
15.336  0.226337  486 6
-256.5  0.239594  1874 4
72.748  0.25759  1087 4
-7.772  0.246131  3295 4
150.316  0.25  408 4
61.016  0.364925  1340 4
61.936  0.416923  650 6
8.572  0.256753  3443 4
25.392  0.258321  2013 6
5.54  0.233816  3383 6
7.904  0.22479  476 6
-342.468  0.201717  466 4
66.268  0.341358  1620 4
71.536  0.346543  1186 4
71.204  0.379596  1088 4
232.544  0.245351  1936 6
102.06  0.265094  3180 6
127.612  0.219282  529 6
80.328  0.345455  550 4
-0.968  0.258765  7644 6
221.3  0.260819  855 6
5.528  0.272124  452 4
65.36  0.327048  1538 4
-268.22  0.216693  623 4
-126.608  0.200445  449 6
-219.936  0.253383  1330 6
-185.5  0.194831  503 4
-66.688  0.197766  16383 4
15.812  0.232409  469 4
11.3  0.24327  1003 6
-278.392  0.251689  5626 4
-18.84  0.274843  1117 6
-2.236  0.257943  3462 4
53.732  0.351187  1643 6
-347.452  0.260209  1053 6
-226.312  0.238095  945 6
66.252  0.356522  1265 4
122.392  0.339468  1467 6
-17  0.238095  378 6
9.548  0.279669  1087 4
209.252  0.379987  1529 6
62.336  0.257692  1820 4
-201.44  0.27115  1383 6
12.936  0.224057  424 4
85.156  0.366972  545 4
16.156  0.140244  328 6
111.596  0.24209  1359 4
-188.452  0.242672  2081 6
-387.204  0.245431  383 6
-381.624  0.24735  566 6
-177.468  0.233577  548 4
51.92  0.356478  3010 6
193.468  0.266881  622 4
-336.284  0.228814  708 4
-9.092  0.267961  515 6
99.908  0.233476  1165 6
-370.704  0.295195  437 4
15.152  0.239766  513 6
-89.468  0.204218  901 4
11.464  0.251761  568 6
60.424  0.358289  1122 4
12.468  0.221536  1458 4
-266.428  0.265079  630 4
2.688  0.230203  1629 6
52.864  0.359987  3114 6
56.676  0.324019  1503 6
59.564  0.280943  509 4
53.704  0.349791  2390 4
303.016  0.221681  821 6
-114.608  0.249392  822 4
54.6  0.361524  1549 6
-179.688  0.257127  1754 6
21.936  0.232033  487 4
14.576  0.215839  644 4
-127.936  0.26978  771 4
11.632  0.235075  1608 4
4.728  0.229085  1279 6
17.224  0.226933  401 4
77.976  0.329887  1064 4
14.136  0.241423  787 4
-133.864  0.244552  2065 6
-211.248  0.226161  818 6
8.36  0.246383  2212 6
-0.528  0.252924  684 4
1.296  0.252591  3666 6
52.776  0.36164  683 6
68.088  0.371864  1116 6
12.264  0.243017  716 6
60.648  0.34914  1919 4
15.864  0.258398  387 6
-96.528  0.233796  432 6
133.28  0.360129  622 6
156.808  0.359492  1338 4
104.52  0.245956  3895 6
-87.344  0.230932  472 4
12.408  0.24924  987 6
52.728  0.266517  893 6
-340.904  0.290258  503 4
14.88  0.261708  363 4
12.568  0.299287  421 6
59.272  0.375579  1728 6
14.168  0.25  512 6
-200.264  0.23082  1525 6
-249.08  0.191038  424 6
73.192  0.34791  1555 4
54.384  0.0206311  16383 6
5.832  0  16383 4
15.296  0.26477  457 6
62.808  0.361613  719 6
151.816  0.139205  352 6
-197.184  0.239711  1385 4
77.816  0.365385  1092 4
86.312  0.343925  535 4
293.472  0.404222  1279 4
-380.776  0.237838  370 4
-125.56  0.151132  16383 6
54.048  0.325636  3378 4
-311.12  0.247024  672 6
-155.424  0.24367  3989 6
-195.472  0.218045  1330 6
66.376  0.35443  1580 4
-361.44  0.243119  654 4
182.104  0.28821  687 4
77.648  0.233386  1881 4
45.736  0.344571  3767 4
3.88  0.249065  5882 4
-215.024  0.214706  1020 4
93.08  0.242023  3855 6
57.184  0.376258  994 6
27.784  0.25076  1316 6
138.152  0.362309  1507 4
6.4  0.265111  943 4
14.752  0.226016  615 4
299.16  0.250838  1790 6
49.552  0.316206  4048 6
-353.528  0.246812  1098 6
15.264  0.257089  529 6
-1.752  0.253077  4062 4
33.888  0.245254  1317 4
62.328  0.352459  1830 4
9.92  0.244747  809 6
56.448  0.345045  2533 4
-104.76  0.27911  584 4
-322.232  0.285303  694 4
54.504  0.338374  2976 4
-368.048  0.238806  1340 4
-327.216  0.252661  4603 4
68.08  0.33938  1709 4
54.504  0.315526  599 6
69.688  0.386811  1016 6
244.192  0.263942  2618 6
53.424  0.368736  1337 6
8.008  0.233627  2046 4
-168.44  0.251095  685 6
10.304  0.202785  1149 6
51.76  0.339348  1718 6
14.312  0.232349  779 4
149.424  0.376471  850 6
-327.904  0.189935  616 6
-301.472  0.240637  1068 6
77.968  0.239919  496 6
17.136  0.217617  386 4
68.608  0.230769  429 6
13.064  0.210884  588 6
-39.736  0.274363  667 4
11.656  0.236173  1338 4
10.128  0.173077  416 6
-6.752  0.226241  1189 6
-347.72  0.230672  789 6
72.296  0.338854  785 6
78.56  0.383481  678 6
-152.6  0.225948  1819 4
75.632  0.215444  1295 4
6.592  0.234028  1487 4
-336.064  0.240705  1022 4
11.688  0.238901  473 6
78.96  0.371302  676 4
-203.568  0.251326  5654 4
273.184  0.244533  503 6
5.496  0.248846  6281 4
