57.852  0.345266  2123 4
197.561  0.257911  632 4
52.658  0.328211  3449 4
-22.999  0.24666  973 4
-2.046  0.257711  1459 6
-104.641  0.313426  2093 4
11.797  0.235916  3497 6
59.639  0.341139  1580 4
12.531  0.243644  472 4
-155.156  0.252747  910 4
-370.843  0.271871  743 6
68.533  0.328912  1508 6
16.491  0.225653  421 4
-255.75  0.233838  727 6
-192.593  0.273927  606 6
6.75  0.2541  6647 4
299.719  0.229399  449 6
33.296  0.237654  972 6
-371.562  0.235047  1906 6
-167.969  0.17817  623 6
178.186  0.260092  15879 6
18.187  0.281623  419 4
10.14  0.231615  2638 4
-1.187  0.221656  785 4
-52.016  0.23817  634 4
17.467  0.247423  679 6
-92.639  0.183377  758 4
-53.374  0.201878  426 6
-185.75  0.185379  383 6
15.562  0.258873  479 4
-138.062  0.24437  1199 4
64.857  0.370801  774 4
75.562  0.388756  836 6
-260.11  0.243466  727 6
-152.624  0.24967  3789 6
-316.046  0.385105  1571 6
10.249  0.244541  687 4
11.469  0.20292  685 6
-254.032  0.243284  670 4
77.219  0.353234  804 6
72.064  0.394649  1196 6
53.72  0.344793  2007 4
-165.829  0.267528  542 6
60.968  0.375907  689 4
17.517  0.243421  456 4
58.015  0.326671  3052 4
3.421  0.241181  1219 4
60.751  0.329238  1628 6
-214.22  0.350202  988 6
-126.874  0.191972  573 6
14.085  0.204082  637 6
-245.015  0.257928  473 4
-378.906  0.211688  770 4
5.281  0.257205  5552 4
-101.171  0.196859  955 4
232.407  0.222846  534 4
-313.516  0.241983  1029 4
61.33  0.267819  463 4
-376.438  0.221209  877 4
56.344  0.337181  2079 6
79.515  0.263923  413 6
65.593  0.358004  1824 6
-1.437  0.193925  428 6
11.906  0.255765  954 6
144.25  0.224345  1413 6
75.655  0.31358  810 6
-380.671  0.229434  1325 4
-109.719  0.239376  1153 6
13.186  0.250564  443 4
13.985  0.214458  415 4
11.953  0.248335  1051 4
12.375  0.283951  648 4
6.265  0.261772  1253 6
19.314  0.265193  362 4
187.498  0.365385  520 6
222.188  0.190909  550 6
-138.28  0.246933  1304 6
-371.014  0.222772  1212 4
230.97  0.267123  730 6
-322.219  0.254872  1950 4
58.179  0.335989  2134 6
244.954  0.240517  1239 6
72.687  0.366412  1048 6
-215.453  0.216113  782 6
12.234  0.257798  1090 4
6  0.272605  741 4
13  0.310744  605 4
-380.173  0.390205  1266 4
56.766  0.367939  1965 6
-257.968  0.246545  1809 4
-2.531  0.184946  465 6
14.187  0.23324  716 4
-331.906  0.292473  465 4
-110.312  0.225291  688 6
214.516  0.206215  354 6
6.515  0  16383 6
57.687  0.371295  641 6
68.499  0.342939  1041 6
-268.907  0.212707  724 6
-284.639  0.241814  397 6
0.749  0.205426  774 4
-315.639  0.26019  1791 6
14.984  0.236919  688 4
-24.718  0.208178  538 4
16.327  0.205212  614 4
24.577  0.217391  805 6
16.328  0.212174  575 6
74.032  0.368308  1401 4
-86.407  0.274527  1111 6
13.969  0.234962  532 4
14.717  0.238586  679 4
94.89  0.295711  443 4
99.938  0.368512  578 4
59.049  0.335526  912 6
59.812  0.244706  425 6
52.102  0.327987  3741 6
132.595  0.383984  487 6
227.375  0.362861  1524 4
83.907  0.353014  813 6
15.547  0.295492  599 4
-2.616  0.253797  3424 4
63.126  0.354717  795 4
5.163  0.250846  6797 6
73.531  0.347271  861 6
61.688  0.340253  1975 4
-173.643  0.236869  1980 4
59.633  0.334789  2748 4
-299.156  0.268085  470 4
-386.845  0.20362  442 4
304.999  0.234862  545 4
-127.812  0.242373  590 4
58.469  0.264916  2933 4
56.625  0.375631  1584 6
173.392  0.212679  489 4
53.079  0.337684  1839 4
63.751  0.383106  1172 4
-225.78  0.254237  531 6
85.596  0.334594  529 4
226.908  0.364011  728 6
53.782  0.386452  1550 6
58.094  0.347921  914 6
113.796  0.235714  840 4
-35.28  0.224105  1593 4
3.374  0.262203  3913 6
-26.656  0.229773  618 6
-212.562  0.235772  369 4
14.234  0.238095  672 4
77.72  0.433333  750 4
76.608  0.34766  1047 6
-180.156  0.21934  424 6
59.658  0.349376  1122 6
7.11  0.216146  768 4
120.468  0.340438  1736 4
9.436  0.259284  4578 4
125.408  0.254652  1021 6
295.202  0.391791  804 4
-107.562  0.237937  601 4
-73.266  0.228288  403 6
52.486  0.374091  2200 4
-72.984  0.249737  1902 4
-155.906  0.222004  509 6
-229.53  0.253731  469 6
254.188  0.242424  429 4
-296.282  0.251572  636 4
171.634  0.248341  2863 4
-116.704  0.271493  442 4
10.688  0.263158  532 6
81.97  0.339223  566 4
15.868  0.229167  432 6
48.266  0.330095  4117 6
6.858  0  16383 4
-323.624  0.207856  611 4
9.97  0.26161  646 6
-12.538  0.254909  2648 6
17.814  0.25323  387 4
-315.14  0.178571  364 6
-44.064  0.380051  792 4
50.892  0.359715  2527 4
7.702  0.261745  1192 6
308.298  0.336832  1048 4
3.276  0.241263  2976 6
-394.454  0.206771  1920 4
-41.986  0.224964  689 4
193.422  0.389587  557 6
153.218  0.261189  1631 6
224.58  0.386272  743 4
-4.014  0.22468  1718 6
148.548  0.242537  2412 6
57.188  0.402821  638 6
64.984  0.345958  1769 6
52.062  0.34179  2089 6
2.75  0.25  664 4
85.124  0.210037  538 4
-177.996  0.226013  469 4
-40.672  0.216981  1590 6
-320.952  0.250681  367 6
-122.344  0.2187  631 4
12.72  0.193837  1006 6
-242.032  0.229422  571 6
-322.36  0.251815  2204 4
11.188  0.25042  595 6
65.578  0.377127  1469 6
-50.906  0.205189  424 4
74.688  0.335678  995 4
202.156  0.209503  463 6
-163.968  0.229901  709 4
199.586  0.251584  3788 4
53.336  0.337064  3127 4
-72.36  0.223597  1051 4
190.86  0.235872  407 6
190.42  0.339583  480 4
-82.484  0.249734  941 4
-86.984  0.227513  756 4
-57.764  0.227506  778 4
-87.508  0.250998  1753 6
180.376  0.243017  358 6
81.266  0.345595  1033 4
-197.328  0.225117  1497 4
-247.92  0.25132  2272 4
137.736  0.358382  865 4
16.968  0.132492  317 4
55.344  0.319444  648 6
70.656  0.348635  806 4
105.14  0.140394  406 6
-179.736  0.25502  1494 6
13.812  0.251269  394 4
-355.624  0.245943  1972 6
71.652  0.282258  620 6
73.968  0.361616  495 6
71.094  0.400279  717 4
15.108  0.293139  481 6
-320.768  0.251033  968 6
-237.892  0.255456  779 4
17.108  0.26087  391 6
-10.57  0.247455  1277 6
56.308  0.32163  2478 6
66.782  0.364807  932 4
-264.484  0.22487  1343 4
-36.928  0.244111  1868 4
-1.922  0.203947  760 6
-134.61  0.252677  1868 4
56.796  0.357007  2098 6
-2.748  0.225734  443 6
10.356  0.219542  829 6
-169.342  0.227687  549 4
-108.92  0.267206  741 6
-76.124  0.245347  591 4
-13.68  0.253056  818 6
-1.764  0.241629  1105 6
-29.738  0.250126  11906 4
45.406  0.236407  846 4
-76.844  0.239377  706 4
8.282  0.233607  1220 6
-190.266  0.213935  1019 4
197.78  0.240079  504 4
16.562  0.191542  402 6
-91.594  0.162242  339 6
159.016  0.223724  666 4
-66.904  0.248257  2868 6
68.342  0.351867  1259 4
57.142  0.256287  835 4
58.08  0.330866  3107 6
225.53  0.283368  487 4
57.204  0.329171  3764 4
62.752  0.241463  410 6
80.952  0.341463  533 6
-319.436  0.244094  762 6
7.118  0.241978  1901 4
-140.062  0.256881  763 4
57.514  0.353137  1801 4
49.544  0.343486  2955 6
-129.612  0.258212  1096 4
-95.272  0.239289  1914 4
194.752  0.251524  656 4
63.032  0.359777  895 6
-356.436  0.233434  1328 4
110.706  0.343575  716 4
53.39  0.359871  2173 6
-19.266  0.216744  1075 4
60.75  0.405864  648 6
256.39  0.362475  1018 6
-71.796  0.257919  1326 6
-146.796  0.225352  852 4
70.624  0.246265  1941 4
10.484  0.219243  1268 4
58.056  0.337367  1405 6
10.688  0.254237  413 6
87.048  0.298755  482 4
265.484  0.363208  1060 4
248.314  0.23754  1886 4
57.372  0.359289  2363 6
68.7  0.347556  1289 4
-3.56  0.204938  810 4
55.22  0.34103  563 6
17.812  0.22381  420 4
171.096  0.274314  401 4
80.406  0.361624  813 6
62.126  0.360269  594 4
-96.64  0.219689  965 6
-115.374  0.256499  577 4
-148.716  0.258503  441 4
164.36  0.351786  560 4
207  0.137209  430 6
68.528  0.321053  760 4
32.704  0.208098  1062 4
53.664  0.322095  3915 4
14.028  0.240429  653 4
52.36  0.331381  3244 4
-265.34  0.227338  695 4
1.78  0.278761  452 6
63.34  0.238437  2227 4
-2.956  0.242962  1634 6
55.8  0.335112  2811 6
-61.748  0.252441  717 6
-200.108  0.284768  453 6
4.576  0.391484  728 6
58.468  0.381749  1315 6
7.296  0.248918  924 6
277.656  0.210923  531 4
14.248  0.258427  623 4
-245.188  0.234336  798 4
8.596  0.25266  1880 6
232.164  0.382257  1533 4
155.828  0.348999  1149 4
51.684  0.33078  2872 4
136.828  0.3808  625 4
11.952  0.225886  1213 4
-354.204  0.347502  3223 4
64.78  0.338251  949 4
14.532  0.25535  701 4
4.096  0.187793  426 4
59.204  0.380998  1042 6
112.768  0.218147  1554 4
-248.752  0.238298  705 6
238.484  0.255124  1854 4
296.876  0.247826  1840 6
-5.232  0.227439  1640 4
-296.156  0.245902  1708 6
310.004  0.236499  537 6
80.904  0.319071  818 6
9.94  0.244863  584 6
-50.376  0.215686  459 4
215.216  0.373822  955 4
60.936  0.352941  2380 6
-38.908  0.274945  451 4
-142.628  0.271864  2001 4
70.656  0.193426  791 6
-153.644  0.230038  1052 4
0.8  0.212339  697 4
-147.964  0.24021  3243 6
7.8  0.259042  6304 4
9.672  0.253343  2767 6
158.784  0.278302  424 6
-165.124  0.25307  1466 6
142.34  0.345408  773 4
58.268  0.354605  1379 6
-193.016  0.246198  1052 6
-138.328  0.243922  1234 6
68.752  0.339326  890 6
141.644  0.251268  2169 4
-319.064  0.160356  449 6
6.268  0.243391  4577 6
152.516  0.265021  932 6
-49.78  0.21157  605 4
160.632  0.226943  965 6
8.076  0.24115  904 6
-308.472  0.250486  2056 6
-95.62  0.278768  617 6
-4.072  0.239283  3569 4
285.748  0.201456  412 4
-218.28  0.275416  541 4
133.392  0.21466  382 4
56.408  0.319312  2092 4
49.408  0.245559  3490 4
-74.748  0.351327  3316 6
-376.112  0.246322  2379 6
75.128  0.3857  993 4
16.764  0.200535  374 4
1.28  0.187692  650 6
-10.78  0.205357  560 6
60.296  0.348357  2374 4
78.248  0.356688  785 6
7.484  0.240324  1111 4
11.188  0.255312  3106 4
64.064  0.35828  628 4
52.048  0.329432  3418 6
154.34  0.381526  996 4
-45.392  0.232604  503 4
-19.452  0.254361  1777 4
264.764  0.246032  630 4
73.532  0.396501  1029 4
65.492  0.328784  5788 4
-330.908  0.241408  1193 6
71.188  0.362451  1534 4
11.66  0.227174  920 4
-207.552  0.245721  818 6
68.972  0.365445  955 4
-365.596  0.207353  680 4
12.516  0.199063  427 6
7.376  0.257227  3390 4
99.152  0.224747  396 6
55.936  0.399734  1501 6
13.816  0.232432  555 6
15.772  0.281139  562 4
0.544  0.266774  1863 4
75.5  0.361419  902 4
-247.872  0.245066  608 4
47.524  0.327192  3582 4
-83.172  0.252  750 4
65.736  0.249219  1280 6
-360  0.230019  1539 6
-3.124  0.238041  878 4
-52.54  0.25898  16341 4
76.312  0.321629  712 6
-9.468  0.25  436 4
-354.62  0.25547  11837 4
76.908  0.247124  2173 6
-146.16  0.26068  3675 6
-1.596  0.239843  2043 4
157.216  0.338898  599 6
-392.092  0.181818  363 6
106  0.248102  3293 6
-61.58  0.238825  1566 4
13.576  0.228243  609 6
16.42  0.255747  348 6
66.968  0.367203  1555 4
7.796  0.24095  2652 4
-11.06  0.257271  447 4
-137.016  0.238503  935 6
-96.812  0.265005  3249 4
20.876  0.21843  586 4
17.404  0.2  280 4
9.468  0.286127  1038 6
-62.548  0.249295  8508 4
49.264  0.337851  2066 6
17.28  0.196721  366 4
10.836  0.261064  2011 4
-144.592  0.26911  955 6
102.556  0.232397  2599 4
-191.484  0.220472  1016 4
71.436  0.227907  860 6
-194.076  0.269129  758 4
-293.028  0.290203  541 6
15.98  0.223602  483 4
128.252  0.204327  416 6
55.296  0.361061  2224 4
165.064  0.367673  1126 6
-127.952  0.218619  2868 4
-367.596  0.258809  823 4
102.092  0.262787  567 4
16.824  0.202673  449 6
-98.064  0.208437  403 4
-51.86  0.227402  2102 4
-371.204  0.322299  2175 4
-118.72  0.207059  425 6
-58.232  0.26  1500 6
-299.704  0.22977  1001 6
60.792  0.372455  835 4
-167.06  0.267537  613 4
61.64  0.347798  1544 4
269.424  0.356748  1267 6
-270.688  0.254642  377 4
15.584  0.2287  446 6
-30.504  0.263333  600 4
131.608  0.2485  2000 4
10.376  0.2296  1250 6
65.248  0.365766  555 4
-293.44  0.195055  364 4
64.56  0.401506  797 6
-52.472  0.250871  574 6
-339.784  0.257261  482 4
13.736  0.227882  746 4
17.952  0.198347  363 4
78.16  0.321267  663 4
60.484  0.386885  1220 4
88.736  0.331522  552 6
53.512  0.353143  2036 4
18.592  0.292056  428 4
-312.656  0.22449  490 4
-191.076  0.24256  672 6
-198.392  0.252212  1356 4
-54.204  0.257181  1497 4
-345.516  0.235205  1318 4
17.404  0.124204  314 6
270.028  0.369892  930 4
-362.168  0.24878  410 6
-123.328  0.264482  1312 6
-79.22  0.251808  1521 6
11.252  0.278899  545 6
290.968  0.381612  794 6
66.984  0.323077  2080 4
72.124  0.353925  777 4
-15.94  0.200413  484 4
53.436  0.373855  1201 4
61.784  0.346591  1760 4
12.812  0.261111  540 4
57.28  0.334043  940 6
20.58  0.159664  357 4
65.312  0.354536  959 6
7.628  0.238569  2012 6
14.232  0.229084  502 6
-242.096  0.25375  800 4
9.044  0.242073  1293 6
-2.032  0.231003  658 6
9.968  0.221603  1435 6
69.216  0.347486  1790 4
61.5  0.231061  528 4
-376.452  0.381241  661 4
301.844  0.230303  660 4
7.204  0.263932  15773 4
-31.504  0.236057  3317 6
-244.944  0.230563  373 4
46.148  0.36748  2294 6
48.132  0.331462  4097 6
-326.028  0.253857  713 6
77.5  0.365902  1003 6
16.172  0.165242  351 6
-307.564  0.265217  1150 4
-61.764  0.368989  1019 4
6.132  0.245737  3284 4
-215.3  0.329741  464 6
0.7  0.260243  10959 4
78.392  0.23678  1702 4
-88.876  0.249135  2023 6
10.508  0.237143  2450 6
54.748  0.358821  2341 4
10.076  0.219298  1026 6
61.484  0.341906  1983 4
170.968  0.380892  785 6
-0.556  0.255604  6647 4
4.3  0.262941  4366 6
-299.58  0.249087  1369 6
54.512  0.357649  1412 6
57.612  0.364146  1071 4
228.252  0.264599  548 6
80.14  0.33888  1322 6
-278.796  0.32048  3916 6
64.5  0.378182  550 6
52  0.313413  3079 4
16.216  0.301205  581 4
-68.592  0.167109  377 6
253.688  0.346354  1920 4
72.096  0.343152  679 4
5.168  0.27352  1605 4
123.376  0.181452  496 4
66.368  0.333678  1933 6
54.024  0.3124  3121 4
66.108  0.350329  1824 4
-384.736  0.22682  2006 4
-79.956  0.267104  1067 6
-375.644  0.219101  534 6
-284.876  0.204214  617 6
-267.736  0.237903  496 4
13.168  0.236735  735 6
-300.064  0.26572  493 6
9.564  0.235223  829 6
113.844  0.346234  956 4
70.124  0.369186  688 4
-199.24  0.238095  1113 4
-85.704  0.250626  6388 4
6.536  0.257138  5919 6
50.548  0.370595  2809 6
-214.404  0.214112  411 4
86.808  0.123239  284 4
-86.172  0.229597  919 4
-227.844  0.256691  822 4
10.172  0.256999  4179 4
78.576  0.388551  821 4
11.076  0.261957  1359 4
18.016  0.1525  400 6
56.608  0.352232  2487 4
-225.392  0.238368  1397 4
130.284  0.233419  1161 6
48.408  0.366734  2465 4
-366.968  0.239057  594 4
-329.4  0.237363  455 4
63.584  0.370823  1227 4
-220.36  0.182493  674 4
222.376  0.253394  442 6
72.656  0.372126  696 6
-216.648  0.26115  4798 6
-231.848  0.239398  1462 4
65.576  0.378723  1645 6
-335.248  0.375  1248 4
-272.032  0.198413  378 6
54.832  0.343869  1835 6
92.12  0.389027  1203 6
3.216  0.208661  508 4
10.656  0.258449  1006 4
-144.2  0.265416  746 4
199.752  0.244048  504 4
-291.44  0.204167  480 4
16.44  0.247368  570 4
16.216  0.188571  350 4
58.208  0.380743  1589 6
17.424  0.276744  430 4
-252.4  0.187273  550 4
13.264  0.245161  930 6
53.52  0.360744  1666 6
55.912  0.359513  1477 6
211  0.245238  420 4
16.264  0.161215  428 6
62.776  0.35741  1869 4
22.696  0.2407  457 4
-3  0.249429  3063 6
-132.928  0.266874  963 4
93.416  0.254134  1149 6
167.704  0.356021  1337 6
-364.112  0.264596  1610 6
14.344  0.258264  484 4
-221.464  0.278132  471 6
2.32  0  16383 4
6.984  0.261359  2487 4
12.44  0.248333  600 6
-301.824  0.171779  326 4
-19.128  0.152047  342 6
-341.096  0.204489  401 6
249.248  0.218208  692 6
202.544  0.306306  444 4
109.232  0.267527  2325 6
64.216  0.353879  941 4
130.232  0.39934  1515 6
10.456  0.243305  2203 4
-233.008  0.369565  552 4
-65.904  0.370161  1059 6
-313.864  0.252459  1525 6
267.944  0.218855  594 4
17.264  0.254545  440 6
200.312  0.376281  683 6
67.536  0.402957  541 4
16.32  0.163265  392 4
8.344  0.243235  6948 6
-292.048  0.24115  904 4
-271.072  0.248583  1235 6
121.64  0.2306  1366 4
3.28  0.102362  16383 6
17.128  0.257848  446 4
-93.456  0.256127  1632 6
14.512  0.296443  506 6
17.656  0.245361  485 4
15.088  0.25  452 4
8.776  0.244099  3728 6
310.496  0.243879  1021 4
58.096  0.35851  1986 6
-105.856  0.24901  1767 4
289.512  0.240361  1660 6
172.848  0.173333  375 6
65.848  0.313765  494 4
52.608  0.356374  1765 4
12.032  0.239655  580 4
303.408  0.176316  380 6
7.984  0.263043  1380 6
-123.408  0.245421  1365 4
-99.344  0.242553  470 4
-98.912  0.223684  456 4
-109.528  0.20198  1010 6
88.752  0.331572  757 4
-190.88  0.237713  2116 4
-129.336  0.258462  2275 6
266.768  0.225336  892 6
-3.376  0.241451  965 6
54.968  0.347069  2815 4
-323.168  0.229592  1372 4
-349.856  0.246033  6995 4
59.032  0.316115  1781 6
64.52  0.347181  1348 6
15.704  0.261538  390 6
57.096  0.338975  2009 6
-313.112  0.322239  1322 6
2.344  0.220114  527 4
27.496  0.208262  581 6
18.472  0.222011  527 4
8.36  0.262759  8582 4
82.392  0.363101  1019 6
139.904  0.228087  1061 6
318.768  0.243226  1587 6
-280.536  0.24628  1344 4
73.28  0.245781  1896 4
-192.528  0.256085  1972 4
-81.12  0.219577  378 4
-315.576  0.239323  1241 4
-31.952  0.217949  546 6
194.304  0.356098  820 4
62.576  0.32618  699 4
54.816  0.342095  2511 4
13.248  0.270784  421 4
75.56  0.334036  949 6
-84.376  0.234694  392 6
86.56  0.323689  553 4
187.496  0.232945  601 4
245.64  0.25974  924 4
78.568  0.319697  660 4
-64.688  0.218667  375 4
11.264  0.246114  1158 6
13.68  0.174194  310 6
-33.456  0.181176  425 4
49.84  0.338504  2901 6
14.968  0.206039  563 4
-29.28  0.25761  1347 6
48.392  0.236686  676 6
61.584  0.360825  582 6
60.672  0.35  1080 4
