0
0
0
0
5.357734599891417692e-06
1.867964284596291158e+00
3.879814244387110644e+00
2.246641720312754220e+00
1.889052785736311080e+00
1.964682167252514544e+00
2.201308419373247727e+00
2.585241349943621980e+00
2.236811167106785181e+00
1.735876504863055336e+00
1.553858548106879400e+00
1.460891189516605904e+00
1.172903022630113590e+00
1.197901989221574315e+00
1.174130822354902293e+00
1.102291406348309355e+00
1.080453561615466906e+00
1.016809163619301737e+00
1.040678719880898218e+00
1.023955642598645355e+00
1.010261593179416328e+00
9.695325600744861827e-01
9.364288597520101787e-01
9.389206308927163791e-01
8.806029189614262842e-01
8.054329824720679598e-01
7.558625988218663494e-01
7.387854883529874073e-01
7.134855149516369233e-01
7.284340503783339749e-01
7.823128757046717840e-01
7.516184587496536063e-01
7.184930265294219298e-01
7.170634650648031183e-01
5.851479902962903878e-01
5.777838172360186819e-01
6.380792019891173839e-01
6.770663100729846784e-01
7.635101715257216481e-01
8.967631611901281108e-01
1.057799150904304097e+00
1.235593022691400700e+00
1.441477083696907746e+00
1.693286479348766971e+00
1.943669976089369866e+00
2.144435761252776906e+00
2.271623283102187862e+00
2.261686347427314558e+00
2.020988552052909615e+00
1.716744052354822747e+00
1.247506694447338749e+00
8.941659790420314335e-01
5.837206522458268099e-01
4.828599952670268314e-01
4.898554444782791673e-01
