2.999999999999999889e-01 6.740970063116032520e-05
4.000000000000000222e-01 6.944001755858724128e-04
5.000000000000000000e-01 4.433990152813065654e-03
5.999999999999999778e-01 2.095065248641394748e-02
6.999999999999999556e-01 6.691085567109517074e-02
8.000000000000000444e-01 1.524713721039871184e-01
9.000000000000000222e-01 2.685641422341877860e-01
1.000000000000000000e+00 3.538697514941378519e-01
1.100000000000000089e+00 4.212082576853587446e-01
1.199999999999999956e+00 4.651860214054112652e-01
1.300000000000000044e+00 4.999697015082874008e-01
1.399999999999999911e+00 5.089628626246122112e-01
1.500000000000000000e+00 5.256546264074262176e-01
1.600000000000000089e+00 5.280051462744164148e-01
1.699999999999999956e+00 5.362220161012969388e-01
1.800000000000000044e+00 5.333772678584118854e-01
1.899999999999999911e+00 5.368728044970223490e-01
2.000000000000000000e+00 5.371706510180621619e-01
2.100000000000000089e+00 5.351831945205942631e-01
2.200000000000000178e+00 5.393803051046941466e-01
2.299999999999999822e+00 5.366883233602185443e-01
2.399999999999999911e+00 5.356756357150038728e-01
2.500000000000000000e+00 5.290229918543936094e-01
2.600000000000000089e+00 5.246033791739924679e-01
2.700000000000000178e+00 5.201824173433015064e-01
2.799999999999999822e+00 5.113412067374718539e-01
2.899999999999999911e+00 5.063859614811402343e-01
3.000000000000000000e+00 5.127993474512265726e-01
3.100000000000000089e+00 5.048327634317602008e-01
3.200000000000000178e+00 4.990749382610946139e-01
3.299999999999999822e+00 4.986849262811992589e-01
3.399999999999999911e+00 4.831757283444521045e-01
3.500000000000000000e+00 4.794977811527987854e-01
3.600000000000000089e+00 4.784014851890617259e-01
3.700000000000000178e+00 4.786712222356405144e-01
3.799999999999999822e+00 4.730175974051606391e-01
3.899999999999999911e+00 4.745856248974545388e-01
4.000000000000000000e+00 4.713735946248920894e-01
4.099999999999999645e+00 4.682725912268861923e-01
4.200000000000000178e+00 4.618267201212905015e-01
4.299999999999999822e+00 4.600776101388180384e-01
4.400000000000000355e+00 4.621907099621667681e-01
4.500000000000000000e+00 4.577322306006577080e-01
4.599999999999999645e+00 4.581297889913425458e-01
4.700000000000000178e+00 4.530538070492072800e-01
4.799999999999999822e+00 4.472029614741385717e-01
4.900000000000000355e+00 4.454646763255240560e-01
5.000000000000000000e+00 4.392186271054460689e-01
5.099999999999999645e+00 4.331076613268363129e-01
5.200000000000000178e+00 4.319762264201619240e-01
5.299999999999999822e+00 4.248537623654114470e-01
5.400000000000000355e+00 4.219138192170681645e-01
5.500000000000000000e+00 4.179487095542169239e-01
5.599999999999999645e+00 4.140920041972633858e-01
5.700000000000000178e+00 4.117240366563823528e-01
5.799999999999999822e+00 4.064183243330547479e-01
5.900000000000000355e+00 4.057909299105218470e-01
6.000000000000000000e+00 4.035404724571702850e-01
6.099999999999999645e+00 4.013277524931415652e-01
6.200000000000000178e+00 4.026307417411768008e-01
6.299999999999999822e+00 3.932377789507162102e-01
6.400000000000000355e+00 3.966098107618201696e-01
6.500000000000000000e+00 3.940352823527064619e-01
6.599999999999999645e+00 3.966540855024174306e-01
6.700000000000000178e+00 3.910554031396895058e-01
6.799999999999999822e+00 3.887821580737755855e-01
6.900000000000000355e+00 3.825362979126535334e-01
7.000000000000000000e+00 3.827608465678594696e-01
7.099999999999999645e+00 3.827682469579085089e-01
7.200000000000000178e+00 3.741098274558982695e-01
7.299999999999999822e+00 3.742846765053121638e-01
7.400000000000000355e+00 3.689612593220007453e-01
7.500000000000000000e+00 3.663006130152569040e-01
7.599999999999999645e+00 3.625390311373200003e-01
7.700000000000000178e+00 3.567741716424520093e-01
7.799999999999999822e+00 3.567279233606363564e-01
7.900000000000000355e+00 3.532374153775820758e-01
8.000000000000000000e+00 3.537504608321195287e-01
8.099999999999999645e+00 3.523546019355350278e-01
8.199999999999999289e+00 3.563454784348643045e-01
8.300000000000000711e+00 3.467636470523473013e-01
8.400000000000000355e+00 3.434371177332398162e-01
8.500000000000000000e+00 3.370357965345454621e-01
8.599999999999999645e+00 3.369267882392564806e-01
8.699999999999999289e+00 3.341581697701748732e-01
8.800000000000000711e+00 3.314702927284017275e-01
8.900000000000000355e+00 3.284004516173754107e-01
9.000000000000000000e+00 3.277125985837818223e-01
9.099999999999999645e+00 3.219832884553237573e-01
9.199999999999999289e+00 3.177658524896262993e-01
9.300000000000000711e+00 3.155453858745480566e-01
9.400000000000000355e+00 3.167547670930783155e-01
9.500000000000000000e+00 3.165091197451730953e-01
9.599999999999999645e+00 3.133694669974335656e-01
9.699999999999999289e+00 3.127848482684556508e-01
9.800000000000000711e+00 3.091357478886881949e-01
9.900000000000000355e+00 3.096403361732495418e-01
1.000000000000000000e+01 3.083479711932282097e-01
1.009999999999999964e+01 3.040012322375861276e-01
1.019999999999999929e+01 3.009903299944701183e-01
1.030000000000000071e+01 3.017521887061453412e-01
1.040000000000000036e+01 2.970242883815804036e-01
1.050000000000000000e+01 2.959764374426779310e-01
1.059999999999999964e+01 2.962849461238275528e-01
1.069999999999999929e+01 2.948422730364543831e-01
1.080000000000000071e+01 2.904216884663819442e-01
1.090000000000000036e+01 2.902250143604805932e-01
1.100000000000000000e+01 2.862392089241810877e-01
1.109999999999999964e+01 2.856397743947448054e-01
1.119999999999999929e+01 2.851009920523163710e-01
1.130000000000000071e+01 2.848478505865565946e-01
1.140000000000000036e+01 2.781434302480306209e-01
1.150000000000000000e+01 2.773182040979254026e-01
1.159999999999999964e+01 2.763739943989011461e-01
1.169999999999999929e+01 2.730317863385050003e-01
1.180000000000000071e+01 2.754447839171987322e-01
1.190000000000000036e+01 2.681679416481760336e-01
1.200000000000000000e+01 2.698065528617813458e-01
1.209999999999999964e+01 2.671839859779118753e-01
1.219999999999999929e+01 2.654642885095674365e-01
1.230000000000000071e+01 2.666526770869183105e-01
1.240000000000000036e+01 2.616536671437753037e-01
1.250000000000000000e+01 2.629219823973908410e-01
1.259999999999999964e+01 2.613393909372986879e-01
1.269999999999999929e+01 2.593898763533954432e-01
1.280000000000000071e+01 2.560687490984696613e-01
1.290000000000000036e+01 2.558006650576352681e-01
1.300000000000000000e+01 2.539164342958969978e-01
1.309999999999999964e+01 2.541486991316415089e-01
1.319999999999999929e+01 2.531231696940395848e-01
1.330000000000000071e+01 2.525449306127686144e-01
1.340000000000000036e+01 2.504652053209741047e-01
1.350000000000000000e+01 2.508315441505352128e-01
1.359999999999999964e+01 2.508881714898950621e-01
1.369999999999999929e+01 2.464322210822932901e-01
1.380000000000000071e+01 2.507787614834233181e-01
1.390000000000000036e+01 2.451669014675841585e-01
1.400000000000000000e+01 2.461770649807181188e-01
1.409999999999999964e+01 2.418784528333218220e-01
1.419999999999999929e+01 2.426331998031732162e-01
1.430000000000000071e+01 2.387767305475227420e-01
1.440000000000000036e+01 2.405913180813421259e-01
1.450000000000000000e+01 2.361647069012480782e-01
1.459999999999999964e+01 2.387178795688940369e-01
1.469999999999999929e+01 2.356792736263505772e-01
1.480000000000000071e+01 2.348191456436292401e-01
1.490000000000000036e+01 2.332834565038361951e-01
1.500000000000000000e+01 2.318292714125405329e-01
