1.000000000000000000e+00 0.000000000000000000e+00
2.000000000000000000e+00 0.000000000000000000e+00
3.000000000000000000e+00 5.000000000000000000e+00
4.000000000000000000e+00 2.050000000000000000e+02
5.000000000000000000e+00 4.450000000000000000e+02
6.000000000000000000e+00 5.510000000000000000e+02
7.000000000000000000e+00 6.230000000000000000e+02
8.000000000000000000e+00 5.850000000000000000e+02
9.000000000000000000e+00 6.380000000000000000e+02
1.000000000000000000e+01 6.640000000000000000e+02
