0.0 1.15845E+08
0.5 7.38556E+07
1.0 8.70601E+07
1.5 2.32626E+08
2.0 6.76511E+07
2.5 3.91104E+07
3.0 3.24569E+07
3.5 3.29865E+07
4.0 3.65896E+07
4.5 3.65026E+07
5.0 3.55825E+07
5.5 5.31545E+07
6.0 1.00940E+08
6.5 3.95879E+07
7.0 3.03253E+07
7.5 2.98849E+07
8.0 3.03516E+07
8.5 3.09342E+07
9.0 3.16307E+07
9.5 3.18988E+07
10.0 3.15681E+07
10.5 3.19757E+07
11.0 3.21139E+07
11.5 3.23238E+07
12.0 3.25337E+07
12.5 3.26917E+07
13.0 3.24480E+07
13.5 3.17758E+07
14.0 3.07430E+07
14.5 2.97668E+07
15.0 2.87308E+07
15.5 2.75103E+07
16.0 2.62666E+07
16.5 2.50049E+07
17.0 2.36155E+07
17.5 2.37476E+07
18.0 3.70213E+07
18.5 3.94875E+07
19.0 3.80757E+07
19.5 3.68077E+07
20.0 3.78890E+07
20.5 3.95008E+07
21.0 1.98704E+07
21.5 1.75864E+07
22.0 2.00881E+07
22.5 4.25839E+07
23.0 6.11517E+07
23.5 6.84747E+07
24.0 7.04427E+07
24.5 7.18938E+07
25.0 1.19539E+08
25.5 1.14528E+08
26.0 9.61803E+07
26.5 8.52607E+07
27.0 8.61910E+07
27.5 8.67764E+07
28.0 1.65506E+07
28.5 1.26013E+02
29.0 0.00000E+00
29.5 0.00000E+00