5.000000000000000278e-02 0.000000000000000000e+00
1.499999999999999944e-01 0.000000000000000000e+00
2.500000000000000000e-01 0.000000000000000000e+00
3.499999999999999778e-01 0.000000000000000000e+00
4.500000000000000111e-01 0.000000000000000000e+00
5.500000000000000444e-01 0.000000000000000000e+00
6.500000000000000222e-01 0.000000000000000000e+00
7.500000000000000000e-01 0.000000000000000000e+00
8.499999999999999778e-01 0.000000000000000000e+00
9.499999999999999556e-01 1.781700150208797027e+02
1.050000000000000044e+00 4.540674371705791827e+02
1.149999999999999911e+00 4.137293993530515763e+02
1.250000000000000000e+00 3.618165092421145914e+02
1.350000000000000089e+00 3.354646970852531922e+02
1.449999999999999956e+00 2.995479511577047447e+02
1.550000000000000044e+00 3.262159215321716488e+02
1.649999999999999911e+00 3.792338636664782143e+02
1.750000000000000000e+00 4.674006202819492728e+02
1.850000000000000089e+00 4.700563056244602649e+02
1.949999999999999956e+00 5.106383427206351371e+02
2.049999999999999822e+00 3.768656716417910388e+02
2.149999999999999911e+00 4.115456238361265946e+02
2.250000000000000000e+00 4.312267657992564978e+02
2.350000000000000089e+00 4.235074626865671235e+02
2.450000000000000178e+00 4.793233082706766481e+02
2.549999999999999822e+00 4.705882352941176237e+02
2.649999999999999911e+00 4.674329501915708533e+02
2.750000000000000000e+00 5.658914728682170789e+02
2.850000000000000089e+00 6.306483300589391092e+02
2.950000000000000178e+00 6.137254901960784537e+02
3.049999999999999822e+00 7.288801571709233258e+02
3.149999999999999911e+00 7.768924302788844898e+02
3.250000000000000000e+00 7.434869739478957626e+02
3.350000000000000089e+00 7.413441955193483182e+02
3.450000000000000178e+00 7.484407484407485072e+02
3.549999999999999822e+00 6.847599164926931508e+02
3.649999999999999911e+00 6.367432150313152306e+02
3.750000000000000000e+00 6.470588235294118249e+02
3.850000000000000089e+00 6.054852320675105375e+02
3.950000000000000178e+00 5.771670190274842298e+02
4.049999999999999822e+00 6.063829787234043351e+02
4.150000000000000355e+00 6.365591397849461828e+02
4.250000000000000000e+00 5.596529284164859064e+02
4.349999999999999645e+00 6.420824295010845617e+02
4.450000000000000178e+00 5.739130434782608745e+02
4.549999999999999822e+00 5.502183406113537103e+02
4.650000000000000355e+00 5.811403508771929864e+02
4.750000000000000000e+00 6.755555555555555429e+02
4.849999999999999645e+00 5.515695067264573481e+02
4.950000000000000178e+00 5.113122171945701098e+02
5.049999999999999822e+00 5.917431192660550323e+02
5.150000000000000355e+00 6.120092378752887043e+02
5.250000000000000000e+00 5.911214953271028207e+02
5.349999999999999645e+00 5.248226950354610381e+02
5.450000000000000178e+00 4.095238095238095184e+02
5.549999999999999822e+00 4.807692307692307736e+02
5.650000000000000355e+00 5.254237288135593644e+02
5.750000000000000000e+00 3.838630806845965822e+02
5.849999999999999645e+00 3.423645320197044271e+02
5.950000000000000178e+00 3.580246913580246542e+02
6.049999999999999822e+00 3.184079601990049468e+02
6.150000000000000355e+00 3.557213930348258373e+02
6.250000000000000000e+00 2.587939698492461957e+02
6.349999999999999645e+00 2.632911392405063111e+02
6.450000000000000178e+00 2.075949367088607573e+02
6.549999999999999822e+00 2.202531645569620196e+02
6.650000000000000355e+00 1.243654822335025329e+02
6.750000000000000000e+00 1.461538461538461604e+02
6.849999999999999645e+00 1.554404145077720045e+02
6.950000000000000178e+00 9.138381201044386160e+01
7.049999999999999822e+00 8.355091383812010974e+01
7.150000000000000355e+00 7.936507936507936734e+01
7.250000000000000000e+00 4.010695187165775621e+01
7.349999999999999645e+00 5.645161290322580783e+01
7.450000000000000178e+00 4.891304347826086740e+01
7.549999999999999822e+00 5.769230769230769340e+01
7.650000000000000355e+00 5.000000000000000000e+01
7.750000000000000000e+00 3.081232492997198946e+01
7.849999999999999645e+00 3.661971830985915943e+01
7.950000000000000178e+00 2.549575070821529721e+01
8.050000000000000711e+00 1.983002832861189901e+01
8.150000000000000355e+00 1.694915254237288238e+01
8.250000000000000000e+00 1.136363636363636509e+01
8.349999999999999645e+00 1.739130434782608958e+01
8.449999999999999289e+00 8.823529411764704733e+00
8.550000000000000711e+00 1.186943620178041492e+01
8.650000000000000355e+00 5.952380952380951662e+00
8.750000000000000000e+00 1.201201201201201130e+01
8.849999999999999645e+00 3.030303030303030276e+00
8.949999999999999289e+00 1.219512195121951237e+01
9.050000000000000711e+00 9.230769230769229949e+00
9.150000000000000355e+00 6.250000000000000000e+00
9.250000000000000000e+00 3.154574132492113492e+00
9.349999999999999645e+00 6.329113924050632889e+00
9.449999999999999289e+00 6.309148264984226984e+00
9.550000000000000711e+00 6.349206349206348854e+00
9.650000000000000355e+00 0.000000000000000000e+00
9.750000000000000000e+00 3.215434083601286019e+00
9.849999999999999645e+00 6.472491909385113651e+00
9.949999999999999289e+00 0.000000000000000000e+00
