1.000000000000000056e-01 0.000000000000000000e+00
2.999999999999999889e-01 0.000000000000000000e+00
5.000000000000000000e-01 0.000000000000000000e+00
6.999999999999999556e-01 0.000000000000000000e+00
9.000000000000000222e-01 4.000000000000000000e+00
1.100000000000000089e+00 2.630000000000000000e+02
1.300000000000000044e+00 5.340000000000000000e+02
1.500000000000000000e+00 8.180000000000000000e+02
1.699999999999999956e+00 1.211000000000000000e+03
1.899999999999999911e+00 1.639000000000000000e+03
2.100000000000000089e+00 1.967000000000000000e+03
2.299999999999999822e+00 2.283000000000000000e+03
2.500000000000000000e+00 2.587000000000000000e+03
2.700000000000000178e+00 3.099000000000000000e+03
2.899999999999999911e+00 3.672000000000000000e+03
3.100000000000000089e+00 3.996000000000000000e+03
3.299999999999999822e+00 3.892000000000000000e+03
3.500000000000000000e+00 3.569000000000000000e+03
3.700000000000000178e+00 3.510000000000000000e+03
3.899999999999999911e+00 3.416000000000000000e+03
4.099999999999999645e+00 3.467000000000000000e+03
4.299999999999999822e+00 3.429000000000000000e+03
4.500000000000000000e+00 3.337000000000000000e+03
4.700000000000000178e+00 3.306000000000000000e+03
4.900000000000000355e+00 3.270000000000000000e+03
5.099999999999999645e+00 2.874000000000000000e+03
5.299999999999999822e+00 2.571000000000000000e+03
5.500000000000000000e+00 2.381000000000000000e+03
5.700000000000000178e+00 2.006000000000000000e+03
5.900000000000000355e+00 1.828000000000000000e+03
6.099999999999999645e+00 1.657000000000000000e+03
6.299999999999999822e+00 1.653000000000000000e+03
6.500000000000000000e+00 1.446000000000000000e+03
6.700000000000000178e+00 1.318000000000000000e+03
6.900000000000000355e+00 1.346000000000000000e+03
7.099999999999999645e+00 1.313000000000000000e+03
7.299999999999999822e+00 1.213000000000000000e+03
7.500000000000000000e+00 1.172000000000000000e+03
7.700000000000000178e+00 1.035000000000000000e+03
7.900000000000000355e+00 8.680000000000000000e+02
8.099999999999999645e+00 6.930000000000000000e+02
8.300000000000000711e+00 5.670000000000000000e+02
8.500000000000000000e+00 4.420000000000000000e+02
8.699999999999999289e+00 3.950000000000000000e+02
8.900000000000000355e+00 3.780000000000000000e+02
9.099999999999999645e+00 4.430000000000000000e+02
9.300000000000000711e+00 3.880000000000000000e+02
9.500000000000000000e+00 3.410000000000000000e+02
9.699999999999999289e+00 2.980000000000000000e+02
9.900000000000000355e+00 2.560000000000000000e+02
1.009999999999999964e+01 1.640000000000000000e+02
1.030000000000000071e+01 1.010000000000000000e+02
1.050000000000000000e+01 7.900000000000000000e+01
1.069999999999999929e+01 3.800000000000000000e+01
1.090000000000000036e+01 1.900000000000000000e+01
1.109999999999999964e+01 1.300000000000000000e+01
1.130000000000000071e+01 8.000000000000000000e+00
1.150000000000000000e+01 5.000000000000000000e+00
1.169999999999999929e+01 3.000000000000000000e+00
1.190000000000000036e+01 6.000000000000000000e+00
