0.000000000000000000e+00 0.000000000000000000e+00
2.000000000000000111e-01 0.000000000000000000e+00
4.000000000000000222e-01 0.000000000000000000e+00
6.000000000000000888e-01 0.000000000000000000e+00
8.000000000000000444e-01 0.000000000000000000e+00
1.000000000000000000e+00 0.000000000000000000e+00
1.200000000000000178e+00 2.172707005852192651e+03
1.400000000000000133e+00 2.648261921756321954e+03
1.600000000000000089e+00 2.373965112023297934e+03
1.800000000000000044e+00 2.555389890818785261e+03
2.000000000000000000e+00 2.584729756985664608e+03
2.200000000000000178e+00 2.743456364980012040e+03
2.400000000000000355e+00 2.702795566194291951e+03
2.600000000000000089e+00 3.035805879508697217e+03
2.800000000000000266e+00 3.540617588949116907e+03
3.000000000000000000e+00 3.827454195211381375e+03
3.200000000000000178e+00 3.961123441211656882e+03
3.400000000000000355e+00 3.663746903204666523e+03
3.600000000000000089e+00 3.408915903349531163e+03
3.800000000000000266e+00 3.257467610602739114e+03
4.000000000000000000e+00 3.049817434910022712e+03
4.200000000000000178e+00 3.093451527128104772e+03
4.400000000000000355e+00 2.924601597922676774e+03
4.600000000000000533e+00 3.042210406040789621e+03
4.800000000000000711e+00 2.893213548692343920e+03
5.000000000000000000e+00 3.010764651250424322e+03
5.200000000000000178e+00 2.634959048056593474e+03
5.400000000000000355e+00 2.268368838424576097e+03
5.600000000000000533e+00 1.879367206864207219e+03
5.800000000000000711e+00 1.783871850694945806e+03
6.000000000000000000e+00 1.174099183252569219e+03
6.200000000000000178e+00 9.296285529482262291e+02
6.400000000000000355e+00 7.287998728250032627e+02
6.600000000000000533e+00 4.207196809994323417e+02
6.800000000000000711e+00 4.253880309412168685e+02
7.000000000000000000e+00 3.318487328514060550e+02
7.200000000000000178e+00 3.002661798071952148e+02
7.400000000000000355e+00 2.489915712551475053e+02
7.600000000000000533e+00 2.181629597629114130e+02
7.800000000000000711e+00 1.966900932362615606e+02
8.000000000000000000e+00 1.443560284286884325e+02
8.200000000000001066e+00 1.103932573169238651e+02
8.400000000000000355e+00 1.282980810952318222e+02
8.599999999999999645e+00 1.575840809080983433e+02
8.800000000000000711e+00 1.026324740817159977e+02
9.000000000000000000e+00 1.285568865172731705e+02
9.200000000000001066e+00 1.223737529107142024e+02
9.400000000000000355e+00 1.548976808823174167e+02
9.600000000000001421e+00 1.401420424199419301e+02
9.800000000000000711e+00 1.322063020703447194e+02
1.000000000000000000e+01 9.094315471137714724e+01
1.020000000000000107e+01 8.943048234194230872e+01
1.040000000000000036e+01 1.310859284702397929e+02
1.060000000000000142e+01 1.183132239114072917e+02
1.080000000000000071e+01 8.574820893635255459e+01
1.100000000000000000e+01 1.357792492771669401e+02
1.120000000000000107e+01 8.766487075721251188e+01
1.140000000000000036e+01 1.250777194925294253e+02
1.160000000000000142e+01 8.346202052258442450e+01
1.180000000000000071e+01 1.245423972467009293e+02
1.200000000000000000e+01 1.525679209057535672e+02
1.220000000000000107e+01 6.766947942855458109e+01
1.240000000000000036e+01 1.138182664532230746e+02
1.260000000000000142e+01 1.146849650143945922e+02
1.280000000000000071e+01 1.051513865781216452e+02
1.300000000000000000e+01 7.462670270062446320e+01
1.320000000000000107e+01 7.897367133659244587e+01
1.340000000000000036e+01 9.154077089663667266e+01
1.360000000000000142e+01 7.607572100586908448e+01
1.380000000000000071e+01 1.289774477532890842e+02
1.400000000000000000e+01 8.160067685612501975e+01
1.420000000000000107e+01 7.869461279835324774e+01
1.440000000000000036e+01 8.350442156940330563e+01
1.460000000000000142e+01 0.000000000000000000e+00
1.480000000000000071e+01 0.000000000000000000e+00
1.500000000000000000e+01 0.000000000000000000e+00
1.520000000000000107e+01 0.000000000000000000e+00
1.540000000000000036e+01 0.000000000000000000e+00
1.560000000000000142e+01 0.000000000000000000e+00
1.580000000000000071e+01 0.000000000000000000e+00
1.600000000000000000e+01 0.000000000000000000e+00
1.619999999999999929e+01 0.000000000000000000e+00
1.640000000000000213e+01 0.000000000000000000e+00
1.660000000000000142e+01 0.000000000000000000e+00
1.680000000000000071e+01 0.000000000000000000e+00
1.700000000000000000e+01 0.000000000000000000e+00
1.719999999999999929e+01 0.000000000000000000e+00
1.740000000000000213e+01 0.000000000000000000e+00
1.760000000000000142e+01 0.000000000000000000e+00
1.780000000000000071e+01 0.000000000000000000e+00
1.800000000000000000e+01 0.000000000000000000e+00
1.819999999999999929e+01 0.000000000000000000e+00
1.840000000000000213e+01 0.000000000000000000e+00
1.860000000000000142e+01 0.000000000000000000e+00
1.880000000000000071e+01 0.000000000000000000e+00
1.900000000000000000e+01 0.000000000000000000e+00
1.920000000000000284e+01 0.000000000000000000e+00
1.940000000000000213e+01 0.000000000000000000e+00
1.960000000000000142e+01 0.000000000000000000e+00
1.980000000000000071e+01 0.000000000000000000e+00
2.000000000000000000e+01 0.000000000000000000e+00
2.020000000000000284e+01 0.000000000000000000e+00
2.040000000000000213e+01 0.000000000000000000e+00
2.060000000000000142e+01 0.000000000000000000e+00
2.080000000000000071e+01 0.000000000000000000e+00
2.100000000000000000e+01 0.000000000000000000e+00
2.120000000000000284e+01 0.000000000000000000e+00
2.140000000000000213e+01 0.000000000000000000e+00
2.160000000000000142e+01 0.000000000000000000e+00
2.180000000000000071e+01 0.000000000000000000e+00
2.200000000000000000e+01 0.000000000000000000e+00
2.220000000000000284e+01 0.000000000000000000e+00
2.240000000000000213e+01 0.000000000000000000e+00
2.260000000000000142e+01 0.000000000000000000e+00
2.280000000000000071e+01 0.000000000000000000e+00
2.300000000000000000e+01 0.000000000000000000e+00
2.320000000000000284e+01 0.000000000000000000e+00
2.340000000000000213e+01 0.000000000000000000e+00
2.360000000000000142e+01 0.000000000000000000e+00
2.380000000000000071e+01 0.000000000000000000e+00
2.400000000000000000e+01 0.000000000000000000e+00
2.420000000000000284e+01 0.000000000000000000e+00
2.440000000000000213e+01 0.000000000000000000e+00
2.460000000000000142e+01 0.000000000000000000e+00
2.480000000000000071e+01 0.000000000000000000e+00
2.500000000000000000e+01 0.000000000000000000e+00
2.520000000000000284e+01 0.000000000000000000e+00
2.540000000000000213e+01 0.000000000000000000e+00
2.560000000000000142e+01 0.000000000000000000e+00
2.580000000000000071e+01 0.000000000000000000e+00
2.600000000000000000e+01 0.000000000000000000e+00
2.620000000000000284e+01 0.000000000000000000e+00
2.640000000000000213e+01 0.000000000000000000e+00
2.660000000000000142e+01 0.000000000000000000e+00
2.680000000000000071e+01 0.000000000000000000e+00
2.700000000000000000e+01 0.000000000000000000e+00
2.720000000000000284e+01 0.000000000000000000e+00
2.740000000000000213e+01 0.000000000000000000e+00
2.760000000000000142e+01 0.000000000000000000e+00
2.780000000000000071e+01 0.000000000000000000e+00
2.800000000000000000e+01 0.000000000000000000e+00
2.820000000000000284e+01 0.000000000000000000e+00
2.840000000000000213e+01 0.000000000000000000e+00
2.860000000000000142e+01 0.000000000000000000e+00
2.880000000000000071e+01 0.000000000000000000e+00
2.900000000000000000e+01 0.000000000000000000e+00
2.920000000000000284e+01 0.000000000000000000e+00
2.940000000000000213e+01 0.000000000000000000e+00
2.960000000000000142e+01 0.000000000000000000e+00
2.980000000000000071e+01 0.000000000000000000e+00
