1.000000000000000056e-01 0.000000000000000000e+00
2.999999999999999889e-01 0.000000000000000000e+00
5.000000000000000000e-01 0.000000000000000000e+00
6.999999999999999556e-01 0.000000000000000000e+00
9.000000000000000222e-01 0.000000000000000000e+00
1.100000000000000089e+00 0.000000000000000000e+00
1.300000000000000044e+00 7.000000000000000000e+00
1.500000000000000000e+00 2.300000000000000000e+01
1.699999999999999956e+00 2.900000000000000000e+01
1.899999999999999911e+00 3.600000000000000000e+01
2.100000000000000089e+00 5.200000000000000000e+01
2.299999999999999822e+00 4.100000000000000000e+01
2.500000000000000000e+00 8.600000000000000000e+01
2.700000000000000178e+00 1.660000000000000000e+02
2.899999999999999911e+00 2.920000000000000000e+02
3.100000000000000089e+00 5.010000000000000000e+02
3.299999999999999822e+00 8.080000000000000000e+02
3.500000000000000000e+00 9.430000000000000000e+02
3.700000000000000178e+00 9.930000000000000000e+02
3.899999999999999911e+00 1.134000000000000000e+03
4.099999999999999645e+00 1.200000000000000000e+03
4.299999999999999822e+00 1.278000000000000000e+03
4.500000000000000000e+00 1.406000000000000000e+03
4.700000000000000178e+00 1.401000000000000000e+03
4.900000000000000355e+00 1.437000000000000000e+03
5.099999999999999645e+00 1.556000000000000000e+03
5.299999999999999822e+00 1.493000000000000000e+03
5.500000000000000000e+00 1.400000000000000000e+03
5.700000000000000178e+00 1.260000000000000000e+03
5.900000000000000355e+00 1.166000000000000000e+03
6.099999999999999645e+00 1.091000000000000000e+03
6.299999999999999822e+00 9.460000000000000000e+02
6.500000000000000000e+00 9.340000000000000000e+02
6.700000000000000178e+00 8.820000000000000000e+02
6.900000000000000355e+00 8.060000000000000000e+02
7.099999999999999645e+00 8.120000000000000000e+02
7.299999999999999822e+00 7.690000000000000000e+02
7.500000000000000000e+00 7.530000000000000000e+02
7.700000000000000178e+00 7.460000000000000000e+02
7.900000000000000355e+00 7.530000000000000000e+02
8.099999999999999645e+00 6.030000000000000000e+02
8.300000000000000711e+00 5.000000000000000000e+02
8.500000000000000000e+00 4.400000000000000000e+02
8.699999999999999289e+00 3.820000000000000000e+02
8.900000000000000355e+00 2.940000000000000000e+02
9.099999999999999645e+00 2.730000000000000000e+02
9.300000000000000711e+00 2.700000000000000000e+02
9.500000000000000000e+00 2.850000000000000000e+02
9.699999999999999289e+00 2.940000000000000000e+02
9.900000000000000355e+00 2.520000000000000000e+02
1.009999999999999964e+01 2.220000000000000000e+02
1.030000000000000071e+01 1.670000000000000000e+02
1.050000000000000000e+01 1.320000000000000000e+02
1.069999999999999929e+01 9.300000000000000000e+01
1.090000000000000036e+01 6.500000000000000000e+01
1.109999999999999964e+01 4.100000000000000000e+01
1.130000000000000071e+01 2.400000000000000000e+01
1.150000000000000000e+01 8.000000000000000000e+00
1.169999999999999929e+01 6.000000000000000000e+00
1.190000000000000036e+01 3.000000000000000000e+00
