4.562  0.209991  1081 6
225.75  0.281713  607 6
10.938  0.220111  1263 6
166.906  0.403444  813 4
67.72  0.0933165  793 4
-318.585  0.289817  383 4
82.829  0.270341  762 4
9.064  0.265165  2308 6
-379.748  0.233674  1271 4
-223.625  0.236111  360 4
13.03  0.303477  949 4
17.141  0.214  500 4
63.781  0.287356  522 6
-225.798  0.204703  723 4
19.125  0.268065  429 4
-33.367  0.271357  796 4
-24.923  0.254753  1052 4
228.374  0.214414  555 4
57.265  0.277154  534 6
74.015  0.34292  904 6
70.095  0.285149  505 4
70.485  0.353521  710 4
29.968  0.285714  1204 4
36.53  0.251351  740 4
-337.476  0.161088  478 4
-56.343  0.17689  701 4
-118.156  0.228148  675 6
69.782  0.363144  738 4
-216.078  0.0312519  16383 4
-1.593  0.259483  12101 4
15.798  0.224868  378 6
27  0.246512  430 4
83.328  0.333929  560 6
1.018  0.232273  2200 4
9.734  0.22561  984 4
-88.916  0.259096  13798 4
70.812  0.386534  802 4
58.624  0.349562  1828 6
-63.251  0.0725806  372 4
58.89  0.410761  762 6
46.89  0.189944  716 6
-4.501  0.22788  1198 6
70.61  0.218978  1644 4
6.983  0.213577  1311 4
19.844  0.130573  314 6
74  0.351492  771 4
125.907  0.214286  448 4
-148.561  0.250319  1566 4
66.625  0.29212  736 6
-3.859  0.306358  1384 4
133.743  0.320812  985 6
-206.734  0.217733  891 4
165.219  0.277186  469 4
-18.921  0.258511  940 6
86.361  0.338235  544 4
10.297  0.240833  1200 6
4.843  0.281481  540 4
58.516  0.321195  2444 6
6.687  0.23395  2539 6
57.86  0.375982  891 6
9.984  0.22  1450 6
76.735  0.314626  588 6
-46.078  0.258427  890 6
69.813  0.378571  1260 6
88.329  0.416139  632 4
-305.046  0.291262  721 6
68.626  0.374302  1253 4
-315.156  0.335968  1518 6
-128.968  0.240297  1211 4
66.077  0.34345  626 6
-248.796  0.159326  772 6
69.547  0.281938  454 4
59.937  0.178723  1175 4
50.344  0.345602  2581 4
138.139  0.234854  1337 4
14.752  0.394643  560 4
55.406  0.28  375 6
60.656  0.288165  583 6
71.922  0.35  1040 4
57.171  0.363376  699 6
12.914  0.221849  595 6
-315.885  0.260916  14108 6
-165.967  0.291925  805 4
-12.453  0.265233  837 6
363.467  0.322528  617 4
91.093  0.231454  674 4
86.155  0.314783  575 4
12.937  0.147651  447 4
-346.032  0.217033  364 6
59.328  0.319069  2407 4
153.844  0.196133  362 4
-217.749  0.253521  852 6
7.82  0.235294  1904 6
77.485  0.293051  993 4
13.829  0.326186  1539 4
-257.077  0.265311  3935 4
64.906  0.359441  1647 4
13.782  0.221106  597 6
-173.14  0.250829  905 6
-208.486  0.25377  2719 4
-75.562  0.371429  630 4
68.688  0.27095  358 6
65.484  0.32409  577 6
-270.31  0.267241  464 6
-0.406  0.18711  481 4
336.468  0.21821  637 6
-328.016  0.254833  1138 4
4.736  0.255458  4764 4
284.704  0.223827  1385 6
328.922  0.225467  856 4
-3.156  0.265378  569 6
61.33  0.341748  515 4
-105.576  0.245847  1204 6
-4.686  0.181087  497 4
75.632  0.226967  2084 4
-199.908  0.289604  404 4
5.16  0.25713  13324 6
63.64  0.352547  746 6
8.18  0.24731  5948 6
-15.468  0.301294  541 6
57.33  0.359148  1033 6
79.908  0.334889  857 4
52.546  0.334317  1355 4
55.86  0.340949  1707 4
12.048  0.191106  832 6
10.358  0.260054  1119 4
13.862  0.281005  637 6
137  0.268787  11883 6
9.062  0.314796  1960 4
74.282  0.382716  729 4
13.078  0.23254  1303 6
13.282  0.180095  422 4
221.376  0.385492  965 4
62.86  0.355425  1871 6
57.906  0.353671  967 4
261.876  0.220217  554 4
-220.696  0.183623  403 6
-250.048  0.188859  736 6
-254.42  0.2253  1083 6
60.984  0.350109  1371 6
13.326  0.260737  3935 4
15.204  0.138568  433 6
55.344  0.341542  1868 6
63.564  0.343445  923 4
-102.484  0.317343  1084 4
96.562  0.269514  679 4
-261.594  0.231707  410 4
-40.202  0.252612  1053 6
-269.656  0.204327  416 4
-327.58  0.214461  816 6
-177.076  0.184615  390 6
61.492  0.336375  767 4
-179.936  0.24434  2562 4
-29.25  0.24024  666 4
13.216  0.181159  690 4
62.234  0.325279  538 6
12.516  0.235788  1073 6
11.03  0.237567  2252 4
-6.164  0.274566  7022 4
117.64  0.210218  1194 6
29.14  0.201281  1093 6
183.424  0.200688  872 4
70.248  0.342657  715 6
-254.9  0.221925  374 4
9.89  0.197115  1040 4
-257.656  0.209738  534 4
-191.312  0.290653  781 4
6.11  0.256562  4724 4
331.71  0.411765  680 4
195.264  0.983214  16383 6
245.406  0.206725  803 6
6.69  0.295597  954 6
191.298  0.178404  426 6
55.016  0.317751  1476 6
0.594  0.302122  801 4
68  0.308081  1188 6
-37.874  0.234091  440 6
-79.248  0.155488  328 4
65.718  0.312372  1463 4
12.328  0.273532  1243 4
58.06  0.303927  1757 6
9.656  0.221429  420 4
317.472  0.32334  467 4
-22.876  0.187654  810 6
65.804  0.364421  579 4
318.984  0.202105  475 6
0.5  0.302953  779 4
76.36  0.330645  496 6
-99.06  0.24375  800 4
-167.472  0.257285  2608 4
55.936  0.380892  2376 4
-236.72  0.239089  527 6
-328.048  0.232915  1434 4
75.468  0.346806  767 4
58.36  0.353982  1356 6
-0.892  0.239607  2237 6
72.908  0.347581  1240 4
70.28  0.405743  801 6
-242.72  0.181818  429 4
53.268  0.226755  1054 6
57.8  0.347791  1245 6
67.516  0.311848  1055 4
6.916  0.246499  4142 6
-50.188  0.245336  1072 4
210.392  0.206798  4884 6
116.656  0.229939  1483 6
4.404  0.193506  770 6
2.124  0.19656  407 6
-63.312  0.249534  1074 6
-326.344  0.133136  338 6
12.516  0.231373  765 4
96.772  0.248381  1699 6
6.828  0.18507  16383 4
168.016  0.387618  743 6
66.284  0.35755  702 6
-54.152  0.145078  386 6
-244.172  0.260717  1143 6
10.952  0.218414  1488 4
-0.58  0.161692  804 6
-300.876  0.228302  530 6
268.58  0.0769231  364 4
75.716  0.403733  1018 4
79.044  0.414122  524 6
58.348  0.385034  1470 4
347.94  0.25762  1017 6
-304.64  0.18677  514 6
69.224  0.380721  1027 4
58.264  0.330779  1566 4
66.7  0.316465  1324 4
81.72  0.240293  1365 6
67.376  0.321327  1055 6
-23.66  0.102326  430 4
115.088  0.337917  1018 4
9.028  0.204082  539 6
-159.264  0.207526  877 6
-25.06  0.200675  593 6
396.564  0.246076  3759 4
-6.172  0.183406  687 4
-311.78  0.233708  2225 6
64.132  0.360721  998 4
72.36  0.40753  903 4
-163.672  0.271919  787 4
227.5  0.399015  1015 6
53.14  0.325344  2837 6
88.736  0.374046  524 4
11.456  0.269143  1319 6
-28.104  0.237745  408 4
81.5  0.160878  547 4
60.94  0.199495  396 6
66.028  0.322635  1184 6
-243.08  0.244147  897 6
-7.356  0.280258  2330 4
-272.42  0.320755  1113 4
53.204  0.359955  1778 6
-110.092  0.339489  704 6
-298.108  0.272214  1418 4
-166.816  0.23838  8692 6
236.284  0.252674  1496 4
17.3  0.176587  504 4
58.672  0.351587  1260 6
-201.176  0.23893  1084 4
49.14  0.258713  2238 4
14.94  0.273523  457 6
19.264  0.389864  513 4
59.86  0.347852  1699 4
12.108  0.244774  1483 4
56.188  0.345727  1533 6
67.36  0.345436  964 6
277.312  0.221088  588 6
66.308  0.375401  935 4
75.408  0.364922  707 6
6.248  0.326667  750 4
-59.016  0.251238  808 4
-22.944  0.272258  775 4
74.36  0.364929  633 6
64.032  0.382609  1035 4
66.172  0.341463  943 4
-76.268  0.22963  1620 6
61  0.387534  738 6
-343.472  0.479814  644 4
-168.112  0.241681  1142 6
176.72  0.263822  1031 4
2.952  0.260759  1975 6
14.268  0.212625  602 6
69.44  0.320847  614 6
-184.936  0.107784  334 4
73.068  0.379213  712 4
9.928  0.0736739  16383 4
-114.436  0.170241  746 6
53.468  0.249584  601 6
-76.316  0.228269  1323 4
217.08  0.230839  1109 6
54.236  0.30828  2488 6
-59.924  0.169892  465 6
12.296  0.258296  1115 6
-335.328  0.313167  562 4
-72.02  0.249164  1196 4
-285.176  0.26165  2339 4
13.372  0.25  652 4
-241.968  0.26006  1342 4
157.768  0.301552  902 6
67.624  0.394419  1075 4
59.86  0.405318  1241 4
19.04  0.204611  347 4
-43.156  0.158055  329 6
69.136  0.233108  2072 6
65.14  0.382065  1327 4
-263.564  0.208575  863 4
13.908  0.174757  412 6
12.376  0.141333  375 4
-121  0.119334  1081 6
9.8  0.19712  1111 6
-155.1  0.227894  1391 6
-186.532  0.458522  663 4
61.78  0.341478  1678 6
11.72  0.137349  415 4
55.044  0.328677  1217 6
62.016  0.350184  1088 6
58.484  0.375637  1765 4
10.28  0.223361  488 6
-296.156  0.420814  663 4
-303.68  0.230971  381 4
-93.268  0.247984  1488 4
341.612  0.280197  1217 4
117.376  0.052459  305 4
139.156  0.202552  627 4
12.248  0.236256  2201 4
-2.684  0.252134  16285 6
-297.152  0.197959  490 6
-81.864  0.190476  840 6
379.16  0.364486  1177 4
-115.376  0.242539  2379 4
-316.672  0.222549  1020 6
167.42  0.265237  886 4
59.124  0.328664  1856 6
-324.188  0.250943  1590 4
-310.86  0.248067  1423 6
11.176  0.237861  1421 4
-75.188  0.213178  516 6
63.252  0.345833  1680 6
-291  0.111801  322 4
68.848  0.315789  1216 6
13.536  0.309168  469 6
-198.656  0.20884  905 6
-216.016  0.238202  1335 6
258.064  0.345992  711 6
106.968  0.183071  508 4
-19.468  0.195226  1173 4
-293.688  0.257426  707 4
15.312  0.261242  467 4
54.736  0.366284  2438 6
93.264  0.227147  361 6
-56.1  0.188437  467 6
-0.452  0.240093  1716 4
-240.256  0.217949  468 6
340.624  0.263911  629 6
-99.88  0.14433  291 4
12.592  0.0710306  1436 6
16.904  0.22449  392 6
57.592  0.346622  1806 4
116.656  0.0776398  322 4
-201.064  0.366992  921 4
8.592  0.257648  2713 4
71.968  0.328849  669 6
-284.72  0.20283  424 6
61.656  0.34182  1571 6
-268.664  0.272796  1316 4
58.808  0.329443  1114 4
8.072  0.232198  646 6
64.392  0.332719  1085 6
16.072  0.228795  896 4
-349.072  0.283117  385 4
58.456  0.341282  1342 6
364.56  0.136283  565 6
-281.688  0.307512  426 4
-29.144  0.253616  4771 6
54.768  0.263254  12072 6
8.928  0.264723  15673 4
83.376  0.430586  922 6
303.408  0.174853  509 4
60.968  0.328211  1627 4
-52.248  0.247712  3387 4
-220.064  0.328421  475 4
270.76  0.227384  409 4
-147.44  0.208333  504 4
119.328  0.232653  490 4
58.544  0.31381  1861 4
-71.368  0.200569  703 6
-268.752  0.252101  714 4
55.592  0.335703  1266 4
85.2  0.305743  592 6
-107.2  0.217608  1204 4
-32.416  0.261623  2194 4
-1.832  0.241314  1583 4
56.816  0.376766  637 4
122.92  0.477593  781 4
-48.456  0.205063  1185 6
-3.096  0.241044  2568 4
15.112  0.146497  471 6
343  0.246512  1075 6
1.2  0.257296  8189 4
-90.016  0.218609  1107 6
-172.296  0.191489  940 6
378.984  0.365466  944 6
-6.968  0.223765  648 6
-28.16  0.207101  338 6
-4.928  0.197034  16383 4
-13.64  0.327798  1385 4
-138.408  0.259962  527 6
192.392  0.325397  1134 4
61.44  0.360255  941 4
382.504  0.208259  557 6
-366.752  0.363376  699 4
5.8  0.262486  1802 4
72.256  0.325123  812 6
-297.688  0.380692  1098 4
70.936  0.316071  560 4
8.84  0.223958  576 6
54.952  0.326158  1533 6
-163.528  0.249659  733 4
-188.624  0.232984  1146 4
286.944  0.353755  506 4
7.248  0.218462  1625 6
265.72  0.202564  390 6
6.248  0.216438  2920 6
-379.248  0.267349  1758 6
58.464  0.161777  1193 4
23.44  0.238138  1117 4
66.104  0.384669  1435 4
53.168  0.356655  1172 6
-2.328  0  16383 4
379.144  0.217593  864 4
-95.728  0.217391  506 4
-7.128  0.26109  789 6
54.584  0.315942  2415 6
59.888  0.311813  1456 6
-117.144  0.197015  1340 4
74.784  0.336054  735 6
51.672  0.384304  1236 4
294.296  0.344437  1591 6
-69.032  0.149573  468 6
56.688  0.316754  1910 6
14.168  0.182927  492 4
60.448  0.352217  812 6
267.016  0.377915  1458 4
262.44  0.14359  390 4
313.416  0.340591  1286 6
60.36  0.320996  1567 4
135.232  0.356551  603 6
-55.208  0.0145273  16383 6
5.296  0.254587  3052 6
58.48  0.386445  2523 4
62.064  0.403013  531 6
76.592  0.394928  828 6
50.584  0.33395  2162 6
14.704  0.277504  1218 4
259.056  0.257448  1309 6
17.848  0.216802  369 6
57.16  0.355365  1286 4
-99.392  0.29791  1675 4
29.32  0.255862  12495 6
59.192  0.19195  646 6
78.832  0.357798  1090 6
149.968  0.242472  631 4
59.592  0.324461  789 6
-287.136  0.22251  773 4
60.744  0.332231  1210 4
129.144  0.217676  1222 4
-171.44  0.136691  278 6
62.896  0.240246  487 4
16.312  0.306878  567 4
63.72  0.351474  882 4
185.48  0.26652  454 4
7.608  0.209358  2522 6
-10.584  0.250082  6082 4
237.704  0.221449  16383 6
12.688  0.232432  740 4
80.304  0.423121  865 4
-162.112  0.273032  597 4
-97.552  0.242424  1452 6
-205.328  0.20354  565 4
84.168  0.322581  1488 4
-308.968  0.255595  14210 6
46.064  0.240232  691 6
215.856  0.237097  1240 4
64.504  0.350446  896 4
-266.912  0.235772  861 6
-1.704  0.259809  2090 6
-103.304  0.0687204  844 4
-0.464  0.311656  815 4
12.472  0.161062  565 6
59.968  0.389129  1159 6
149.784  0.240356  674 4
-315.816  0.219447  1121 6
-382.976  0.441632  711 4
69.104  0.38273  857 6
86.808  0.368349  733 4
319.08  0.478528  652 6
346.216  0.249022  767 6
-161.456  0.224466  1684 4
64.848  0.339884  865 6
67.944  0.334249  1092 6
13.136  0.248358  1675 6
1.88  0.173832  535 4
118.888  0.297044  1387 4
42.296  0.249271  686 4
-121.312  0.18408  402 6
-154.92  0.458128  609 4
78.064  0.204461  538 6
18.688  0.283951  405 4
71.888  0.337302  756 4
75.408  0.383178  856 4
-113.24  0.260733  3191 4
75.472  0.148368  337 6
14.84  0.215212  1157 4
-317.56  0.419776  536 4
170.512  0.350764  1243 6
-218.952  0.16185  346 4
-162.936  0.256259  679 4
8.424  0.257816  4670 4
-2.56  0.352827  2069 4
-294.848  0.222359  814 6
85.032  0.338542  576 6
-4.536  0.205546  613 4
299.712  0.238139  1096 6
-2.808  0.245156  3871 6
-153.672  0.36  625 6
14.408  0.223684  608 6
2.672  0.274984  11117 4
132.208  0.340573  2026 4
68.664  0.343203  743 6
10.384  0.217654  1824 4
-262.192  0.234375  384 6
10.888  0.265369  976 4
-82.464  0.22051  1882 4
54.152  0.363723  1053 6
56.712  0.333048  2333 6
-79.944  0.217026  834 4
-330.064  0.205074  473 4
15.816  0.270998  631 4
158.032  0.237331  1184 4
-192.952  0.285714  1008 4
11.936  0.351816  523 4
183.968  0.369397  647 4
-128.344  0.0869565  299 6
-287.432  0.232068  1422 4
16.64  0.229126  515 4
-1.568  0.170298  16383 6
71.968  0.392749  662 6
56.784  0.365432  1620 6
58.296  0.338369  1324 6
-112.296  0.21764  873 4
-6.216  0.209512  778 4
-161.496  0.203008  1064 6
68.184  0.365508  777 6
-339.128  0.174927  343 4
52.96  0.342622  1579 4
60.648  0.354377  1188 6
-140.216  0.394711  1021 4
58.088  0.394301  1930 4
0.656  0.240642  561 4
-375.88  0.247117  607 4
-274.472  0.19403  603 4
81.408  0.138593  469 4
-80.4  0.168555  706 6
70.944  0.332689  1034 6
159.272  0.247392  671 6
24.08  0.244592  2404 6
52.6  0.341912  816 6
11.752  0.253555  844 6
58.144  0.324951  2028 4
294.672  0.356427  1198 4
13.56  0.28821  687 4
306.28  0.0904255  564 4
-23.016  0.265506  919 6
-111.144  0.227149  1105 4
-113.824  0.239934  1217 6
13.928  0.260976  820 6
335.64  0.343168  644 6
-16.016  0.292906  874 4
-315.752  0.170168  476 4
-80.72  0.248544  1030 6
-22.8  0.25233  1395 6
11.248  0.255595  849 4
52.864  0.327897  2943 4
16.376  0.295662  876 6
-129.2  0.0947075  359 4
304.92  0.252684  15185 6
231.928  0.218413  1021 6
15.472  0.191489  423 6
55.592  0.315098  1371 6
369.76  0.143478  460 6
135.184  0.102362  381 4
-0.064  0.244174  987 4
55.84  0.332731  1106 4
73.848  0.342679  963 4
53.488  0.331749  1893 6
-0.68  0.236748  2226 6
53.64  0.208247  485 4
66.816  0.445038  1310 4
-169.296  0.269456  1195 6
-328.936  0.281972  649 4
9.488  0.222455  953 6
-20  0.223118  372 4
73.464  0.328273  527 6
49.808  0.333819  2744 6
54.144  0.332556  2144 6
9.944  0.271446  5036 6
-98.064  0.260223  1076 6
185.92  0.3664  625 4
7.608  0.249395  826 6
-219.856  0.291866  836 4
61.52  0.298507  1139 6
-191.488  0.232305  1102 4
13.704  0.196455  677 4
251.328  0.209078  727 6
63.872  0.272352  727 6
15.848  0.198807  503 4
80.656  0.200532  1127 4
174.152  0.249405  2101 4
-231.904  0.217586  1342 6
4.968  0.261538  585 4
-60.64  0.306263  1453 4
130.048  0.407022  1538 6
10.024  0.241722  1208 6
54.8  0.272382  1318 6
381.752  0.214112  411 6
-3.936  0.255861  1493 4
57.144  0.324066  1151 4
139.624  0.367545  721 6
-268.824  0.230844  1031 6
59.736  0.364334  1172 4
-31.816  0.242123  1809 6
-219.704  0.272926  1374 4
-72.128  0.250148  1691 6
15.976  0.25431  464 6
76.44  0.286467  569 6
-351.992  0.250478  2615 6
-264.776  0.209615  520 4
-290.848  0.272174  1150 6
72.088  0.296596  617 6
70.92  0.412327  941 6
395.392  0.167147  347 6
-317.768  0.244019  836 6
-239.632  0.08125  320 6
-248.432  0.354934  679 6
-102.888  0.24708  1113 6
64.08  0.278826  477 6
70.368  0.348199  1166 4
53.984  0.253776  2317 4
-297.592  0.20625  480 6
-326.84  0.295026  583 4
85.688  0.397206  501 4
70.728  0.407514  1038 4
29.688  0.233775  1510 6
68.36  0.327144  1131 4
72.28  0.366425  1239 6
-8.408  0.276553  499 6
380.528  0.0945946  296 4
-0.192  0.250529  3780 4
274.448  0.421304  629 4
-40.72  0.23011  817 4
320.496  0.381264  459 4
-65.72  0.217207  709 4
-112.408  0.301613  620 4
-23.248  0.196676  361 4
31.792  0.357192  1439 4
-171  0.232014  1112 4
99.352  0.223834  965 4
-69.368  0.221865  1244 4
14.72  0.315068  511 4
167.744  0.136929  1687 4
373.64  0.338235  748 4
-46.848  0.103189  533 4
-15.096  0.194529  658 4
53.512  0.358545  2446 6
-37.576  0.230303  990 6
9.008  0.197262  2484 4
242  0.175243  16383 4
58.656  0.353636  1609 4
11.28  0.298343  905 4
60.72  0.46793  686 6
-136.336  0.257286  2985 6
59.344  0.395402  870 4
253.96  0.222959  4373 4
29.136  0.206349  378 4
-308.224  0.263543  1366 6
-7.736  0.258605  8774 4
198.528  0.413399  612 4
39.784  0.297101  966 4
-2.784  0.248895  679 6
67.392  0.387324  1278 6
188.88  0.215139  502 6
4.64  0.250723  2768 4
322.256  0.00573394  872 6
171.536  0.34134  791 4
71.056  0.361624  813 4
-43.456  0.333035  1117 4
80.688  0.368627  510 6
57.104  0.412483  1474 4
-130.384  0.271762  1413 6
11.456  0.257219  14338 6
-21.136  0.25  656 6
-284.448  0.21262  729 6
223.328  0.367515  1453 4
-3.92  0.244835  1936 4
391.104  0.300668  898 6
75.344  0.383973  599 4
-178.112  0.19177  1288 6
1.504  0.242045  3677 6
162.816  0.233333  1140 6
-188.4  0.242215  1156 4
60.256  0.357086  1249 6
134.224  0.338954  593 4
10.848  0.174439  579 6
93.248  0.321381  753 6
-144.896  0.239063  640 6
58.512  0.355615  1122 6
-91.376  0.0626866  335 6
183.664  0.345168  507 6
14.224  0.216766  835 4
-19.072  0.205534  1012 6
99.664  0.217523  331 4
1.68  0.215496  413 4
6.784  0.208034  697 6
132.208  0.333933  1111 6
57.952  0.2614  1886 6
65.824  0.342882  1152 6
75.472  0.349794  729 4
43.008  0.300952  525 4
17.664  0.15601  391 4
-3.488  0.241018  1336 6
-23.424  0.24431  1977 4
55.136  0.366013  1071 6
-188.752  0.253937  2032 6
-161.824  0.250588  850 4
59.92  0.385151  1724 4
-334.368  0.23876  645 4
59.792  0.33697  1650 4
-15.888  0.259539  2385 6
-233.328  0.160622  386 4
11.328  0.224816  2313 6
67.584  0.326087  1058 4
-123.968  0.179688  768 4
129.216  0.258  500 4
315.424  0.382527  847 6
-69.696  0.236  1250 6
9.648  0.223684  988 6
114.128  0.405163  891 6
67.536  0.387629  970 6
60.784  0.316629  1756 6
4.912  0.249363  4319 4
33.92  0.0103359  387 6
9.552  0.287872  2185 4
14.224  0.25931  725 4
3.904  0.234907  4257 6
-15.76  0.198511  403 6
125.216  0.27256  543 4
0.128  0.194444  540 6
-45.648  0.272917  480 4
5.088  0.218817  3263 6
-297.808  0.39124  1347 4
-49.776  0.198988  593 4
-0.592  0.254105  2558 4
142.928  0.225653  421 4
-56.112  0.249606  2540 6
71.072  0.392496  693 6
72.752  0.420561  749 4
58.576  0.320955  2639 4
57.456  0.311412  1034 6
10.128  0.233007  3060 6
73.344  0.242718  515 6
-197.44  0.244954  1090 4
17.12  0.232558  473 4
153.376  0.170123  2604 4
51.76  0.359766  1879 4
60.208  0.349117  1415 6
57.808  0.339377  1765 4
-299.504  0.294714  1381 4
-89.056  0.343413  463 6
306.416  0.39577  662 4
-220.848  0.240805  2583 4
-119.648  0.304321  1597 4
-71.648  0.202983  1542 4
15.312  0.137011  562 6
-92.992  0.374325  1667 4
54.8  0.339691  2202 4
-300.48  0.214773  880 6
-138.08  0.213825  1085 6
-379.344  0.371094  1024 4
251.792  0.397306  891 6
-328.624  0.295828  791 6
-342.864  0.296429  1400 4
123.84  0.359944  1428 6
-76.736  0.28848  1033 6
-140.96  0.20934  621 6
92.464  0.00970874  309 4
67.184  0.533013  833 4
-341.696  0.256043  13486 6
126.448  0.178538  1053 6
-194.336  0.316564  815 4
63.744  0.303887  566 4
14.016  0.0576923  416 4
60  0.317522  2066 4
58.288  0.331917  1648 4
60.032  0.333045  1156 6
-43.68  0.222552  337 4
-164.992  0.411582  967 4
57.088  0.279676  1112 6
-230.016  0.206349  756 4
-360.08  0.126844  339 6
-139.68  0.116522  575 4
2.352  0.247934  605 4
