68.204  0.341719  1431 4
22.875  0.21513  423 6
-212.22  0.229938  648 4
-153.687  0.244671  2064 6
56.468  0.360487  2136 4
14.25  0.213362  464 6
162.72  0.232113  1202 6
71.086  0.40457  744 6
-130.655  0.252551  392 6
69.108  0.381102  1270 6
14.829  0.296724  519 4
-2.954  0.252758  1994 4
7.703  0.252174  2990 6
287.407  0.339026  1171 6
1  0.173575  386 6
25.829  0.222111  995 4
-83.641  0.264813  2194 6
361.844  0.199678  621 4
205.266  0.365079  1323 4
87.594  0.328767  584 4
13.156  0.241114  1041 4
11.578  0.235927  1581 6
-121.508  0.252507  1097 6
10.157  0.202765  434 6
-273.214  0  16383 6
53.579  0.337626  1786 4
53.22  0.222222  657 4
304.859  0.245893  1826 6
60.094  0.340909  1716 4
-388.736  0.229562  1211 4
59.906  0.392614  1029 6
261.296  0.356984  1353 6
-306.371  0.0404688  16383 4
-263.906  0.242806  556 6
104.735  0.233516  364 6
-381.485  0.268741  707 4
55.016  0.355644  1001 4
15.859  0.26393  341 6
293.313  0.357002  507 6
323.124  0.339956  906 4
-157.046  0.233897  1894 4
38.861  0.234201  1076 4
14.407  0.210762  669 4
55.79  0.364086  607 6
-168.187  0.242718  721 4
122.5  0.361682  1070 4
68.921  0.366405  1018 6
55.313  0.369048  756 4
-183.782  0.202  500 4
-241.234  0.211454  681 4
58  0.355302  2018 6
59.783  0.391304  782 4
-244.686  0.216471  425 4
15.064  0.199203  502 6
51.874  0.319645  2703 4
334.938  0.243243  814 4
6.887  0.254659  11376 6
17.783  0.232143  392 4
-5.017  0.23736  1424 6
16.703  0.280392  510 4
-202.094  0.238871  921 6
17.531  0.267191  509 6
73.46  0.349794  1458 6
-118.344  0.241667  600 6
-291.859  0.219235  967 6
39.485  0.271137  686 4
-124.421  0.250765  1308 4
338.53  0.242094  917 6
-4.194  0.248272  1736 6
-266.876  0.252033  369 6
4.577  0.253308  4761 4
63.97  0.212857  1400 4
20.686  0.150442  339 4
345.345  0.352222  1800 4
56.374  0.361665  2859 6
14.752  0.237248  843 4
71.421  0.371409  1427 6
-43.188  0.278902  692 4
63.97  0.340361  1992 4
7.328  0.244426  2422 4
70.225  0.311943  1683 4
59.719  0.387022  863 4
-263.158  0.351412  885 4
51.249  0.334552  4104 4
110.313  0.37747  506 4
17.968  0.19084  393 4
-1.087  0.23013  1925 4
17.664  0.257373  373 4
134.186  0.369935  765 6
-249.547  0.232484  1256 6
88.467  0.332815  643 6
-303.546  0.220339  885 6
375.157  0.344357  1391 4
205.5  0.266174  541 4
-384.438  0.266223  601 4
65.22  0.365584  1540 4
-187.391  0.225678  1511 6
164.25  0.241007  556 6
374.61  0.323286  2654 4
15.907  0.218978  411 6
77.483  0.367871  1052 6
-24.439  0.293598  453 6
-333.048  0.261525  1128 6
-328.751  0.238318  642 6
133.295  0.368564  1107 4
9.624  0.256952  1798 4
207  0.24808  1302 6
11.062  0.271449  711 6
-51.93  0.237216  704 4
-258.688  0.203448  290 6
390.031  0.253933  445 4
88.204  0.373997  623 4
-223.717  0.24053  1056 4
210.344  0.382739  533 6
154.078  0.34918  610 6
57.282  0.358001  2081 4
50.672  0.343391  3480 6
7.988  0.235589  798 4
-327.094  0.238965  657 6
-2.218  0.243309  822 6
-3.156  0.240545  661 6
45.266  0.329189  3861 6
10.314  0.234827  1384 4
-54.968  0.229469  1656 4
138.812  0.235966  1051 4
70.436  0.37092  1685 6
106.42  0.251773  564 6
259.452  0.328512  484 6
205.174  0.25739  1387 4
66.672  0.310663  1191 6
13.58  0.256184  566 4
89  0.232465  998 4
49.156  0.228489  2429 6
57.118  0.335589  2512 6
-253.802  0.205414  628 6
-252.61  0.22031  581 4
326.952  0.250846  2069 6
-225.798  0.260126  1111 4
78  0.364146  714 4
-53.374  0.22721  2161 6
-235.828  0.234292  2642 4
26.814  0.107692  390 4
-181.384  0.248835  2789 4
66.796  0.381484  1253 6
-36.108  0.240942  1104 6
-223.744  0.230741  2765 4
-96.174  0.260597  1911 4
-134.06  0.234856  2014 4
-262.672  0.263858  3157 4
157.472  0.333652  2095 6
32.546  0.234467  1706 4
-306.252  0.230682  880 6
269.986  0.210773  427 4
15  0.32008  503 6
-228.53  0.247505  501 6
74.142  0.244898  1029 4
-19.03  0.213094  779 6
-105.954  0.248339  1204 6
-290.272  0.236994  865 6
-354.952  0.242123  603 4
73.462  0.398777  1472 6
10.81  0.250307  3260 4
52.686  0.350271  1476 6
161.358  0.223289  833 6
-48.016  0.248591  3017 6
17.07  0.259346  428 6
-293.344  0.282486  531 6
-287.72  0.215743  343 4
-171.764  0.237288  1593 6
55.516  0.331399  2930 4
-17.61  0.229885  696 6
55.5  0.34269  3420 6
7.898  0.260131  4590 6
-269.232  0.230834  1187 6
56.204  0.356537  1767 6
214.468  0.173387  496 6
15.576  0.210407  442 6
338.518  0.339623  689 6
-21.332  0.238806  1943 4
291.922  0.26385  1065 4
17.72  0.132616  279 4
-3.25  0.228937  1721 4
-10.47  0.182768  383 6
13.704  0.254023  870 4
160.938  0.370705  553 4
13.676  0.241114  1041 4
32.484  0.376754  2495 6
55.564  0.328463  1985 6
-206.096  0.217861  1758 6
-7.452  0.234012  688 4
217.932  0.24466  1030 6
61.61  0.355191  915 6
278.094  0.38777  1341 4
-273.192  0.247784  2369 6
108.296  0.358696  1104 6
71.556  0.311069  524 4
61.084  0.302457  2645 4
16.764  0.235897  390 4
332.202  0.182471  696 6
-0.11  0.221408  682 4
-66.126  0.237037  405 4
146.092  0.21992  1255 4
10.104  0.241379  3190 6
7.252  0.236502  3019 6
261.75  0.217469  561 4
-74.544  0.237472  2215 6
139.74  0.0434597  16383 4
65.75  0.350699  787 6
69.654  0.37577  974 4
72.306  0.540943  1209 6
-244.516  0.241472  1114 6
-13.416  0.255791  7209 6
253.686  0.261905  672 4
11.858  0.235795  1760 4
14.744  0.242947  638 4
14.232  0.233129  489 4
-361  0.246415  767 6
28.906  0.24187  984 6
71.28  0.381373  1020 4
-297.688  0.136816  402 6
-2.056  0.243924  3456 4
17.954  0.246127  581 4
78.312  0.3375  720 4
70.576  0.365503  487 6
23  0.191919  396 6
15.468  0.283088  544 6
58.368  0.332621  3274 4
340.048  0.260306  849 6
73.712  0.264977  434 6
371.906  0.246626  815 4
-331.064  0.221601  537 4
-342.282  0.193929  593 4
-194.936  0.237569  724 6
13.014  0.217466  1168 4
55.938  0.332978  2811 6
16.968  0.232416  327 4
-358.03  0.197211  502 4
17.96  0.228205  390 4
-268.766  0.225098  1777 4
273.344  0.372024  672 6
19.384  0.191126  586 6
13.234  0.244953  743 4
85.564  0.397878  754 6
-142.998  0.247986  1117 4
60.572  0.376271  590 4
148.328  0.227513  756 6
-262.968  0.206989  372 4
-330.188  0.230469  768 4
63.11  0.371611  627 4
53.752  0.323656  1860 4
331.952  0.259713  1879 6
65.732  0.349643  1819 4
3.98  0.18446  16383 4
14.044  0.263959  788 4
88.016  0.357058  843 4
-137.008  0.229349  2058 4
-78.002  0.246889  2009 6
-203.686  0.279352  494 6
196.248  0.396072  611 4
-0.908  0.256358  4876 4
65.7  0.344027  904 4
-11.048  0.220207  1544 6
-105.212  0.240092  2170 6
-104.352  0.278752  513 6
-3.576  0.246893  1207 6
-21.156  0.239872  938 4
82.456  0.35809  754 4
134.124  0.37435  577 4
-178.06  0.36673  529 4
11.676  0.235425  3602 4
-32.392  0.209916  948 4
56.86  0.352629  2453 6
-372.148  0.242754  1656 6
54.908  0.334194  3097 4
67.496  0.353988  1630 6
-260.828  0.197158  563 4
71.58  0.395455  660 4
-117.876  0.229025  882 6
-102.296  0.347326  2001 4
76.816  0.223757  724 6
-234.7  0.260204  2548 4
172.764  0.228165  1477 6
-120.092  0.408931  1702 4
-202.124  0.262217  839 6
59.08  0.251214  824 6
-333.544  0.235795  352 6
-236.752  0.238004  521 6
-344.956  0.301703  411 6
-241.272  0.255854  2904 6
-141.252  0.253804  1446 6
-233.312  0.245581  1075 4
103.324  0.247681  1078 6
91.876  0.38326  908 6
-2.124  0.217949  546 4
55.68  0.35948  2078 4
65.56  0.364527  919 6
14.764  0.221569  510 6
-32.748  0.2194  433 4
71.548  0.335899  1429 4
60.172  0.378818  2030 4
11.484  0.238431  1275 6
13.732  0.26087  575 4
-357.02  0.256729  966 4
72.612  0.350161  931 4
-283.596  0.264803  608 6
158.892  0.428215  801 4
61.876  0.342189  1882 4
62.828  0.35924  1158 4
54.184  0.323082  3089 6
109.608  0.22783  1387 6
60.624  0.36376  734 6
50.452  0.338353  3984 6
17.124  0.228155  412 6
11.904  0.228346  381 6
1.172  0.284553  861 6
13.28  0.237366  653 4
78.372  0.250349  1434 6
16.376  0.225806  372 4
-7.028  0.232614  417 6
9.236  0.247035  1939 4
-305.608  0.225513  439 4
77.592  0.335727  557 6
17.532  0.194611  334 4
115.764  0.248948  1426 6
-228.624  0.288227  739 6
3.704  0.25  984 6
113.544  0.201493  536 4
0.576  0.217577  1172 4
15.312  0.237288  708 4
68.44  0.387215  1361 6
363.096  0.248175  411 6
-146.492  0.246667  1800 4
16.264  0.253283  533 4
-81.032  0.221219  1329 6
-332.28  0.228727  1657 4
77.344  0.363723  1053 6
233.78  0.344237  642 6
-1.532  0.240826  872 6
150.596  0.241042  614 6
-77.936  0.27044  636 4
58.576  0.394076  1992 6
366.564  0.242967  391 6
-111.544  0.333606  4886 6
-297.812  0.23899  1703 6
65.44  0.239264  489 6
67.612  0.341931  1357 4
305.876  0.253589  418 6
52.048  0.347826  2415 4
116.036  0.228814  1770 6
101.608  0.237624  808 4
66.592  0.248268  866 6
-1.612  0.23014  2077 4
321.248  0.375  704 4
-191.156  0.245802  655 4
17.844  0.262997  327 4
79.984  0.356852  737 4
13.14  0.182796  837 4
-391.704  0.234555  955 6
62.892  0.345979  1977 4
72.184  0.341515  1426 4
228.108  0.325572  2491 4
17.5  0.215976  338 4
73.176  0.356383  1316 6
173.36  0.30837  454 4
135.344  0.374359  975 4
15.656  0.207692  390 4
83.312  0.353503  628 6
-382.096  0.258974  390 4
59.28  0.359264  707 4
13.716  0.188713  567 4
5.568  0.2572  4028 6
317.612  0.368259  1947 6
-273.608  0.263682  1005 6
61.752  0.368421  684 4
260.064  0.23265  1513 6
265.14  0.231282  1349 6
53.784  0.353919  1684 4
48.704  0.330895  1777 6
74.236  0.424077  731 6
11.688  0.218667  375 4
15.328  0.201018  393 6
8.116  0.248469  4737 4
187.144  0.331471  537 6
315.44  0.249624  1330 4
352.06  0.240642  374 4
16.984  0.216301  319 6
74.436  0.335583  1037 4
65.652  0.408571  1050 4
10.328  0.223881  670 4
-46.14  0.240291  1236 4
303.736  0.32691  1505 6
-96.436  0.222503  791 6
8.596  0.246248  7196 6
-327.564  0.227053  414 6
8.36  0.216772  1264 4
77.436  0.376271  885 4
3.72  0.241477  352 4
-269.252  0.309884  9055 4
60.656  0.361472  924 4
-330.872  0.184783  460 6
65.72  0.350334  1196 6
-232.484  0.252218  789 6
81.048  0.386944  1057 6
12.16  0.267819  926 6
82.944  0.316147  737 4
54.1  0.350223  1796 6
160.796  0.349144  759 6
178.268  0.251728  1013 6
11.216  0.19378  418 6
239.656  0.218143  463 4
-49.812  0.256071  453 6
-172.788  0.243655  788 6
77.248  0.399351  924 4
11.984  0.26864  912 4
259.94  0.354424  2023 4
280.872  0.199248  798 4
56.904  0.366771  638 6
-376.672  0.241379  1073 4
-43.656  0.255782  735 6
-329.188  0.255132  1705 6
80.852  0.153208  16383 4
1.468  0.236948  747 6
6.436  0.25  6568 4
85.404  0.34456  772 6
6.456  0  16383 4
-297.968  0.233418  784 4
-285.156  0.25  1372 6
1.52  0.259012  2247 6
-14.304  0.255797  4097 4
24.5  0.237874  1505 4
10.968  0.222482  427 6
10.472  0.241243  2027 6
-165.78  0.220268  1194 6
159.816  0.171285  397 4
-0.636  0.232127  1133 6
215.5  0.221411  411 6
49.876  0.227926  487 6
15.092  0.26834  518 6
13.72  0.218415  467 6
-31.756  0.224084  955 6
-230.892  0.245333  750 6
195.84  0.362025  790 6
-250.076  0.244898  1421 4
352.124  0.208084  668 6
57.376  0.343248  1244 6
-258.736  0.241329  1384 6
141.508  0.239832  713 6
64.928  0.336042  2092 6
9.712  0.244789  2063 6
-38.904  0.269956  689 6
-117.876  0.245283  1749 4
62.904  0.328612  706 6
207.596  0.252713  645 4
67.108  0.354138  1474 4
156.376  0.226891  833 6
260.968  0.246929  814 4
230  0.211027  526 4
69.328  0.310306  883 4
331.532  0.251678  596 6
69.116  0.374126  858 4
255.076  0.344419  2195 6
46.252  0.29724  471 6
-36.532  0.248357  761 6
2.44  0.223988  692 4
56.96  0.336063  2809 6
-298.216  0.237389  1685 6
351.344  0.212632  475 4
64.216  0.350234  1282 4
12.752  0.236963  1304 4
256.692  0.115044  339 6
-2.624  0.21232  763 6
55.024  0.337799  3135 4
-230.06  0.276623  770 6
57.312  0.252336  535 4
60.376  0.149826  287 4
156.996  0.338697  1243 6
53.1  0.333057  2414 6
212.736  0.382716  891 6
67.608  0.274809  524 6
1.28  0.246505  4864 4
70.028  0.332498  1597 4
-336.892  0.245119  1383 6
12.592  0.27724  826 6
59.48  0.318031  2418 4
73.428  0.190709  409 4
-49.048  0.227835  970 4
234.64  0.25496  3730 4
63.328  0.347378  1068 4
-4.312  0.248654  3342 4
70.628  0.361768  973 4
68.032  0.335241  1223 4
348  0.223982  442 4
49.2  0.247973  2714 6
13.096  0.165501  429 4
-74.108  0.246066  2288 4
53.252  0.31565  1508 6
81.836  0.34087  575 6
238.908  0.237261  628 6
-65.436  0.138643  339 4
101.976  0.330033  909 4
188.548  0.208054  596 4
79.344  0.366705  859 4
-86.012  0.251225  3264 6
351.156  0.299301  715 6
-154.808  0.195181  415 6
-130.764  0.217028  599 4
269.108  0.250983  1781 4
201.496  0.257699  617 6
56.58  0.330152  1781 6
-326.116  0.344375  2898 6
56.2  0.332632  1425 6
55.024  0.360934  2355 6
-202.452  0.244573  691 6
-384.52  0.228268  1599 6
-126.312  0.167866  417 6
-29.344  0.293011  744 6
-0.968  0.210963  602 6
-261.408  0.280287  974 6
84.736  0.374868  947 6
312.588  0.259953  1281 6
60.984  0.348478  2267 6
13.14  0.253652  753 6
-256.892  0.258528  557 4
243  0.324803  1016 6
133.032  0.349309  1085 6
12.92  0.256591  569 6
15.192  0.166667  486 6
15.56  0.260437  503 6
14.912  0.221254  574 4
127.824  0.360465  1806 4
58.592  0.352053  1656 6
52.968  0.337473  2818 4
-57.456  0.214758  908 4
27.688  0.223919  393 4
5.736  0.242401  2632 4
-126.528  0.0338766  16383 4
48.704  0.350572  2185 6
-222.744  0  16383 4
217.984  0.242869  1157 6
17.488  0.254941  506 6
50  0.344106  1052 6
348.48  0.248598  1605 6
-21.216  0.246645  3130 4
11.136  0.225279  1163 6
-5.432  0.241176  2210 4
391.744  0.246411  418 6
15.312  0.24952  521 6
385.912  0.209913  343 6
59.112  0.335412  2245 6
389.376  0.236504  389 6
57.968  0.347614  1027 6
12.344  0.177835  388 6
-162.312  0.225114  2421 6
53.752  0.337565  2127 4
55.768  0.355438  2262 6
53.232  0.333586  2638 6
-344.4  0.240356  1011 4
13.528  0.216575  905 6
18.8  0.215278  432 4
-7.616  0.253559  8850 6
82.096  0.342857  2555 4
2.408  0.244265  741 4
-115.12  0.251412  708 4
-276.616  0.245556  900 4
9.912  0.262526  1916 6
-381.464  0.194211  1071 4
-311.672  0.237581  463 4
-109.408  0.243377  604 4
73.032  0.344671  1323 4
14.952  0.199105  447 4
16.216  0.262852  1206 6
11.168  0.263746  1164 4
206.272  0.251781  1263 4
67.52  0.341146  1152 6
-0.2  0.240778  1491 4
-164  0.243647  669 4
-381.44  0.213509  1288 6
98.88  0.191489  329 6
57.776  0.375897  697 6
250.168  0.237617  1494 6
-304.904  0.195994  699 4
273.112  0.26287  1826 4
3.488  0.205155  970 6
188.392  0.257653  392 4
30.344  0.266376  458 4
-260.376  0.263497  1241 6
-18.208  0.229804  1275 6
-329.392  0.244845  776 6
-272.592  0.157182  369 6
358.912  0.217163  571 6
91.656  0.342419  587 6
-366.096  0.209677  620 4
-289.008  0.233259  1792 6
-169.768  0.262115  454 4
4.4  0.146615  16383 4
68.352  0.324365  669 6
-278.488  0.22561  1148 4
7.32  0.245539  4932 4
69.984  0.352818  1437 4
12.608  0.253425  730 6
36.168  0.21374  786 6
59.592  0.347589  1099 4
334.848  0.24876  3630 6
1.512  0.239619  1156 4
74.832  0.351702  617 4
73.264  0.393357  1144 6
12.416  0.180498  482 6
216.216  0.237288  354 4
355.72  0.205263  760 4
72.536  0.363789  1193 6
130.048  0.282857  2800 6
70.152  0.364992  1274 6
47.344  0.329278  2630 6
117.04  0.271855  938 6
59.696  0.362147  1770 4
-276.08  0.235008  617 6
134.048  0.251354  923 4
15.008  0.226667  450 4
-193.592  0.231788  906 4
50.64  0.233092  828 4
133.648  0.23145  1469 4
-290.328  0.231566  2414 4
-145.392  0.25046  543 6
15.352  0.235421  463 6
-388.144  0.229602  527 6
-218.688  0.247855  1049 4
-197.032  0.164384  292 4
5.544  0.248211  3493 6
56.872  0.353021  1473 4
33.08  0.375563  1776 4
17.36  0.265789  380 6
4.584  0.238874  1101 4
79.376  0.187279  566 4
12.888  0.1875  544 6
-64.608  0.264206  1707 4
