230.507  0.251223  1839 4
-11.102  0.254098  3416 6
-131.578  0.255266  807 6
17.079  0.281457  604 4
71.748  0.352941  986 6
-244.92  0.21727  359 6
-180.454  0.251204  1246 6
164.342  0.372701  1033 6
73.228  0.343521  818 6
236.468  0.322314  605 4
113.345  0.244601  2130 4
66.564  0.212766  517 6
-91.749  0.248182  1100 4
0.783  0.248555  519 6
194.501  0.209677  744 4
15.969  0.255515  544 4
169.922  0.226068  1358 6
-3.859  0.236695  1973 4
-4.875  0.235439  2026 6
69.016  0.350866  1559 4
86.03  0.372152  790 4
301.929  0.261069  1965 4
6.204  0.253673  5854 6
63.156  0.354344  587 4
115.798  0.221662  397 6
131.602  0.242983  3848 6
-394.968  0.219251  561 6
-87.171  0.264  1000 6
244.077  0.359014  649 4
-370.064  0.256008  957 4
66.593  0.20517  619 4
68.782  0.375424  1180 4
82.719  0.192843  503 4
20.986  0.192308  494 4
64.14  0.356371  1389 6
60.055  0.34463  1741 6
-151.265  0.206823  469 4
-380.407  0.304795  876 6
-203.407  0.189338  544 4
186.39  0.246667  1050 6
77.11  0.310256  780 4
110.5  0.241597  476 6
63.586  0.414787  798 4
-223.672  0.249224  1288 6
12.75  0.242424  495 4
-143.775  0.252496  701 4
61.359  0.342685  2317 4
151.984  0.235418  1423 6
60.891  0.374752  1513 4
53.875  0.196043  556 6
14.273  0.236709  790 4
7.867  0.235606  2449 4
-125.595  0.229117  419 6
65  0.352761  652 4
-42.891  0.234086  974 6
47.97  0.232112  573 4
15.359  0.337719  456 6
71.335  0.237467  379 4
56  0.340321  811 4
131.179  0.256881  2071 6
54.687  0.310263  838 6
-302.031  0.263333  600 6
-142.202  0.24359  2340 6
60.406  0.386417  854 6
53.673  0.31931  3708 4
12.329  0.203457  752 4
13.907  0.239092  573 6
-169.352  0.241151  2119 6
10.859  0.236398  1599 6
-381.187  0.249065  1871 4
-93.938  0.23192  401 6
61.5  0.319716  563 6
54.546  0.221604  898 6
61.916  0.327236  1968 4
366.53  0.265306  686 4
66.437  0.367288  1718 6
-256.579  0.269571  1469 4
-216.047  0.24763  844 4
50.023  0.34516  3523 6
-1.086  0.249526  3162 4
345.625  0.217172  396 4
-185.813  0.186538  520 4
17.273  0.241379  464 4
91.157  0.311245  498 6
-234.716  0.248691  382 4
-191.063  0.226847  961 6
-71.814  0.253713  808 4
52.58  0.339972  2812 4
248.336  0.37738  893 6
-329.673  0.223958  384 4
6.493  0.257908  3288 4
63.907  0.389464  1063 6
15.483  0.219634  601 4
-34.681  0.24449  1951 4
147.875  0.185615  431 4
0.483  0.267866  2113 6
368.405  0.245  1200 4
82.211  0.399743  778 4
-214.298  0.285319  1444 4
60.235  0.3665  2000 4
7.875  0.284585  759 6
56.188  0.353741  1911 4
13.437  0.219092  639 4
-2.109  0.222541  1047 6
-288.062  0.24207  1198 6
-155.179  0.240133  1799 6
156.868  0.19086  372 6
-259.047  0.247373  1047 4
-0.956  0.0372948  16383 4
2.235  0  16383 6
149.063  0.220089  677 4
16.094  0.235897  390 4
114.747  0.365854  1722 6
12.345  0.191549  355 4
70.952  0.354484  1182 4
122.61  0.225225  777 6
-214.124  0.225882  425 4
11.812  0.225424  590 4
104.164  0.252145  2681 4
182.368  0.371134  582 4
4.07  0  16383 6
19.125  0.22113  407 4
13.717  0.235542  951 4
268.703  0.261484  566 6
143.704  0.356742  712 4
349.469  0.178886  341 4
15.295  0.249467  469 4
6.109  0.256713  4581 6
179.671  0.329094  629 4
7.485  0.247153  3512 6
-215.983  0.262735  746 6
312.945  0.219691  1229 4
-109.501  0.2  590 4
-130.562  0.23544  807 6
-19.297  0.209732  596 6
-311.483  0.229885  783 6
385.283  0.27853  517 4
65.64  0.348653  631 4
-238.687  0.267782  478 6
-53.251  0.263722  747 4
-154.656  0.243547  891 4
77.5  0.334107  862 6
14.734  0.240331  724 4
393.936  0.183303  551 6
-334.688  0.262544  857 6
-121.8  0.219292  1441 4
-141.78  0.274684  790 4
53.814  0.314199  3641 4
69.016  0.224441  1252 6
77.984  0.204686  811 4
361.092  0.23319  2796 4
-173.172  0.249207  2207 6
-2.624  0  16383 6
-4.704  0.263392  6515 4
-13.456  0.223844  1233 4
-9.108  0.237599  2016 6
59.688  0.370219  732 6
71.874  0.343915  1512 4
-210.984  0.241259  572 6
-8.984  0.233091  961 4
60.126  0.382828  990 4
9.266  0.241234  713 6
88.516  0.343137  510 4
58.806  0.360134  1791 4
20.094  0.205202  346 6
52.916  0.329554  2646 6
-327.186  0.237013  924 4
68.766  0.412844  545 4
52.436  0.345573  3840 6
146.064  0.165746  362 4
16.672  0.227384  409 6
124.158  0.203077  650 6
-150.624  0.256724  818 4
56.75  0.363004  719 6
16.218  0.212371  485 6
350.594  0.251345  1301 4
-313.25  0.237005  1616 6
33.444  0.25229  2402 6
-0.968  0.209738  534 4
228.906  0.368557  1164 4
67.642  0.371681  1356 6
11.518  0.276224  1144 4
149.86  0.251114  673 6
53.06  0.365947  2361 6
64.906  0.283019  530 6
-348.5  0.235036  1370 4
141.156  0.204819  664 4
-87.904  0.267157  408 4
59.764  0.35678  1379 4
-176.672  0.253419  1243 6
57.704  0.373342  1508 6
-166.186  0.210145  552 6
112.608  0.251346  1858 4
-137.236  0.2466  2206 4
-92.752  0.244569  1611 6
56.514  0.335709  2666 6
261.296  0.400974  1232 4
-32.732  0.230298  1307 6
164.03  0.220273  513 4
-163.064  0.275785  446 4
324.392  0.364787  1897 6
65.486  0.342964  1073 4
15.486  0.162465  357 4
122.296  0.24103  1087 6
63.094  0.33195  1446 4
47.656  0.246711  608 4
16.404  0.220803  548 4
-381.906  0.242388  4204 6
4.39  0.262923  5146 4
318.914  0.24058  2415 6
70.5  0.362934  1036 4
-214.704  0.233568  852 4
-4.494  0.00054935  16383 4
296.08  0.363587  1840 4
346.846  0.244152  1368 6
-201.686  0.23  600 4
-69.032  0.230525  629 4
-245.408  0.266667  540 6
15.47  0.225974  385 6
-180.008  0.253041  411 4
-115.514  0.245965  1797 6
-224.1  0.230947  1732 4
13.828  0.227723  1111 4
222.628  0.357043  717 6
13.938  0.25097  773 6
-376.172  0.357181  1859 4
199.658  0.223897  929 4
-105.11  0.233809  911 4
9.89  0.212462  979 6
-174.024  0.232704  1431 6
-214.796  0.260563  994 4
10.78  0.270353  1302 4
57.14  0.251142  1095 4
10.328  0.253234  6184 6
-186.032  0.271357  1393 6
84.53  0.340802  848 4
0.004  0.247078  11037 6
-250.25  0.24453  777 6
309.516  0.228049  820 4
13.248  0.210626  527 4
50.362  0.35625  3040 6
285.844  0.251673  747 4
71.938  0.369231  845 4
80.328  0.250597  419 6
16.188  0.263359  524 4
-231.706  0.222743  853 4
14.326  0.136842  380 4
-394.814  0.269663  623 4
182.756  0.242885  2038 4
-14.08  0.260805  1342 4
56.72  0.344207  889 6
-15.72  0.23973  1923 4
395.844  0.220039  509 4
11.344  0.246637  669 4
-134.172  0.234624  439 6
10.532  0.23559  2186 4
105.236  0.329677  1641 6
282.156  0.252319  539 4
-1.362  0.22973  3108 4
-42.368  0.257581  2737 6
67.392  0.214617  862 6
264.584  0.39322  885 6
69.56  0.255533  497 6
362.328  0.327103  749 4
54.484  0.329924  3422 4
49.204  0.333333  3654 6
1.836  0.250681  7707 4
17  0.276347  427 4
-392.124  0.202128  470 4
391.876  0.335697  846 6
53.512  0.321908  2684 6
63.264  0.354505  2031 6
67.16  0.282979  470 6
70.812  0.384844  1346 6
14.456  0.258883  591 6
64.436  0.392405  1027 4
76.14  0.372897  1070 6
9.468  0.218254  504 6
11.956  0.254613  1084 6
-21.592  0.253968  567 6
-18.044  0.251212  1238 6
67.216  0.234568  1620 4
6.156  0.24853  5271 4
-81.22  0.255383  2647 4
63.392  0.370926  1534 6
62.532  0.342342  2109 4
69.596  0.336252  1713 4
-232.852  0.228054  1105 4
62.92  0.36901  1252 4
170.716  0.344418  842 4
-311.156  0.265101  2086 6
-96.272  0.240337  2018 4
-227.14  0.25502  498 6
13.576  0.209901  505 4
-373.096  0.208421  475 4
65.624  0.326923  1560 6
81.968  0.231064  1307 4
12.968  0.225926  810 4
-343  0.237852  391 6
70.532  0.339806  1442 4
14.564  0.207143  420 6
-285.116  0.253404  3011 4
-311.424  0.233032  884 4
298.644  0.257981  1159 6
335.296  0.263596  1563 4
-178.344  0.179148  681 4
-290.924  0.218362  806 6
-215.064  0.258514  646 4
-295.048  0.240506  948 6
-346.08  0.263242  623 6
48.516  0.229264  1073 6
63.952  0.344353  1452 6
-32.08  0.252838  969 6
55.44  0.365762  1326 4
65.936  0.321114  682 6
-27.5  0.244681  1222 6
71.764  0.343687  998 6
55.28  0.329334  1667 6
229.624  0.224868  378 4
2.796  0.244062  3200 6
66.532  0.393895  1376 6
-241.908  0.2432  625 4
13.796  0.230769  390 4
-274.688  0.233279  613 6
-17.28  0  16383 6
15.812  0.268519  540 6
17.5  0.236776  397 4
-180.24  0.241484  1967 6
-296.72  0.301347  594 6
264.328  0.235096  889 4
7.664  0.229554  2152 4
-30.22  0.232176  1094 4
-351.936  0.257081  918 4
-260.748  0.227329  805 6
78.376  0.39372  828 6
11.16  0.235682  1973 4
59.452  0.335476  1711 4
-18.436  0.237113  485 4
64.86  0.340762  1705 4
52.048  0.335113  2247 4
79.236  0.230594  1752 6
131.784  0.207048  454 4
54.088  0.328053  2588 6
393.284  0.255725  1310 4
-212.732  0.200441  454 6
370.236  0.215328  1096 4
-4.312  0.242019  1347 4
-331.592  0.241918  897 6
317.548  0.248613  901 4
55.532  0.194836  426 6
233.956  0.339202  852 6
29.264  0.254985  2608 6
50.42  0.32741  3714 6
56.508  0.319279  3439 4
-23.5  0.264815  540 4
57.296  0.366013  1836 4
335.716  0.392665  927 6
-275.372  0.23108  991 4
356.344  0.225232  1292 6
11.176  0.247423  873 6
17.464  0.326146  371 4
15.844  0.206957  575 4
56.724  0.369797  1874 4
-145.064  0.252537  887 6
279.364  0.238247  3765 4
-294.608  0.19917  482 6
-67.784  0.242236  644 4
-37.124  0.25641  390 4
-122.404  0.253062  3837 6
7.716  0  16383 6
211.624  0.232704  477 6
13.908  0.128834  326 6
10.92  0.220497  966 4
58.708  0.357554  2257 6
256.004  0.170792  404 4
-0.908  0.260695  748 6
-2.284  0.17762  563 4
58.58  0.365125  1405 6
18.544  0.163435  361 4
-4.312  0.258667  1125 4
55.984  0.347201  3197 4
-289.7  0.241558  385 6
16.552  0.204706  425 4
64.376  0.340719  1670 6
360.156  0.283604  677 4
313.672  0.221076  1357 6
10.732  0.250355  4925 4
16.672  0.223062  529 4
379.508  0.241858  2303 6
-76.768  0.254864  514 6
317.44  0.354814  1288 4
-255.096  0.259475  343 6
279.28  0.230579  2420 4
-4  0.243636  1650 4
6.06  0  16383 4
87.204  0.370435  1150 6
240.736  0.253049  656 4
70.28  0.364005  1728 4
-159.56  0.229814  483 4
7.284  0.257072  3217 4
-109.1  0.293722  446 4
168.496  0.289389  622 4
363.64  0.237367  1504 6
86.796  0.361204  598 6
-212.356  0.232546  1905 6
84.876  0.38  800 4
59.704  0.329646  1356 4
12.124  0.23092  511 4
-139.768  0.265107  1539 4
220.756  0.389706  816 6
73.108  0.354344  587 4
-182.5  0.21823  1141 6
-1.352  0.247898  6184 4
-97.516  0.226843  529 6
-36.06  0.284  500 6
-42.328  0.246032  1008 4
68.328  0.35107  1635 4
78  0.38403  526 4
-336.58  0.230608  477 4
178.344  0.229126  515 4
369  0.301205  581 6
81.532  0.369034  859 4
-255.344  0.212168  641 4
10.048  0.244153  1069 4
-330.22  0.255238  525 6
-46.108  0.250379  1318 4
77.472  0.240166  483 6
65.456  0.378656  1265 4
-55.284  0.239044  502 4
14.592  0.149871  387 4
9.5  0.246224  662 4
281.328  0.249478  958 4
72.184  0.238411  453 6
375.876  0.245392  1736 6
65.624  0.254563  1041 6
14.564  0.189956  458 6
12.108  0.237052  1004 6
53.576  0.344743  1636 6
15.908  0.206667  600 4
-2.82  0.101569  16383 6
3.564  0.2325  400 4
278.844  0.349686  795 6
-126.184  0.280551  581 4
-81.28  0.271111  675 6
-138.344  0.329323  665 4
63.764  0.338192  1029 4
65.56  0.352413  891 4
-156.72  0.260526  380 4
10.816  0.240912  1843 6
235.56  0.235669  785 6
78.264  0.358667  750 6
79.764  0.349096  1438 4
-312.812  0.190395  583 4
-94.328  0.244344  1105 4
-278  0.241279  1032 4
12.284  0.30494  587 4
150.44  0.352896  1312 4
197.316  0.364286  700 4
14.688  0.185984  371 6
-213.312  0.199357  622 4
343.408  0.190987  466 4
54.6  0.357143  1190 6
-125.824  0.216641  637 4
0.924  0.266386  7842 6
299.016  0.357006  1563 6
-50.344  0.204589  523 6
6.408  0.237354  514 4
56.372  0.20839  739 4
16.592  0.206395  344 6
6.136  0.0733077  16383 6
-265.076  0.213675  468 6
101.016  0.342466  511 6
0.988  0.254211  10806 4
174.984  0.378378  592 4
-196.452  0.23221  801 4
61.072  0.341544  2436 6
-45.436  0.23212  797 6
291.484  0.254282  759 4
-249.528  0.22982  1053 6
77.248  0.365217  575 4
-3.46  0.228407  16383 4
309.36  0.277778  432 4
-0.416  0.256219  6030 4
89.296  0.405145  622 4
84.624  0.348264  893 6
-137.22  0.200913  657 6
-1.092  0.241629  2210 6
-14.404  0.246203  9086 4
85.64  0.357494  814 4
-318.812  0.229974  1161 6
95.98  0.251412  1770 4
13.564  0.239521  668 4
71.84  0.368421  779 6
-355.888  0.236  500 4
67.624  0.330338  1892 6
9.572  0.246819  6523 4
54.008  0.229094  1148 6
54  0.342207  2066 4
-254.54  0.20857  16383 6
-111.264  0.239759  1660 4
-279.408  0.223762  505 4
299.06  0.213699  730 6
8.984  0.251358  2025 6
-246.328  0.225508  541 4
71.644  0.368421  722 6
66.92  0.34227  1753 4
201.548  0.221811  541 4
67.908  0.384407  1475 6
254.984  0.220447  1252 6
23.952  0.26573  1494 6
82.828  0.319605  607 4
-16.468  0.231441  687 6
14.296  0.202991  468 6
-170.172  0.226804  388 4
8.316  0.246106  1284 4
6.892  0.256348  4096 4
-7.596  0  16383 6
48.68  0.251969  1905 4
22.5  0.239829  467 6
50.04  0.3301  2887 6
61.888  0.337313  670 6
58.204  0.341532  2480 6
-258.36  0.243297  1007 4
-45.376  0.244125  1532 4
15.008  0.17847  353 6
93.184  0.343348  466 4
286.792  0.158945  16383 4
145.264  0.258194  1739 4
91.008  0.344064  497 6
9.376  0.191283  413 6
-150.176  0.247544  3664 6
64.624  0.316629  878 4
-52.456  0.244647  1868 6
57.824  0.341137  897 4
53.704  0.342883  2199 4
-100.128  0.273743  1074 4
6.88  0.217047  1138 4
164.344  0.366082  855 6
-390.008  0.231905  1354 6
-194.192  0.184149  429 4
-1.544  0.233276  1166 6
-358.856  0.20625  480 6
55.824  0.352941  1173 6
-71.88  0.243265  1225 4
79.664  0.351955  716 6
3.224  0.20298  537 4
280.552  0.2386  943 4
-173.32  0.17851  577 6
13.744  0.244838  678 4
58.624  0.389189  1850 4
-289.472  0.235294  1020 4
14.328  0.222  500 4
-82.52  0.260536  522 6
-208.744  0.206944  720 4
12.984  0.269598  523 6
-25.92  0.24345  1565 4
-80.464  0.209497  716 6
-310.904  0.260116  519 6
-0.56  0.258065  434 6
-143.312  0.036074  16383 6
9.704  0.244151  1667 6
63.736  0.342514  2251 4
-7.2  0.25  1848 6
50.2  0.313775  3187 6
377.544  0.134796  319 6
-176.808  0.250867  1730 6
-330.208  0.248498  1332 4
-74.376  0.28  1325 6
54.192  0.32809  3115 4
-8.128  0.258982  668 4
18.376  0.192405  395 6
-169.6  0.256892  798 4
-104.264  0.25323  1548 4
45.096  0.328547  3552 4
54.56  0.363671  2593 6
51.528  0.338162  2209 6
78.8  0.328889  675 4
57.528  0.360719  1558 6
256.392  0.334268  1427 4
244.592  0.225033  751 6
375.952  0.251303  1918 4
-194.216  0.196429  560 6
-327.08  0.184959  492 4
135.776  0  16383 4
77.8  0.323105  1108 4
-287.848  0.224377  361 4
-277.872  0.235632  696 6
10.08  0.231405  1210 4
10.504  0.273187  593 6
36.064  0.147059  340 6
185.704  0.242213  2151 6
214.392  0.217021  705 4
-179.168  0.217662  804 4
131.176  0.318029  893 4
10.784  0.234875  1124 4
50.256  0.351105  3076 4
2.888  0.244603  5327 4
-296.904  0.245819  598 4
12.6  0.240569  1405 4
2.184  0.216942  484 6
68.648  0.366013  1683 6
51.96  0.328033  3899 6
-1.832  0.237288  1062 4
58.128  0.367816  1653 6
11.504  0.273526  797 4
56.72  0.368902  984 4
9.808  0.223499  783 6
-252.552  0.225092  813 6
-212.704  0.368026  1864 4
76.248  0.384615  884 6
78.488  0.331536  742 4
-30.016  0.364706  765 4
11.424  0.25198  1389 4
308.768  0.278351  582 4
-69.776  0.213333  450 4
17.264  0.107937  315 6
154.48  0.203424  993 6
36.032  0.187919  447 4
-0.064  0.205934  573 6
19.264  0.190476  336 4
71.144  0.344618  1152 4
126.744  0.346395  638 4
58.632  0.322028  3037 6
16.328  0.21729  428 6
-130.304  0.266129  868 6
69.464  0.340909  484 6
-235.784  0.213552  487 6
60.184  0.35502  1783 6
13.904  0.140704  398 6
-245.592  0.246596  661 6
-237.136  0.256868  2184 4
109.048  0.255704  2761 6
2.048  0.242521  936 4
-305.776  0.272321  896 6
66.104  0.359828  931 4
201.592  0.35  1000 4
16.064  0.213483  445 6
-308.656  0.228793  1674 4
46.32  0.356754  3672 4
82.136  0.357798  763 4
317.08  0.245556  900 6
-352.816  0.246481  3481 6
56.608  0.351797  1697 6
-289.16  0.207154  671 6
13.328  0.268844  1194 4
-250.72  0.239631  434 4
55.392  0.335562  2393 4
8.464  0.226878  1957 4
-306.344  0.282581  775 6
-1.392  0.211511  1390 4
246.72  0.243299  485 6
159.608  0.218659  686 4
-281.328  0.257669  1956 6
52.824  0.337121  2376 6
45.28  0.251157  864 6
313.224  0.225904  664 4
-313.584  0.251145  1310 4
-100.152  0.248183  963 4
60.64  0.389895  1049 4
349.712  0.231914  1949 4
1.424  0.208575  863 6
11.16  0.208817  431 6
-145.152  0.249071  2152 6
180.296  0.256825  1795 6
-114.472  0.251101  454 6
76  0.337785  1273 4
12.08  0.264779  2013 4
6.264  0.366667  1050 4
56  0.328684  1147 4
10.736  0.22848  941 6
321.168  0.238095  1071 4
54.68  0.328859  2980 4
61.92  0.370236  1102 6
13.352  0.220302  463 4
-215.192  0.229936  2031 4
11.032  0.227642  615 6
128.104  0.254476  782 6
-344.784  0.196133  362 4
-0.192  0.261725  661 6
295.872  0.216467  753 6
11.904  0.26383  940 4
83.496  0.408  875 6
-146.248  0.223846  1711 6
62.528  0.287625  598 4
94.096  0.359914  464 4
-170.08  0.250613  1632 6
-2.16  0.220137  586 6
-73.536  0.256236  441 4
-52.216  0.241738  1634 6
61.32  0.359184  735 4
52.512  0.317308  3536 6
14.784  0.259184  490 4
52.728  0.313173  1207 4
-244.032  0.223901  728 4
-356.136  0.191441  888 4
59.688  0.374348  959 4
2.184  0.238748  511 6
10.472  0.220461  1388 4
87.752  0.240347  1036 4
322.064  0.178886  682 6
16.264  0.193622  439 4
-268.032  0.241259  572 4
-68.896  0.247997  8488 6
154.56  0.210757  911 6
61.72  0.363756  2279 6
29.08  0.255633  3994 6
14.464  0.214128  453 4
268.328  0.250825  909 6
63.312  0.365052  578 4
72.064  0.341969  965 4
8.704  0.250662  3778 4
-335.456  0.249634  4102 6
-313.264  0.243697  357 4
-4.76  0  16383 4
-227.312  0.231884  483 4
68.056  0.387665  1362 4
-3.784  0.2664  1250 6
100.672  0.231362  389 6
92.912  0.389127  699 6
-3.344  0.243553  1745 6
-250.368  0.243711  1908 6
66  0.360836  909 4
65.488  0.355509  481 4
15.872  0.257336  443 6
-2.856  0.228871  1337 4
-102.576  0.246847  3330 4
-6.816  0.286855  11145 4
-137.016  0.242044  2231 4
58.408  0.237895  475 6
50.856  0.331244  2234 6
271.896  0.272393  815 4
-361.832  0.232078  823 4
67.104  0.372032  1137 4
-152.912  0.199623  531 4
74.016  0.245763  1770 6
11.456  0.23253  830 4
-193.576  0.236328  1536 6
-249.608  0.251497  668 6
66.232  0.354419  1154 6
15.816  0.225664  452 4
54.192  0.328273  3491 4
-305.72  0.26284  662 6
-0.128  0.259524  420 6
12.488  0.258014  3182 4
57.904  0.36935  907 6
-351.656  0.245933  1045 6
17.56  0.230769  390 4
-249.328  0.249162  895 6
-25.2  0.217454  699 4
-359.152  0.320896  670 6
55.8  0.362012  2743 4
68.472  0.376254  598 6
-45.864  0.191489  517 4
-108.984  0.231233  1492 4
74.312  0.330454  926 6
66.736  0.349554  1233 4
-6.464  0.243161  329 4
371.56  0.232827  1383 6
-148.656  0.257426  505 6
69.88  0.366361  1635 6
-19.704  0.241096  730 4
57.336  0.327546  2131 6
194.936  0.260791  556 6
73.16  0.324723  542 6
54.592  0.36711  2408 4
15.408  0.239905  421 4
-264.848  0.205926  1350 4
238.288  0.237736  1855 6
6.056  0.25539  1809 4
17.336  0.24848  1316 6
5.888  0.245059  6223 4
-199.544  0.252717  1104 6
68.408  0.397858  1214 4
59.688  0.377269  1267 6
76.704  0.347619  1260 4
-330.136  0.235586  2012 6
102.752  0.241685  451 6
55.76  0.317324  3019 4
59.392  0.260394  457 4
63.816  0.321827  1970 4
-78.184  0.240469  1364 6
74.872  0.239247  372 4
9.032  0.251588  5982 4
84.232  0.248574  1227 4
8.704  0.239259  2374 6
16.44  0.206813  411 4
-282.216  0.247561  14861 6
-369.08  0.208589  978 4
65.392  0.397086  549 4
-289.984  0.243478  1265 4
15.16  0.197959  490 6
64.16  0.4008  1250 6
55.096  0.356284  915 4
317.376  0.260145  1799 4
-275.936  0.250584  1712 6
8.32  0.207192  584 6
56.184  0.334219  2636 6
78.408  0.359551  712 4
48.872  0.335967  2658 6
-96.144  0.233196  729 4
-137.376  0.230769  1105 4
2.24  0.180614  16383 4
6.224  0.252974  5716 4
-0.384  0.21875  448 4
74.536  0.309615  1040 4
17.904  0.213942  416 4
90.84  0.359259  810 6
159.344  0.239234  418 6
-148.936  0.243736  439 4
73.88  0.354373  1109 4
61.36  0.374081  1497 6
-46.744  0.209917  605 6
-43.808  0.202128  376 6
-231.688  0.226415  424 6
64.296  0.363687  1801 6
369.84  0.217538  593 4
10.968  0.241729  1874 6
85.768  0.320652  552 6
-265.336  0.235988  678 4
16.264  0.182022  445 4
-311.76  0.24148  3081 4
37.968  0.229927  548 4
52.624  0.34633  3283 4
-204.248  0.219231  520 4
6.256  0.228571  770 6
68.672  0.218905  804 4
60.928  0.369335  1324 6
12.624  0.254545  1375 4
64.376  0.380052  1163 6
-142.832  0.273504  702 4
-340.624  0.217536  901 6
52.96  0.326986  3361 6
13.064  0.242378  656 6
-11.832  0  16383 4
-20.16  0.258919  3700 4
335.576  0.250965  1554 6
276.432  0.268551  566 4
25.52  0.2668  997 4
56.048  0.340626  2651 4
-374.376  0.225867  1067 4
12.12  0.234867  2065 4
19.904  0.192935  368 4
-5.808  0.226072  1703 6
-264.192  0.208226  778 4
52.08  0.260306  849 4
-294.672  0.226277  411 4
7.848  0.232385  2143 4
-147.128  0.234043  1081 4
373.176  0.255924  844 4
-318.064  0.168901  373 4
-216.328  0.250213  7058 4
-25.144  0.231548  691 4
101.736  0.227273  770 4
54.952  0.378462  1625 4
-178.592  0.253866  776 4
14.872  0.267442  344 6
70.36  0.365373  1675 6
358.064  0.386774  998 6
267.096  0.23949  785 4
-168.312  0.182033  423 6
68.752  0.335312  1011 4
64.312  0.374188  1232 6
7.768  0.239592  1177 6
62.224  0.355828  1467 6
92.24  0.375212  1178 6
52.272  0.34005  1191 4
-150.104  0.243545  3137 6
-317.16  0.241067  1987 6
-22.056  0.258121  1139 6
-83.144  0.244816  1495 6
11.376  0.2432  625 4
6.352  0.244347  1371 4
67.688  0.337793  897 4
199.12  0.253377  1851 4
160.872  0.371648  783 6
283.488  0.228771  1001 6
102.512  0.24611  707 4
243.408  0.227178  964 6
-177.168  0.22334  1491 4
-79.72  0.261421  788 6
-189.456  0.250414  1813 6
-257.672  0.217998  1289 6
-366.912  0.241814  397 6
53.672  0.257911  3160 4
9.04  0.253901  8460 6
48.768  0.368113  1706 4
201.888  0.198529  408 4
-94.448  0.190168  773 4
51.088  0.324136  3443 4
-332.344  0.285714  595 4
50.096  0.362677  2465 6
295.808  0.238701  708 4
54.072  0.3292  3226 6
72.376  0.357458  1133 6
-61  0.170391  358 4
365.904  0.334824  1789 4
156.096  0.18543  453 4
-2.536  0.243287  6741 4
64.424  0.336341  1219 6
54.32  0.322238  2824 4
-183.888  0.239151  2120 6
-331.872  0.241739  1725 6
-139.36  0.249714  873 4
148.48  0.340401  1745 4
62.552  0.343407  2184 6
-309.232  0.244755  3575 4
61.544  0.339436  1311 4
11.36  0.218247  1118 4
69.816  0.317802  1674 4
-91.328  0.255206  1873 4
192.576  0.239082  1351 4
256.96  0.27013  385 4
-6.128  0.244859  2626 4
52.032  0.376471  595 6
50.432  0.325335  4626 6
10.28  0.224832  596 4
278.048  0.364168  1881 6
-1.672  0.26179  1039 4
70.384  0.356073  1202 6
10.504  0.252052  3289 4
59.08  0.35428  923 6
199.456  0.258497  1118 6
52.944  0.318441  4029 4
-118.968  0.209345  1648 6
60.224  0.341231  2828 4
66.2  0.22479  476 6
125.176  0.369141  512 6
-0.248  0.203846  520 6
69.344  0.384045  1078 6
114.752  0.242308  1300 4
-1.456  0  16383 6
19.328  0.275  440 4
-52.264  0.244165  1671 6
16.936  0.250627  399 4
-102.256  0.212613  555 4
66.24  0.410606  1320 4
56.656  0.319273  1541 6
15.576  0.246809  470 4
84.808  0.318367  490 4
66.592  0.40146  822 4
54.432  0.342839  3156 4
-65.672  0.264561  2026 4
61.856  0.335224  1763 4
14.392  0.235656  488 6
-328.36  0.253955  1201 4
58.968  0.372987  1118 4
58.192  0.331791  2809 4
16.296  0.195467  353 4
7.624  0.260568  7215 6
76.912  0.351244  1005 6
15.312  0.243007  572 4
271.16  0.246667  750 6
62.248  0.26494  502 6
1.312  0.201814  441 4
8.496  0.260063  5068 4
-28.016  0.250422  1186 4
54.752  0.329541  2725 6
62.424  0.367761  1036 6
56.168  0.364336  1430 6
15.928  0.192683  410 6
166.448  0.266831  1619 4
11.232  0.237899  971 6
-260.08  0.260614  3910 4
-181.768  0.237778  900 6
-283.312  0.21729  856 4
51.12  0.348264  3081 6
71.152  0.354839  589 6
59.688  0.360248  1127 6
16.968  0.189845  453 4
10.16  0.24053  528 6
373.512  0.227368  950 4
129.552  0.257611  854 4
-91.424  0.256897  580 4
-164.632  0.21608  398 4
348.392  0.188636  440 4
59.328  0.353153  1110 4
12.4  0.260232  1295 4
143.76  0.341212  2327 4
-96  0.224779  565 6
288.904  0.257576  660 4
-302.472  0.362832  3164 6
71.36  0.371014  1035 4
13.2  0.219136  648 4
60.016  0.379139  1812 4
68.312  0.365529  1201 6
-108.776  0.240124  2582 4
53.824  0.333698  2745 6
88.44  0.347826  851 4
-120.984  0.240912  1843 6
143.656  0.340993  1088 6
4.712  0.230796  2825 4
-334.656  0.228802  1486 6
52.624  0.335155  2745 4
14.872  0.217476  515 6
0.864  0.266674  8831 4
73.536  0.311178  662 6
-85.2  0.275138  1810 4
-311.576  0.242531  1138 4
174.608  0.319495  554 4
2.76  0.211632  619 4
-263.016  0.195965  347 6
-376.344  0.240401  599 4
59.16  0.388563  682 6
165.176  0.356481  1296 4
14.944  0.233813  556 4
-2.896  0.22316  829 6
-129.08  0.255698  1799 6
120.736  0.342926  1668 4
53.88  0.344377  3139 4
85.064  0.330357  672 4
385.104  0.36536  791 6
-87.984  0.360465  2752 4
-147.2  0.213162  699 4
-0.144  0.22522  1594 4
48.464  0.328719  3395 4
90.976  0.320325  615 6
185.928  0.239687  1915 4
250.896  0.259743  8031 6
151.328  0.236073  1813 6
324.064  0.251858  2287 4
-3.696  0.246653  3511 6
186.88  0.23913  2024 4
-87.536  0.227433  853 6
90.784  0.3504  625 6
-1.408  0.225157  1590 4
-52.72  0.239057  594 6
-338.112  0.260719  1446 4
221.048  0.266871  1304 4
5.464  0.244793  6193 4
17.512  0.261236  356 6
369.856  0.242773  3217 4
-289.528  0.23166  518 4
-3.904  0.226891  476 6
284.968  0.243802  484 4
-61.808  0.249608  1915 4
63.264  0.394706  1700 4
61.328  0.348711  737 4
-129.376  0.260954  1027 6
126.408  0.248918  1848 6
-46.464  0.22807  456 4
52.272  0.327978  2863 6
182.664  0.247042  3465 6
5.688  0.262796  1309 4
-38.312  0.238921  519 6
73.312  0.390769  650 6
84.408  0.346185  1219 4
-164  0.22619  840 6
258.416  0.395437  789 4
-20.64  0.21943  597 4
196.984  0.233978  983 6
74.656  0.368182  1100 6
59.48  0.343188  778 4
88.184  0.344765  554 4
73.456  0.336386  1638 4
283.208  0.25  1336 4
-277.848  0.230769  702 6
-128.376  0.230447  716 6
255.696  0.23487  694 6
-7.456  0.230811  1837 4
-196.44  0.254436  3325 4
18.176  0.133017  421 4
8  0.242991  428 4
-266  0.200477  419 6
93.016  0.366609  581 6
283.992  0.259876  9062 6
76.528  0.350126  794 6
-325.184  0.219388  392 6
68.344  0.364815  1620 6
12.464  0.251572  795 4
162.152  0.193317  419 4
-7.096  0.00360129  16383 4
-322.032  0.300429  466 6
24.216  0.262419  926 4
17.864  0.222749  422 6
68.48  0.37542  1489 4
221.192  0.368071  902 4
293.56  0.350427  819 4
333.224  0.252501  1699 4
-124.36  0.220145  963 4
10.192  0.25348  2730 6
219.64  0.254046  1421 6
280.472  0.261669  707 4
-7.408  0  16383 4
17.52  0.236478  795 4
-138.808  0.264608  3303 6
-243.344  0.25812  1170 6
-3.368  0.264827  3153 4
59.6  0.353896  924 6
276.928  0.251989  377 4
14.176  0.266129  496 6
-154.736  0.233077  1433 4
73.376  0.335385  650 6
-71.776  0.226015  1699 4
341.904  0.242762  449 4
62.688  0.359415  2326 4
-34.784  0.19697  462 4
13.376  0.243478  460 6
156.448  0.242481  532 4
68.864  0.382079  1395 4
58.96  0.371725  2214 4
87.84  0.345133  452 4
-278.224  0.245283  371 6
0.704  0.226269  906 4
-252.544  0.239229  882 4
14.512  0.236842  456 4
95.328  0.249794  1213 4
15.888  0.229858  422 4
-148.048  0.232986  2013 4
-182.592  0.244308  1142 6
55.056  0.325378  2514 4
65.168  0.185535  318 6
-343.92  0.246373  3377 4
63.312  0.361882  2125 4
61.344  0.352197  1661 6
58.144  0.36093  1377 6
12.288  0.220408  980 4
59.056  0.36047  2555 4
-131.536  0.269437  746 4
67.088  0.333874  617 4
16.768  0.280702  627 4
18.336  0.233202  506 4
353.184  0.221271  1636 6
2  0.244411  671 4
61.936  0.314162  1843 6
55.584  0.342201  2744 4
55.632  0.327652  1584 6
167.376  0.222349  877 6
-0.752  0.208443  379 6
309.024  0.362912  879 4
59.296  0.340675  2134 4
57.568  0.354673  2140 6
-176.512  0.223338  797 6
13.456  0.201936  723 6
64.832  0.34876  605 4
-48.88  0.212856  949 4
65.456  0.345679  1620 4
120.352  0.214425  513 6
13.52  0.271845  515 4
-88.08  0.263743  1710 6
66.448  0.303855  441 6
-149.408  0.23301  1648 6
-89.088  0.270681  1644 4
-1.472  0.222377  2154 4
54.768  0.35087  2585 4
146.192  0.241935  434 4
67.568  0.359408  1419 4
90.736  0.321078  408 6
383.52  0.287016  439 4
-118  0.218182  825 4
-313.952  0.238596  1140 4
-1.152  0.238953  1833 4
-263.6  0.232092  1745 6
107.584  0.230769  962 4
-209.008  0.238022  647 6
175.76  0.366183  1928 6
69.936  0.341321  1544 6
289.008  0.197183  426 4
197.568  0.34923  1363 4
11.904  0.239972  2842 4
-163.712  0.222222  1467 6
64.112  0.311758  927 4
61.52  0.331724  1450 4
50.864  0.357039  1378 6
-316.112  0.25  1344 4
72.928  0.36394  599 6
81.568  0.350055  917 4
-70.848  0.235811  3753 6
308.864  0.206799  353 4
56.96  0.380769  520 4
9.232  0.257431  1783 6
59.168  0.349057  1590 4
-60.672  0.261981  939 6
-37.888  0.234733  524 6
134.624  0.265493  1307 6
-198.256  0.172107  337 4
159.84  0.255541  767 6
66.32  0.389456  1176 4
202.352  0.232992  1073 4
109.056  0.222826  368 6
301.904  0.230098  1947 4
11.648  0.233826  1082 6
140.144  0.358159  1195 4
62.672  0.339496  1785 4
60.928  0.346844  1505 4
13.904  0.241895  401 6
61.28  0.358289  935 4
3.104  0.256396  5550 4
-232.208  0.274949  491 4
-50.16  0.224206  504 6
53.632  0.33232  1974 6
88.544  0.344426  601 4
34.304  0.207483  882 6
66.016  0.366667  1170 6
-114.992  0.261054  2126 4
-78.032  0.251938  1032 6
66  0.38961  1155 4
-284.032  0.255466  869 4
0.56  0.26209  9760 4
10.928  0.241316  1094 6
70.464  0.35109  1652 4
-37.248  0.16954  348 6
149.744  0.387147  638 6
163.568  0.247368  570 4
-314.912  0.22093  602 6
7.76  0.248565  3311 6
142.496  0.25982  2113 6
-282.32  0.236036  555 6
11.12  0.249792  1201 6
-95.152  0.260647  587 4
7.712  0.227964  658 6
15.84  0.226337  486 4
362.992  0.243889  1759 6
225.152  0.059696  16383 4
-215.28  0.215479  1137 6
9.28  0.272662  1401 6
58.272  0.347452  1393 6
81.024  0.37031  613 4
263.616  0.367021  564 4
-290.08  0.0196545  16383 4
-281.456  0.260454  837 6
13.728  0.229798  396 6
9.92  0.230739  2570 4
-53.072  0.230864  1620 4
87.44  0.421975  628 4
163.136  0.391975  648 4
68.912  0.343886  916 6
201.632  0.235537  726 4
55.648  0.331215  2518 6
52.096  0.326649  3441 6
80.48  0.317104  801 4
12  0.239943  696 4
98.4  0.333333  501 4
78.384  0.305776  883 6
137.84  0.213576  604 4
68.912  0.382353  1156 6
-185.872  0.260258  1706 6
-123.824  0.215847  366 4
68.752  0.388268  1432 4
61.984  0.375605  1861 6
69.424  0.369369  1776 4
55.936  0.349487  1754 4
58.224  0.362156  1781 4
15.92  0.218814  489 4
-84.496  0.262168  904 6
-217.408  0.270563  462 6
11.808  0.233784  740 6
11.744  0.282565  998 4
11.696  0.250769  650 6
-189.856  0.259873  785 4
66.176  0.343031  1478 6
11.376  0.261343  551 6
14.944  0.207679  573 4
56.384  0.370732  2050 4
392.16  0.249246  995 4
-236.416  0.253322  1129 4
-279.968  0.232236  577 4
70.144  0.345182  1266 4
-321.68  0.236928  1224 4
35.648  0.223127  614 4
318.192  0.229137  2828 6
16.912  0.287129  404 4
4.736  0.249943  4385 6
2.656  0.104743  16383 6
-91.152  0.248822  1061 4
10.304  0.246839  1977 4
16.416  0.151596  376 4
55.984  0.351678  2562 4
17.648  0.23539  616 4
64.064  0.326984  945 4
14.944  0.236434  774 4
351.568  0.235776  2443 6
-150.576  0.247439  1269 4
-51.728  0.251897  659 4
55.104  0.330041  3442 6
-20.272  0.288288  444 6
102.304  0.264325  541 4
62.016  0.367571  1733 6
341.552  0.204225  426 4
297.36  0.258958  614 4
59.216  0.340176  2728 4
56.192  0.370531  1846 6
16.672  0.24838  463 4
-222.768  0.212202  377 6
-29.456  0.238342  1351 6
-6.48  0.258837  3508 6
15.968  0.199605  506 4
147.152  0.244681  1128 4
-238.512  0.22975  679 4
59.616  0.344458  1588 4
79.984  0.360746  912 4
15.52  0.24826  431 4
-200.784  0  16383 4
-337.184  0.239774  1418 6
93.536  0.224852  507 4
237.504  0.263419  1006 4
307.104  0.221228  782 6
13.248  0.210728  522 4
346.368  0.192399  421 6
224.448  0.234162  1247 6
78.72  0.333333  1305 4
81.104  0.368816  667 6
-82.224  0.27789  493 4
62.016  0.371091  1439 4
272  0.226087  1265 4
72.272  0.362199  1455 6
-246.672  0.250535  2806 4
-79.696  0.253363  3122 6
81.664  0.348519  439 4
-219.872  0.251659  1808 6
6.08  0.238644  1475 4
-152.704  0.246038  1325 4
63.312  0.356234  786 4
8.176  0.250378  1985 6
12.816  0.242991  856 6
-77.76  0.255068  1776 6
78.784  0.359736  909 6
