
1.25082 
0.24958 3.26039e-13 0.000323866 0.00590671 0.00126406 

0.476216 

0.0539853 
0.210314 0.00165374 
0.845532 
1.8012 



0.00030027 0.00111711 0.277914 1.5217 0.17325 0.0264191 

0.0136912 1.11135 0.857932 
0.00779993 0.000431424 0.00382916 1.04019e-06 0.00820443 0.00305448 0.00310464 0.0114125 0.00564152 0.00279483 0.00243487 0.00467428 0.462638 0.105803 0.511858 0.0832188 0.00307736 0.644882 0.0694441 



1.11182 

1.83346e-06 6.16428e-07 4.77166e-07 5.69165e-06 4.71958e-06 3.76572e-05 9.0409e-05 0.000329098 0.000539565 0.00349588 0.0437675 1.95248 
1.5817 
0.0943486 0.312118 0.0469369 0.00278306 1.54154 
0.519885 0.185798 
0.440878 0.0425093 

0.00205122 9.11414e-05 0.000123088 0.000213257 0.000596066 0.00730203 0.148898 0.00173672 0.0103772 0.0129064 0.00835552 0.00920666 0.00299813 0.165481 1.52015 0.10643 
1.81448 
1.86375e-06 4.9403e-06 1.08725e-06 1.78827e-05 5.35456e-06 0.000330433 8.0676e-05 0.00047418 0.000693761 0.00089236 0.00355635 0.00355657 0.00951139 0.0294223 0.00249104 0.000513524 0.000323321 0.0030827 0.00311202 0.00351154 0.062661 1.56093 0.094642 0.020612 0.0148343 0.130765 0.0205515 0.00119837 0.0187099 
0.236891 3.59119e-07 0.00694913 1.42862 
0.00203595 0.00630554 0.0433563 0.175678 1.70629 
0.81848 0.0193099 0.0130349 0.000828238 0.000111239 1.92118e-06 0.0081029 0.000818253 0.00039982 0.00280744 0.00385385 0.880775 6.99174e-05 0.000213497 0.00115988 0.0069741 0.00122614 
3.47495e-08 2.27714e-08 1.00954e-07 7.45399e-09 7.0539e-08 4.32806e-08 1.24808e-08 7.59026e-08 5.06902e-08 3.0586e-08 1.94374e-08 7.39055e-09 1.83752e-08 4.76283e-08 3.24145e-08 9.40861e-09 3.05783e-09 2.91261e-08 5.16937e-08 1.3964e-08 2.8255e-08 1.03256e-07 4.87702e-08 3.67241e-08 1.26304e-08 7.653e-08 1.97216e-08 1.33326e-08 3.66238e-08 4.6907e-08 2.5967e-08 1.63773e-07 7.91232e-08 1.42266e-06 9.20442e-07 3.73475e-07 8.13839e-06 0.000125957 0.000410222 0.000786005 0.00168033 0.00676466 0.0555925 0.738361 0.059724 0.00413431 0.0149879 0.00724062 0.00271341 0.00433054 0.826011 
1.19479e-08 4.37192e-08 6.9702e-08 3.36531e-08 4.801e-08 5.7295e-08 2.26756e-08 2.38925e-08 3.03053e-08 1.11143e-08 1.96084e-08 2.94895e-08 2.89697e-08 3.83811e-08 9.42515e-08 5.12603e-08 6.38059e-08 5.78859e-09 3.47214e-08 4.10804e-08 3.86973e-08 8.83779e-08 4.30703e-09 6.66863e-08 3.2533e-08 6.64761e-08 6.07787e-08 1.05389e-07 6.12678e-08 3.10243e-08 4.40589e-08 5.47442e-08 2.39908e-07 1.38923e-06 4.09825e-07 3.2475e-05 0.000598676 0.000492685 0.000320335 0.00178055 0.00269217 0.0170786 0.032549 1.75976 0.143327 0.0328356 0.000274868 0.0010545 0.00186779 0.00148008 0.00493891 

1.24348 0.00581867 0.00661771 0.00585075 

1.16918e-05 0.000100178 0.000103381 0.000316628 0.00054601 0.00108181 0.000509068 0.00136621 0.068336 0.00137781 1.29407e-05 0.00173525 0.000944363 0.00668942 0.0158094 0.557141 0.111189 0.041568 0.00137913 0.0051636 0.982417 0.186952 
1.12917 0.0477698 0.00455557 

0.242661 1.72407 

0.00223836 0.00594369 0.00270745 0.00900684 0.404492 0.0312039 1.44037 
1.40992 0.288231 



0.238056 


0.362912 
0.425463 


0.0765855 1.92051 
0.0439974 0.0423603 0.59236 

0.378441 
0.590253 
1.2181 0.12903 
0.00182405 0.00032491 0.000694726 0.0376047 0.0266736 0.570229 0.336632 0.536323 



1.24489e-07 5.59288e-08 7.68126e-08 4.00635e-08 2.11801e-08 1.21691e-07 1.09371e-07 5.83918e-09 1.55258e-07 1.7868e-06 2.45198e-05 6.09388e-06 5.86892e-05 0.00021855 0.00383265 0.00812153 0.0211673 0.00820965 0.00541543 0.012905 0.00100688 0.0268495 1.84903 

0.0180209 0.00558178 0.00575683 0.136995 0.0242978 0.0108326 0.0768248 0.0196575 0.122601 5.45338e-11 0.00859958 1.31381 0.197114 0.0191153 

2.74022e-08 3.66535e-08 1.59915e-08 3.47192e-08 5.95941e-08 2.04069e-08 4.06993e-08 9.26286e-09 5.00789e-08 1.63737e-08 1.42211e-08 2.32046e-08 2.64754e-08 1.28407e-07 3.13242e-08 1.31831e-08 4.13461e-08 2.42485e-08 9.34892e-09 2.06783e-08 2.22915e-07 1.032e-06 1.5439e-05 1.2059e-05 4.30435e-06 0.000769616 0.00326833 0.00195929 0.00334881 0.00583803 0.00107162 0.000348611 2.81142e-05 0.00634962 0.464893 0.00646547 1.32686 
0.0011389 0.00448117 0.0146921 0.0011038 0.00630589 0.298678 0.0608591 0.0169768 0.013442 0.0147477 1.46669 0.0956355 

0.821349 0.0654917 
0.00283864 0.00171837 0.060402 0.300754 0.665671 0.138194 0.0352364 0.00428221 0.617885 0.075543 0.00168809 0.00772225 


1.18942 
0.808294 0.0362294 0.0764983 0.550075 
1.56408 
0.0450892 0.0147644 0.832185 0.108713 0.0224838 0.842429 


1.00492 



7.19582e-06 2.99584e-05 7.97681e-05 4.44062e-05 0.00100102 0.00102723 0.000599478 0.00235336 0.00992238 0.00630354 0.00780694 0.0129193 0.326289 0.00319488 1.61813 


0.538605 
0.110836 0.0160369 0.00965639 
0.001114 0.00766395 0.00549751 0.0159851 0.103996 0.115939 0.022095 0.0343685 1.42299 0.260762 0.00550436 
0.0416017 0.00183355 0.0178099 0.064746 0.00780229 0.0661429 1.74769 0.0251212 0.00168646 0.00128143 0.0062899 0.00174534 
0.268129 1.5709 0.150421 0.000128347 0.000195933 0.00537655 0.00197648 
0.608697 
0.108062 0.00903319 0.00176099 0.991567 


