5.000000000000000278e-02 0.000000000000000000e+00
1.499999999999999944e-01 0.000000000000000000e+00
2.500000000000000000e-01 0.000000000000000000e+00
3.499999999999999778e-01 0.000000000000000000e+00
4.500000000000000111e-01 0.000000000000000000e+00
5.500000000000000444e-01 0.000000000000000000e+00
6.500000000000000222e-01 0.000000000000000000e+00
7.500000000000000000e-01 0.000000000000000000e+00
8.499999999999999778e-01 0.000000000000000000e+00
9.499999999999999556e-01 0.000000000000000000e+00
1.050000000000000044e+00 0.000000000000000000e+00
1.149999999999999911e+00 0.000000000000000000e+00
1.250000000000000000e+00 0.000000000000000000e+00
1.350000000000000089e+00 1.000000000000000000e+00
1.449999999999999956e+00 0.000000000000000000e+00
1.550000000000000044e+00 0.000000000000000000e+00
1.649999999999999911e+00 0.000000000000000000e+00
1.750000000000000000e+00 0.000000000000000000e+00
1.850000000000000089e+00 0.000000000000000000e+00
1.949999999999999956e+00 1.000000000000000000e+00
2.049999999999999822e+00 0.000000000000000000e+00
2.149999999999999911e+00 2.000000000000000000e+00
2.250000000000000000e+00 0.000000000000000000e+00
2.350000000000000089e+00 0.000000000000000000e+00
2.450000000000000178e+00 0.000000000000000000e+00
2.549999999999999822e+00 0.000000000000000000e+00
2.649999999999999911e+00 0.000000000000000000e+00
2.750000000000000000e+00 0.000000000000000000e+00
2.850000000000000089e+00 0.000000000000000000e+00
2.950000000000000178e+00 0.000000000000000000e+00
3.049999999999999822e+00 0.000000000000000000e+00
3.149999999999999911e+00 1.000000000000000000e+00
3.250000000000000000e+00 1.000000000000000000e+00
3.350000000000000089e+00 1.000000000000000000e+00
3.450000000000000178e+00 0.000000000000000000e+00
3.549999999999999822e+00 1.000000000000000000e+00
3.649999999999999911e+00 3.000000000000000000e+00
3.750000000000000000e+00 4.000000000000000000e+00
3.850000000000000089e+00 6.000000000000000000e+00
3.950000000000000178e+00 1.300000000000000000e+01
4.049999999999999822e+00 6.000000000000000000e+00
4.150000000000000355e+00 2.200000000000000000e+01
4.250000000000000000e+00 2.300000000000000000e+01
4.349999999999999645e+00 3.300000000000000000e+01
4.450000000000000178e+00 3.700000000000000000e+01
4.549999999999999822e+00 8.300000000000000000e+01
4.650000000000000355e+00 1.060000000000000000e+02
4.750000000000000000e+00 1.710000000000000000e+02
4.849999999999999645e+00 1.980000000000000000e+02
4.950000000000000178e+00 3.180000000000000000e+02
5.049999999999999822e+00 3.165000000000000000e+03
5.150000000000000355e+00 1.000000000000000000e+00
5.250000000000000000e+00 0.000000000000000000e+00
5.349999999999999645e+00 1.000000000000000000e+00
5.450000000000000178e+00 0.000000000000000000e+00
5.549999999999999822e+00 0.000000000000000000e+00
5.650000000000000355e+00 0.000000000000000000e+00
5.750000000000000000e+00 0.000000000000000000e+00
5.849999999999999645e+00 0.000000000000000000e+00
5.950000000000000178e+00 0.000000000000000000e+00
6.049999999999999822e+00 0.000000000000000000e+00
6.150000000000000355e+00 0.000000000000000000e+00
6.250000000000000000e+00 0.000000000000000000e+00
6.349999999999999645e+00 0.000000000000000000e+00
6.450000000000000178e+00 0.000000000000000000e+00
6.549999999999999822e+00 0.000000000000000000e+00
6.650000000000000355e+00 0.000000000000000000e+00
6.750000000000000000e+00 0.000000000000000000e+00
6.849999999999999645e+00 0.000000000000000000e+00
6.950000000000000178e+00 0.000000000000000000e+00
7.049999999999999822e+00 0.000000000000000000e+00
7.150000000000000355e+00 0.000000000000000000e+00
7.250000000000000000e+00 0.000000000000000000e+00
7.349999999999999645e+00 0.000000000000000000e+00
7.450000000000000178e+00 0.000000000000000000e+00
7.549999999999999822e+00 0.000000000000000000e+00
7.650000000000000355e+00 0.000000000000000000e+00
7.750000000000000000e+00 0.000000000000000000e+00
7.849999999999999645e+00 0.000000000000000000e+00
7.950000000000000178e+00 0.000000000000000000e+00
8.050000000000000711e+00 0.000000000000000000e+00
8.150000000000000355e+00 0.000000000000000000e+00
8.250000000000000000e+00 0.000000000000000000e+00
8.349999999999999645e+00 0.000000000000000000e+00
8.449999999999999289e+00 0.000000000000000000e+00
8.550000000000000711e+00 0.000000000000000000e+00
8.650000000000000355e+00 0.000000000000000000e+00
8.750000000000000000e+00 0.000000000000000000e+00
8.849999999999999645e+00 0.000000000000000000e+00
8.949999999999999289e+00 0.000000000000000000e+00
9.050000000000000711e+00 0.000000000000000000e+00
9.150000000000000355e+00 0.000000000000000000e+00
9.250000000000000000e+00 0.000000000000000000e+00
9.349999999999999645e+00 0.000000000000000000e+00
9.449999999999999289e+00 0.000000000000000000e+00
9.550000000000000711e+00 0.000000000000000000e+00
9.650000000000000355e+00 0.000000000000000000e+00
9.750000000000000000e+00 0.000000000000000000e+00
9.849999999999999645e+00 0.000000000000000000e+00
9.949999999999999289e+00 0.000000000000000000e+00
1.005000000000000071e+01 0.000000000000000000e+00
1.015000000000000036e+01 0.000000000000000000e+00
1.025000000000000000e+01 0.000000000000000000e+00
1.034999999999999964e+01 0.000000000000000000e+00
1.044999999999999929e+01 0.000000000000000000e+00
1.055000000000000071e+01 0.000000000000000000e+00
1.065000000000000036e+01 0.000000000000000000e+00
1.075000000000000000e+01 0.000000000000000000e+00
1.084999999999999964e+01 0.000000000000000000e+00
1.094999999999999929e+01 0.000000000000000000e+00
1.105000000000000071e+01 0.000000000000000000e+00
1.115000000000000036e+01 0.000000000000000000e+00
1.125000000000000000e+01 0.000000000000000000e+00
1.134999999999999964e+01 0.000000000000000000e+00
1.144999999999999929e+01 0.000000000000000000e+00
1.155000000000000071e+01 0.000000000000000000e+00
1.165000000000000036e+01 0.000000000000000000e+00
1.175000000000000000e+01 0.000000000000000000e+00
1.184999999999999964e+01 0.000000000000000000e+00
1.194999999999999929e+01 0.000000000000000000e+00
1.205000000000000071e+01 0.000000000000000000e+00
1.215000000000000036e+01 0.000000000000000000e+00
1.225000000000000000e+01 0.000000000000000000e+00
1.234999999999999964e+01 0.000000000000000000e+00
1.244999999999999929e+01 0.000000000000000000e+00
1.255000000000000071e+01 0.000000000000000000e+00
1.265000000000000036e+01 0.000000000000000000e+00
1.275000000000000000e+01 0.000000000000000000e+00
1.284999999999999964e+01 0.000000000000000000e+00
1.294999999999999929e+01 0.000000000000000000e+00
1.305000000000000071e+01 0.000000000000000000e+00
1.315000000000000036e+01 0.000000000000000000e+00
1.325000000000000000e+01 0.000000000000000000e+00
1.334999999999999964e+01 0.000000000000000000e+00
1.344999999999999929e+01 0.000000000000000000e+00
1.355000000000000071e+01 0.000000000000000000e+00
1.365000000000000036e+01 0.000000000000000000e+00
1.375000000000000000e+01 0.000000000000000000e+00
1.384999999999999964e+01 0.000000000000000000e+00
1.394999999999999929e+01 0.000000000000000000e+00
1.405000000000000071e+01 0.000000000000000000e+00
1.415000000000000036e+01 0.000000000000000000e+00
1.425000000000000000e+01 0.000000000000000000e+00
1.434999999999999964e+01 0.000000000000000000e+00
1.444999999999999929e+01 0.000000000000000000e+00
1.455000000000000071e+01 0.000000000000000000e+00
1.465000000000000036e+01 0.000000000000000000e+00
1.475000000000000000e+01 0.000000000000000000e+00
1.484999999999999964e+01 0.000000000000000000e+00
1.494999999999999929e+01 0.000000000000000000e+00
1.505000000000000071e+01 0.000000000000000000e+00
1.515000000000000036e+01 0.000000000000000000e+00
1.525000000000000000e+01 0.000000000000000000e+00
1.534999999999999964e+01 0.000000000000000000e+00
1.544999999999999929e+01 0.000000000000000000e+00
1.555000000000000071e+01 0.000000000000000000e+00
1.565000000000000036e+01 0.000000000000000000e+00
1.575000000000000000e+01 0.000000000000000000e+00
1.584999999999999964e+01 0.000000000000000000e+00
1.594999999999999929e+01 0.000000000000000000e+00
1.605000000000000071e+01 0.000000000000000000e+00
1.614999999999999858e+01 0.000000000000000000e+00
1.625000000000000000e+01 0.000000000000000000e+00
1.635000000000000142e+01 0.000000000000000000e+00
1.644999999999999929e+01 0.000000000000000000e+00
1.655000000000000071e+01 0.000000000000000000e+00
1.664999999999999858e+01 0.000000000000000000e+00
1.675000000000000000e+01 0.000000000000000000e+00
1.685000000000000142e+01 0.000000000000000000e+00
1.694999999999999929e+01 0.000000000000000000e+00
1.705000000000000071e+01 0.000000000000000000e+00
1.714999999999999858e+01 0.000000000000000000e+00
1.725000000000000000e+01 0.000000000000000000e+00
1.735000000000000142e+01 0.000000000000000000e+00
1.744999999999999929e+01 0.000000000000000000e+00
1.755000000000000071e+01 0.000000000000000000e+00
1.764999999999999858e+01 0.000000000000000000e+00
1.775000000000000000e+01 0.000000000000000000e+00
1.785000000000000142e+01 0.000000000000000000e+00
1.794999999999999929e+01 0.000000000000000000e+00
1.805000000000000071e+01 0.000000000000000000e+00
1.814999999999999858e+01 0.000000000000000000e+00
1.825000000000000000e+01 0.000000000000000000e+00
1.835000000000000142e+01 0.000000000000000000e+00
1.844999999999999929e+01 0.000000000000000000e+00
1.855000000000000071e+01 0.000000000000000000e+00
1.864999999999999858e+01 0.000000000000000000e+00
1.875000000000000000e+01 0.000000000000000000e+00
1.885000000000000142e+01 0.000000000000000000e+00
1.894999999999999929e+01 0.000000000000000000e+00
1.905000000000000071e+01 0.000000000000000000e+00
1.914999999999999858e+01 0.000000000000000000e+00
1.925000000000000000e+01 0.000000000000000000e+00
1.935000000000000142e+01 0.000000000000000000e+00
1.944999999999999929e+01 0.000000000000000000e+00
1.955000000000000071e+01 0.000000000000000000e+00
1.964999999999999858e+01 0.000000000000000000e+00
1.975000000000000000e+01 0.000000000000000000e+00
1.985000000000000142e+01 0.000000000000000000e+00
1.994999999999999929e+01 0.000000000000000000e+00
2.005000000000000071e+01 0.000000000000000000e+00
2.014999999999999858e+01 0.000000000000000000e+00
2.025000000000000000e+01 0.000000000000000000e+00
2.035000000000000142e+01 0.000000000000000000e+00
2.044999999999999929e+01 0.000000000000000000e+00
2.055000000000000071e+01 0.000000000000000000e+00
2.064999999999999858e+01 0.000000000000000000e+00
2.075000000000000000e+01 0.000000000000000000e+00
2.085000000000000142e+01 0.000000000000000000e+00
2.094999999999999929e+01 0.000000000000000000e+00
2.105000000000000071e+01 0.000000000000000000e+00
2.114999999999999858e+01 0.000000000000000000e+00
2.125000000000000000e+01 0.000000000000000000e+00
2.135000000000000142e+01 0.000000000000000000e+00
2.144999999999999929e+01 0.000000000000000000e+00
2.155000000000000071e+01 0.000000000000000000e+00
2.164999999999999858e+01 0.000000000000000000e+00
2.175000000000000000e+01 0.000000000000000000e+00
2.185000000000000142e+01 0.000000000000000000e+00
2.194999999999999929e+01 0.000000000000000000e+00
2.205000000000000071e+01 0.000000000000000000e+00
2.214999999999999858e+01 0.000000000000000000e+00
2.225000000000000000e+01 0.000000000000000000e+00
2.235000000000000142e+01 0.000000000000000000e+00
2.244999999999999929e+01 0.000000000000000000e+00
2.255000000000000071e+01 0.000000000000000000e+00
2.264999999999999858e+01 0.000000000000000000e+00
2.275000000000000000e+01 0.000000000000000000e+00
2.285000000000000142e+01 0.000000000000000000e+00
2.294999999999999929e+01 0.000000000000000000e+00
2.305000000000000071e+01 0.000000000000000000e+00
2.314999999999999858e+01 0.000000000000000000e+00
2.325000000000000000e+01 0.000000000000000000e+00
2.335000000000000142e+01 0.000000000000000000e+00
2.344999999999999929e+01 0.000000000000000000e+00
2.355000000000000071e+01 0.000000000000000000e+00
2.364999999999999858e+01 0.000000000000000000e+00
2.375000000000000000e+01 0.000000000000000000e+00
2.385000000000000142e+01 0.000000000000000000e+00
2.394999999999999929e+01 0.000000000000000000e+00
2.405000000000000071e+01 0.000000000000000000e+00
2.414999999999999858e+01 0.000000000000000000e+00
2.425000000000000000e+01 0.000000000000000000e+00
2.435000000000000142e+01 0.000000000000000000e+00
2.444999999999999929e+01 0.000000000000000000e+00
2.455000000000000071e+01 0.000000000000000000e+00
2.464999999999999858e+01 0.000000000000000000e+00
2.475000000000000000e+01 0.000000000000000000e+00
2.485000000000000142e+01 0.000000000000000000e+00
2.494999999999999929e+01 0.000000000000000000e+00
2.505000000000000071e+01 0.000000000000000000e+00
2.514999999999999858e+01 0.000000000000000000e+00
2.525000000000000000e+01 0.000000000000000000e+00
2.535000000000000142e+01 0.000000000000000000e+00
2.544999999999999929e+01 0.000000000000000000e+00
2.555000000000000071e+01 0.000000000000000000e+00
2.564999999999999858e+01 0.000000000000000000e+00
2.575000000000000000e+01 0.000000000000000000e+00
2.585000000000000142e+01 0.000000000000000000e+00
2.594999999999999929e+01 0.000000000000000000e+00
2.605000000000000071e+01 0.000000000000000000e+00
2.614999999999999858e+01 0.000000000000000000e+00
2.625000000000000000e+01 0.000000000000000000e+00
2.635000000000000142e+01 0.000000000000000000e+00
2.644999999999999929e+01 0.000000000000000000e+00
2.655000000000000071e+01 0.000000000000000000e+00
2.664999999999999858e+01 0.000000000000000000e+00
2.675000000000000000e+01 0.000000000000000000e+00
2.685000000000000142e+01 0.000000000000000000e+00
2.694999999999999929e+01 0.000000000000000000e+00
2.705000000000000071e+01 0.000000000000000000e+00
2.714999999999999858e+01 0.000000000000000000e+00
2.725000000000000000e+01 0.000000000000000000e+00
2.735000000000000142e+01 0.000000000000000000e+00
2.744999999999999929e+01 0.000000000000000000e+00
2.755000000000000071e+01 0.000000000000000000e+00
2.764999999999999858e+01 0.000000000000000000e+00
2.775000000000000000e+01 0.000000000000000000e+00
2.785000000000000142e+01 0.000000000000000000e+00
2.794999999999999929e+01 0.000000000000000000e+00
2.805000000000000071e+01 0.000000000000000000e+00
2.814999999999999858e+01 0.000000000000000000e+00
2.825000000000000000e+01 0.000000000000000000e+00
2.835000000000000142e+01 0.000000000000000000e+00
2.844999999999999929e+01 0.000000000000000000e+00
2.855000000000000071e+01 0.000000000000000000e+00
2.864999999999999858e+01 0.000000000000000000e+00
2.875000000000000000e+01 0.000000000000000000e+00
2.885000000000000142e+01 0.000000000000000000e+00
2.894999999999999929e+01 0.000000000000000000e+00
2.905000000000000071e+01 0.000000000000000000e+00
2.914999999999999858e+01 0.000000000000000000e+00
2.925000000000000000e+01 0.000000000000000000e+00
2.935000000000000142e+01 0.000000000000000000e+00
2.944999999999999929e+01 0.000000000000000000e+00
2.955000000000000071e+01 0.000000000000000000e+00
2.964999999999999858e+01 0.000000000000000000e+00
2.975000000000000000e+01 0.000000000000000000e+00
2.985000000000000142e+01 0.000000000000000000e+00
2.994999999999999929e+01 0.000000000000000000e+00
