124.72  0.376214  824 6
281.374  0.242857  350 4
87.485  0.407143  560 4
223.313  0.223256  430 4
-347.5  0.194969  159 6
-369.656  0.211538  208 4
118.062  0.379048  525 6
-303.797  0.184343  396 4
-118.749  0.320917  349 6
-254.688  0.225577  563 6
98.561  0.381793  736 4
251.532  0.169154  201 4
12.72  0.313776  392 4
122.953  0.357025  605 6
-193.467  0.199612  516 4
296.217  0.376879  865 6
18.374  0.203252  246 4
-49.563  0.245902  366 6
-300.547  0.193416  243 6
15.344  0.179612  206 4
12.938  0.280788  406 4
17.844  0.181287  171 6
85.705  0.315789  266 4
221.936  0.285088  228 6
28.344  0.232775  537 6
14.172  0.254054  740 6
291.031  0.228769  577 6
113.345  0.431535  482 6
81.688  0.418429  662 6
-347.624  0.354839  217 6
-394.344  0.248641  736 4
19.689  0.159509  163 6
261.125  0.219626  214 6
161  0.167883  137 4
173.719  0.284823  481 4
-312.751  0.253731  335 4
-51  0.181518  303 6
128.094  0.353712  1603 6
19.093  0.127517  149 6
-61.939  0.262108  351 6
-223.893  0.231196  1263 4
-114.22  0.303241  432 4
146.938  0.231481  216 4
-376.749  0.213964  444 4
-364.703  0.252427  1339 4
14.562  0.267241  696 4
-90.063  0.305085  177 6
139.876  0.284916  537 4
119.937  0.361404  570 4
-18.734  0.254876  3794 6
-142.718  0.238506  696 6
71.86  0.335915  1033 6
77.5  0.379252  1764 6
11.109  0.271092  5950 4
218.875  0.234211  380 6
73.579  0.398551  1104 4
-77.623  0.204103  975 4
-22.563  0.275204  734 4
74.783  0.374315  2920 4
14.782  0.244218  1081 4
30.688  0.218863  827 4
100.982  0.442017  595 4
15.251  0.245614  171 4
134.939  0.265455  275 6
-90.907  0.240476  840 6
10.252  0.232964  631 4
16.722  0.236842  228 4
7.436  0.243298  2947 6
8.546  0.250144  5217 6
86.28  0.374421  1079 4
-152.185  0.205479  219 6
-2.75  0.198675  453 6
15.999  0.210826  351 6
18.374  0.148936  235 4
75.079  0.333569  2827 4
-46.642  0.334483  290 6
-353.438  0.240209  383 6
19.468  0.111842  152 4
81.095  0.347923  2239 4
-266.314  0.26294  483 4
77.031  0.197674  688 6
-4.093  0.230435  460 6
200.596  0.234875  281 4
154.498  0.370769  650 6
223.858  0.253968  441 4
-374.124  0.242481  532 6
207.468  0.18956  364 6
75.344  0.339401  1703 4
-170.846  0.272517  866 6
-365.626  0.281106  217 4
226.938  0.215071  637 4
-10.345  0.242466  730 6
223.768  0.0220588  136 6
-51.001  0.309963  271 6
16.437  0.277778  612 6
-124.314  0.258824  170 6
14.234  0.238687  1127 4
105.686  0.229545  440 4
1.155  0.261587  1273 4
82.625  0.347848  2021 6
204.781  0.36859  312 4
15.172  0.255072  345 4
60.468  0.341946  4141 4
104.906  0.408719  367 6
219.124  0.345455  495 4
12.592  0.232301  2260 4
236.187  0.402235  358 4
66.312  0.245436  493 4
-360.939  0.222836  543 4
-86.626  0.211397  544 4
-223.438  0.240246  974 4
-85.937  0.245675  1156 6
-165.125  0.235398  565 4
90.484  0.348109  1692 6
69.969  0.338831  3456 4
-236.314  0.239617  939 6
4.562  0.284211  665 6
212.939  0.40458  917 6
17.25  0.206452  155 4
215.626  0.386179  738 4
86.64  0.343643  1746 4
189.937  0.326109  969 4
101.53  0.353659  1312 4
-6.392  0.192  125 4
97  0.320833  240 4
76.609  0.36487  2431 6
156.939  0.237785  307 4
96.877  0.425178  421 6
-388.266  0.270581  1567 6
116.282  0.279412  544 6
-159.843  0.148699  269 4
192.032  0.254766  1154 6
97.281  0.0921053  152 6
110.141  0.218391  261 4
-37.844  0.272142  1242 4
275.906  0.394531  1792 4
-198.281  0.238193  487 6
-187.454  0.2875  1520 4
170.172  0.328671  286 4
-164.28  0.246819  393 4
-185.531  0.112782  266 6
116.251  0.256438  932 6
102.501  0.331954  967 4
71.688  0.368369  1018 6
233.484  0.250737  339 4
13.094  0.13615  213 4
16.875  0.242424  297 4
136.938  0.263179  2542 6
224.156  0.347826  299 6
298.031  0.258065  217 4
-252.499  0.268132  455 4
310.874  0.248051  1411 6
66.077  0.33683  2669 4
-296.687  0.228571  175 6
18.872  0.291304  230 4
10.064  0.239504  1048 6
73.437  0.391233  1825 4
8.361  0.237171  721 4
8.407  0.273165  831 6
234.734  0.27381  252 4
-167.781  0.0641026  156 6
-232.312  0.23569  297 4
-288.843  0.244074  1139 6
-320.688  0.166667  216 4
295.675  0.302326  258 4
-266.328  0.189055  201 4
-326.439  0.282084  787 4
11.281  0.271833  813 6
217.125  0.219828  232 4
16.407  0.217277  382 4
84.891  0.344383  1629 6
14.47  0.239754  488 4
-104  0.258065  248 6
16.282  0.309896  384 4
113.814  0.43418  433 4
208.704  0.264125  2177 6
-183.5  0.253219  233 6
-194.969  0.239218  1484 6
-6.532  0.256498  2039 4
16.688  0.247126  174 6
141.531  0.261568  1556 6
115.19  0.142857  161 6
138.062  0.357654  1398 6
18.484  0.356098  205 6
-102.157  0.253968  1512 4
243.312  0.255732  567 6
9.376  0.296774  310 4
-224.047  0.259259  432 6
17.344  0.143885  139 6
29.72  0.287926  969 6
254.952  0.251309  382 4
80.578  0.341545  1786 4
218.25  0.150794  252 4
-127.563  0.267647  1020 4
-353.689  0.205357  336 6
23.016  0.15748  127 4
16.468  0.284211  475 4
-359.75  0.227941  816 6
15.5  0.303738  214 4
11.436  0.262821  312 6
-149.313  0.244681  282 4
-187.125  0.263473  334 4
106.11  0.244048  1008 4
-339.688  0.267628  624 4
-167.799  0.237925  1118 6
-298.872  0.23219  379 4
71.563  0.363981  2110 6
14.688  0.274933  371 4
38.594  0.281768  181 6
83.658  0.38647  1286 6
17.187  0.203822  157 4
10.125  0.225882  425 6
-157.986  0.228324  1038 4
-327.034  0.236272  1384 4
65.594  0.344418  4210 6
29.422  0.273993  1365 6
16.594  0.21988  332 4
-373.814  0.262523  1078 6
-391.218  0.263227  1531 6
266.187  0.252101  714 6
80.391  0.408553  1520 4
7.312  0.222222  522 6
30.001  0.253521  355 6
11.578  0.145349  172 6
9.032  0.269188  1798 4
76.783  0.118959  269 4
92.532  0.246488  1566 6
13.64  0.257036  533 6
12.846  0.260643  1151 6
11.938  0.282851  449 6
75.688  0.383946  1034 4
72.093  0.298667  375 4
-259.095  0.232344  977 6
17.577  0.434524  336 6
82.124  0.389171  591 6
14.343  0.25  236 4
-100.467  0.132597  181 4
-241.625  0.29148  223 4
300.251  0.20398  201 4
48.843  0.241113  647 6
-6.173  0.233434  664 6
-360.469  0.28341  434 6
237.594  0.214751  922 6
-187.624  0.206704  179 4
209.53  0.259792  1251 4
93.626  0.195122  410 4
272.031  0.266196  849 6
75.367  0.394799  846 4
13.968  0.282178  202 6
-77.185  0.258022  1527 4
-16.313  0.21458  727 4
66.406  0.333903  4094 4
7.345  0.244199  905 6
66.563  0.33979  2478 4
194.031  0.25  708 4
-265.563  0.253497  1787 4
116.499  0.474403  293 6
-5.687  0.174194  155 6
17.313  0.188  250 4
-345.86  0.247321  2240 4
3.781  0.19063  619 6
16.624  0.218289  339 4
72.062  0.373952  1789 4
13.813  0.271945  581 6
69.61  0.353597  2780 4
14.485  0.264735  1001 4
215.31  0.373377  308 4
195.28  0.346062  1257 4
265.655  0.305732  157 4
95.078  0.303406  646 4
-89.501  0.272374  257 6
-44.203  0.0864198  162 4
305.562  0.197787  723 4
102.812  0.360269  594 6
19.719  0.1625  160 4
13.095  0.22323  551 4
19.75  0.208955  201 4
115.313  0.369272  371 4
110.516  0.358289  374 4
-318.311  0.27897  233 4
89.812  0.347015  268 4
102  0.354919  803 4
89.748  0.378378  1480 6
-378.469  0.318102  569 6
-278.281  0.251128  665 4
15.094  0.250825  303 6
-224.247  0.239804  613 6
-210.437  0.371542  253 4
149.016  0.232394  1136 6
13.624  0.289474  228 4
-296.5  0.242105  285 4
-2.672  0.251648  1669 6
-78.436  0.216216  185 4
-85.343  0.242331  326 4
113.717  0.4  500 6
-8.375  0.202597  385 4
-206.89  0.241533  1122 6
12.187  0.259804  204 6
-71.769  0.248101  1185 4
119.984  0.270642  1962 4
103.172  0.369786  887 4
177.094  0.391414  396 6
226.813  0.333333  192 4
11.499  0.306604  1060 6
107.25  0.27305  282 6
116.625  0.247649  319 4
-202.093  0.22449  196 6
65.187  0.355223  3609 6
79.14  0.335349  2481 4
-311.843  0.221088  294 6
209.703  0.309524  252 4
-118.936  0.28436  211 4
17.047  0.212766  282 4
-286.5  0.224299  214 6
18.126  0.196721  183 6
109.438  0.371328  851 6
-225.577  0.231638  354 6
263.5  0.275862  406 6
26.124  0.301115  269 6
180.829  0.297521  242 4
168.375  0.308017  237 6
57.063  0.22381  420 4
-153.562  0.258255  848 4
-349.124  0.257222  1800 4
13.172  0.265449  1861 4
234.265  0.251266  987 4
-13.937  0.311989  734 4
154.938  0.423948  309 4
-7.171  0.280909  2289 6
13.158  0.140127  157 6
14.593  0.247423  388 4
12.937  0.280702  285 4
-18.252  0.243697  238 6
177.063  0.359133  969 6
147.251  0.39521  334 4
-390.156  0.166667  162 4
-379.171  0.25784  3444 4
77.765  0.25245  2143 6
188.344  0.394872  390 6
-202.312  0.174312  218 4
-315.985  0.250667  1500 6
