268.343  0.403279  305 6
276.983  0.199074  216 6
75.719  0.377551  588 6
-304.406  0.236285  1841 6
131.641  0.399485  388 4
283.374  0.228205  780 6
122.891  0.245645  574 4
-3.595  0.238267  1108 4
120.579  0.251082  1617 6
190.563  0.214286  224 4
149.5  0.354749  358 6
-186.061  0.266667  180 6
-380.468  0.253521  639 4
19.188  0.177215  158 4
-320.751  0.233177  639 6
16.546  0.244147  299 6
-183.767  0.219574  1175 6
-231.032  0.182471  696 6
14.688  0.241758  182 4
11.109  0.247572  4633 4
65.797  0.330489  3398 6
-28.814  0.128814  295 4
-173.438  0.239669  363 4
241.875  0.345178  394 4
-62.375  0.180672  238 4
-41.033  0.262745  1275 4
174.718  0.375  960 4
-300.268  0.286545  1375 4
15.843  0.306604  212 6
14.25  0.171642  134 4
298.734  0.246791  1714 4
-348.359  0.257541  862 6
74.626  0.337435  2113 4
-32.032  0.278523  1788 4
-59.002  0.249531  1599 6
208.328  0.358913  2098 6
6.312  0.300901  555 4
15.892  0.228346  381 6
-53.858  0.244936  3801 6
-359.187  0.284946  186 6
103.311  0.255144  243 4
300.813  0.273616  307 4
96.858  0.376028  851 6
21.485  0.244048  168 4
-317.249  0.300429  233 4
89.033  0.376623  1001 6
116.531  0.189696  427 6
-120.155  0.200514  389 4
214.248  0.256228  281 4
244.748  0.256997  393 4
-373.28  0.249199  1248 6
124.672  0.326858  2059 6
173.452  0.181818  429 4
288.905  0.260684  234 4
232.905  0.426513  347 4
14.704  0.24463  838 4
69.172  0.204545  924 4
-271.998  0.226923  520 4
190.03  0.359286  1233 4
111.985  0.303977  352 4
126.501  0.231208  1051 6
-208.499  0.209459  296 6
-200.735  0.245884  1883 4
90.172  0.363932  1536 4
146.813  0.238095  210 4
4.191  0.25  784 6
-20.564  0.0326797  153 6
-261.53  0.310976  328 6
11.109  0.26893  1915 4
-383.313  0.128713  202 4
-190.109  0.275641  312 6
312.187  0.23954  1912 4
56.296  0.22591  2501 4
-133.999  0.262922  2012 4
-29.985  0.235935  551 4
-291.313  0.239107  941 6
-75.234  0.24121  1223 4
118.25  0.251809  691 6
30.595  0.157609  184 6
100.467  0.343669  774 4
101.093  0.370327  856 6
76.405  0.348661  2240 4
-258.734  0.435374  294 4
195.672  0.239269  1258 6
212.204  0.265131  1867 4
92.28  0.23565  662 4
-166.595  0.0647482  139 6
-113.5  0.265823  237 6
26.688  0.263158  855 6
-6.296  0.249098  3605 4
116.575  0.251623  1848 4
187.937  0.278571  280 6
4.469  0.305732  157 6
59  0.259211  5347 6
76.249  0.380893  1612 4
-51.751  0.189189  222 6
91.063  0.360849  848 6
71.327  0.334681  3711 4
-262.06  0.257576  198 4
211.764  0.447837  393 6
17.468  0.223512  689 6
26.561  0.2  170 6
-4.75  0.246622  1184 4
173.47  0.402584  1006 6
77.157  0.345366  1025 4
-359.374  0.253805  4074 6
62.186  0.350142  3173 6
15.03  0.289813  697 4
135.782  0.340116  344 6
76.356  0.348806  2262 6
-386.938  0.258675  1902 6
19.594  0.173333  225 4
162.28  0.322993  548 6
15.251  0.264637  427 4
302.436  0.188341  223 4
-373.25  0.334906  212 4
15.033  0.271097  948 4
81.936  0.326087  1380 4
67.813  0.305263  190 4
12.937  0.238411  302 4
287.655  0.249783  1153 4
8.688  0.263704  3758 6
-41.251  0.260514  856 6
-362.439  0.258287  724 6
201.845  0.260526  380 6
-239.562  0.258389  298 4
67.837  0.338422  3537 4
13.562  0.28022  182 6
-150.14  0.254428  621 6
-264.798  0.112782  133 4
83.11  0.372738  829 4
16.75  0.157895  285 6
74.937  0.332418  1092 4
223.28  0.237465  1436 6
186.345  0.20098  204 6
117.156  0.426471  340 6
-139.717  0.265616  1713 4
68  0.356693  2697 6
27.61  0.170213  235 6
295.907  0.164251  207 4
15.11  0.25  448 4
-223.532  0.221477  149 4
210.033  0.435407  627 4
23.36  0.123288  146 4
-223.31  0.217105  304 4
10.436  0.254946  6723 6
121.063  0.248639  551 4
-242.188  0.276461  633 6
-156.531  0.261989  1981 6
168.89  0.377076  602 6
-292.531  0.24898  490 4
296.968  0.237389  337 6
-278.968  0.238651  771 4
13.25  0.356164  219 4
69.844  0.395574  1446 4
192.937  0.29805  359 6
-48.811  0.285366  410 6
-81.764  0.253106  4105 6
230.75  0.40675  563 6
13.984  0.25  376 6
-135.469  0.22807  399 6
71.735  0.350767  2543 6
-40.017  0.0534759  187 4
-175.999  0.237525  501 4
103.906  0.301969  457 4
250.158  0.255072  345 4
19.187  0.251523  2298 4
93.829  0.338785  856 4
-36.108  0.242558  907 6
221.39  0.330532  357 4
73.813  0.230392  204 6
-166.874  0.232258  465 6
240.062  0.204545  176 6
-5.64  0.247373  1047 4
-383.189  0.24269  342 6
-206.829  0.265957  752 6
15.532  0.32459  305 6
11.438  0.238067  1676 4
16.186  0.296804  219 6
216.437  0.23902  2368 6
69.093  0.358315  2255 4
-238.532  0.257522  1130 4
-227.016  0.255814  344 4
12  0.245359  1239 4
288.314  0.17037  405 4
73.22  0.363596  2236 4
-377.187  0.279642  447 4
78.532  0.245582  1641 4
118.686  0.352399  1084 4
11.439  0.25375  2400 4
216.499  0.238532  436 6
-87.094  0.280765  837 4
10.219  0.252366  2219 6
-80.499  0.259299  941 4
35.187  0.275946  819 4
-352.5  0.207171  251 6
14.218  0.289062  256 6
83.265  0.411429  525 4
25.421  0.251232  203 4
87.314  0.372047  508 6
288.53  0.261002  1318 6
14.095  0.19715  421 6
139.532  0.412078  563 6
16.438  0.229885  174 4
68.377  0.390184  815 6
134.156  0.332192  292 4
79.501  0.340996  1044 4
11.753  0.235465  344 6
-159.17  0.253096  2019 4
13.062  0.24093  1075 4
-356.407  0.310811  222 4
10.876  0.187845  181 4
12.186  0.25072  347 4
19.47  0.298969  291 4
78.497  0.409323  1759 4
227.312  0.152542  177 6
10.657  0.264103  390 4
208.22  0.315412  279 6
103.594  0.225  640 6
15.656  0.277778  378 4
-231.657  0.315  200 6
96.156  0.411616  792 6
72.545  0.335175  2715 4
-341.343  0.246011  752 4
16.469  0.237089  426 4
96.531  0.322581  403 4
233.28  0.242667  375 6
-292  0.257282  206 4
-13.173  0.265217  920 4
13.625  0.250704  710 4
-148.438  0.240093  429 4
-349.373  0.262025  790 4
-206.967  0.24507  355 4
163.936  0.181818  198 4
-150.876  0.258929  560 4
12.656  0.194215  242 6
71.845  0.33587  1840 4
83.517  0.35533  1576 6
-370.999  0.216  250 6
-72.157  0.22798  16383 4
305.813  0.39318  997 6
9.205  0.231073  1268 6
203.797  0.239837  246 6
-144.063  0.231132  212 6
14.844  0.203636  275 6
308.813  0.218009  211 4
-169.032  0.25974  308 4
-272.437  0.0987654  162 6
91.561  0.421833  742 6
-348.343  0.229452  1168 4
43.704  0.26261  15285 4
86.373  0.389291  1382 4
82.625  0.343352  2196 4
257.751  0.151163  172 4
-9.938  0.242484  1530 4
102.766  0.379822  337 4
9.016  0.268739  8365 6
100.358  0.352375  3326 6
96.891  0.448649  370 6
239.984  0.367707  737 4
243.203  0.233333  150 6
-258.501  0.209524  210 6
215.531  0.352941  391 4
-273.564  0.183036  224 4
93.799  0.175732  478 6
156.22  0.269231  260 6
-15.422  0.264151  212 6
-264.97  0.246388  1246 4
127.594  0.390728  302 6
71.64  0.233898  590 6
-392.968  0.263889  216 4
59.625  0.359273  2750 4
-379.109  0.267181  1295 6
10.562  0.241094  1572 4
14.969  0.254132  484 6
96.015  0.357438  1452 4
-204.875  0.200924  433 6
141.156  0.219081  283 4
265.438  0.271318  387 6
-378.688  0.285455  550 4
111.813  0.383973  599 4
15.281  0.210084  476 4
110.498  0.269784  278 4
22.217  0.2  205 4
12.437  0.259732  2980 4
157.22  0.265973  673 4
149.875  0.381526  747 4
-283.219  0.229602  527 6
179.593  0.251185  633 6
15.626  0.266943  723 4
85.814  0.364058  1508 4
-91.423  0.142857  182 6
16.5  0.262799  293 4
289.124  0.228532  722 4
16.03  0.266544  544 4
15.189  0.243243  222 4
69.576  0.34626  2888 4
11.719  0.2  370 6
73.251  0.231293  588 6
-338.249  0.251337  374 6
81.406  0.215768  241 4
70.171  0.36143  2266 6
267.36  0.235663  2075 4
-285.282  0.296703  182 6
-240.874  0.189189  222 6
85.626  0.348649  370 6
235.438  0.212903  155 6
-332.814  0.25625  640 6
39.578  0.236749  283 4
305.124  0.279037  706 4
-386.78  0.286458  192 4
304.033  0.246445  211 6
101.188  0.363069  1121 6
69.438  0.365302  928 6
-337.909  0.225155  644 6
231.892  0.262418  1067 4
-143.156  0.208589  326 4
37.126  0.177778  180 4
16.218  0.0903427  321 4
-47.657  0.0529101  189 4
15.11  0.230769  585 6
-281.875  0.367893  299 6
15.781  0.268769  2664 6
236.594  0.287909  1497 6
75.594  0.382507  766 6
101.109  0.263911  629 4
-160.469  0.206897  261 6
131.141  0.241837  980 6
-64.499  0.250909  1925 4
74.329  0.323452  2294 4
15.689  0.141176  170 4
148.344  0.341216  296 6
72.578  0.376906  459 6
-268.467  0.246154  650 4
79.297  0.389364  1053 6
93.499  0.34472  966 4
76.844  0.351201  1082 4
88.657  0.341398  372 6
238.812  0.428331  593 4
-187.812  0.19209  177 4
252.031  0.359252  1016 4
216.156  0.241772  1580 6
-348.828  0.195767  189 6
-232.626  0.262906  1046 4
80.406  0.284211  190 6
11.25  0.254054  185 4
-42.467  0.24878  410 4
-250.03  0.174603  189 6
12.141  0.228029  1684 4
91.47  0.373538  1368 4
-210.75  0.269231  338 6
298.89  0.303279  244 6
-11.909  0.220588  476 6
-392.032  0.258503  1470 6
-125.281  0.235457  361 6
-243.469  0.253927  382 4
87.999  0.367098  1313 6
156.781  0.363354  322 4
16.064  0.175355  422 4
47.766  0.246637  669 4
165.955  0.253623  276 4
13.578  0.250959  1303 6
143.812  0.186528  193 4
225.736  0.19375  320 4
-281.75  0.242857  210 6
92.703  0.274775  222 6
19.093  0.084507  142 4
-369.656  0.376045  359 6
197.907  0.243147  839 6
16.031  0.279863  586 4
285.25  0.242938  354 4
9.187  0.227421  919 6
-333.095  0.276995  213 6
-0.875  0.233909  637 6
16.344  0.269036  394 4
224.127  0.361111  360 4
-132.623  0.269841  252 4
-113.627  0.214414  555 4
-32.875  0.258383  1014 6
-254.092  0.340807  223 4
-229.689  0.358459  597 6
42.593  0.184358  179 4
87.642  0.334957  1848 6
91.156  0.379653  403 4
75.875  0.236645  1872 4
264.999  0.278146  453 6
13.376  0.247956  1101 6
171.686  0.291913  1014 6
-244.28  0.260274  219 4
-61.002  0.291457  199 4
16.219  0.221122  303 4
-377.751  0.239583  192 4
10.11  0.219928  1937 4
73.25  0.372447  2105 4
227.625  0.370909  550 4
-293.566  0.230769  169 4
10.533  0.242762  449 6
-2.437  0.289916  238 6
-31.499  0.0967742  155 4
89.391  0.363636  528 6
16.251  0.282609  138 6
17.313  0.250597  419 4
21.359  0.174157  178 6
232.515  0.235515  1329 6
216.374  0.231738  397 6
90.549  0.274306  288 4
203.032  0.371158  846 4
-108.782  0.262189  1846 6
276.501  0.246377  207 6
-25.126  0.248447  322 4
-387.503  0.332155  283 4
10.031  0.272026  1816 6
150.75  0.355072  276 4
175.313  0.26875  160 4
-187.875  0.130435  253 6
-164.078  0.266376  229 6
94.218  0.320866  1524 4
-121.015  0.247856  2215 6
-82.36  0.26354  1791 4
-100.344  0.254149  964 4
21.314  0.177778  180 4
89.532  0.380468  983 6
-374.609  0.283333  180 4
61.438  0.240615  1625 6
311.766  0.164773  176 6
78.781  0.337798  672 6
91.747  0.289753  283 6
14.577  0.279446  433 4
133.125  0.286842  380 4
-363.624  0.192797  472 4
-178.375  0.26051  1451 4
208.421  0.257384  711 4
16.063  0.191398  465 4
245.312  0.157233  159 4
10.531  0.252404  1664 4
95.142  0.344609  1419 4
177.204  0.214286  140 4
76.561  0.372519  655 6
-238.564  0.29316  307 6
-387.281  0.042735  117 4
14.75  0.105263  114 4
15.688  0.205  200 4
-126.846  0.233986  1124 6
67.891  0.334209  2666 4
80.095  0.344516  2325 6
-96.718  0.150568  352 4
78.799  0.349451  1365 4
-263.154  0.224026  308 4
17.39  0.182432  148 6
111.858  0.384254  851 6
15.594  0.265823  395 6
-385.625  0.299363  314 4
204.343  0.21281  484 4
148.928  0.231623  1442 6
131.5  0.405204  269 4
-22.407  0.400372  537 6
-354.375  0.234146  205 6
10.562  0.295956  544 4
-265.47  0.214008  514 6
-28.595  0.217161  944 6
94.467  0.430341  323 4
15.845  0.228395  324 4
110.155  0.369305  417 4
179.986  0.261009  1249 6
-289.938  0.23337  917 4
147.439  0.336625  1114 6
7.671  0.255617  3071 4
97.063  0.373102  922 4
49.719  0.355867  2352 4
244.515  0.305516  707 4
7.406  0.257937  3276 6
13.906  0.258427  356 4
10.499  0.280992  605 6
12.938  0.199226  517 6
-313.153  0.225225  222 6
148.234  0.311005  209 6
125.688  0.395649  1471 6
72.767  0.359798  1587 4
-278.828  0.253242  1311 6
-105.625  0.340336  238 4
304.938  0.171569  204 4
159.924  0.341954  1740 6
14.311  0.0813008  123 4
249.203  0.231496  1270 4
78.547  0.335344  2818 4
311.248  0.31407  398 4
-267.064  0.271127  284 6
127.875  0.258567  321 6
125.595  0.241283  1434 4
12.157  0.25486  3704 4
16.031  0.201878  213 6
8.875  0.277473  364 6
256.405  0.195506  445 6
-396  0.295181  166 6
100.406  0.223199  569 6
230.155  0.254464  2240 4
97.812  0.326  500 6
-120.593  0.277852  745 6
-120.783  0.233333  570 6
83.969  0.351536  293 6
16.876  0.247706  218 4
17.782  0.186441  413 4
206.219  0.233687  659 4
75.11  0.341801  3110 4
67.329  0.334923  2726 6
5.281  0.240642  561 4
69.939  0.392652  1742 4
15.235  0.178808  302 6
132.874  0.261765  340 4
217.593  0.359129  827 6
14.594  0.217054  516 4
11.936  0.246037  1451 6
19.967  0.161677  167 6
-175.905  0.268245  507 6
166.063  0.216667  300 6
238.127  0.227273  176 4
220.966  0.216019  412 6
261.935  0.303191  376 4
-319.125  0.21393  603 4
-317.796  0.232353  340 6
244.314  0.251708  878 6
10.188  0.20625  320 4
20.61  0.221106  199 4
17.315  0.276596  329 4
-274.141  0.252747  910 4
214.439  0.378193  1018 6
312.375  0.21875  320 6
12.468  0.256615  3250 4
-139.188  0  128 4
-45.937  0.208238  437 4
111.734  0.324803  508 4
109.327  0.22604  553 4
9.782  0.287591  685 6
-144.388  0.239336  422 4
241.093  0.272277  202 6
82.984  0.375828  1208 6
11.439  0.185759  323 4
0.249  0.275626  439 6
-164.719  0.227074  229 6
273.453  0.403509  285 6
-294.562  0.27551  294 6
-191.626  0.256997  393 4
96.313  0.301205  498 6
71.861  0.355588  2756 6
72.563  0.384306  1491 6
77.171  0.364595  1802 4
-395.656  0.241453  468 4
68.156  0.228093  776 4
-281.783  0.249348  1917 4
82.686  0.373832  642 4
-31.375  0.259048  2100 4
14.187  0.250804  311 6
13.75  0.248428  318 4
-292.033  0.246855  636 6
-68.844  0.240918  523 4
150.405  0.315951  326 4
-143.126  0.277487  191 6
144.531  0.417969  1024 4
-40.155  0.244068  295 6
287.594  0.255639  1330 4
109.344  0.209424  191 4
112.126  0.465116  473 4
185.718  0.373975  976 4
74.766  0.355769  1872 6
11.797  0.233068  1004 6
309.468  0.197183  142 4
142.468  0.415094  1113 4
258.813  0.296578  263 4
17.438  0.202128  188 6
88.374  0.39823  791 4
87.03  0.392617  596 6
-246.593  0.250973  2056 4
14.749  0.248705  965 4
-359.248  0.202749  291 6
16.032  0.213333  225 4
209.58  0.335548  301 6
13.935  0.229665  209 6
12.626  0.208333  168 4
155.156  0.370531  923 4
-129.688  0.344444  270 4
9.891  0.234951  1030 6
145.344  0.25  340 6
7.936  0.276464  1776 4
18.749  0.209581  167 4
71  0.391509  424 4
89.627  0.380364  1375 4
-224.627  0.130682  176 4
297.562  0.415789  380 6
15.561  0.204176  431 6
186.655  0.337143  1050 6
71.906  0.378947  380 4
89.281  0.354677  1593 6
96.438  0.380645  620 6
13.439  0.229229  999 6
-173.53  0.244926  1478 6
11.5  0.213918  388 6
128  0.160428  187 4
184.064  0.3  280 4
11.968  0.237662  1540 6
18.595  0.345679  243 4
261.656  0.243849  1382 6
299.453  0.370635  1260 4
-376.968  0.217666  317 6
100.626  0.261168  291 6
95.751  0.39375  320 6
17.718  0.226721  247 4
-17.125  0.253944  1965 4
9  0.306796  515 4
287.782  0.293839  211 4
71.563  0.211155  251 6
-360.532  0.24121  5290 4
-375.125  0.235537  242 4
10.844  0.244643  560 4
-45.578  0.23839  323 4
109.375  0.261603  474 4
17.126  0.291667  192 4
-130.876  0.247525  202 6
144.688  0.225352  852 4
259.86  0.231319  1539 4
165.72  0.341808  354 4
15.873  0.243986  291 6
-216.187  0.267974  306 4
13.875  0.169014  284 4
217.437  0.369176  558 6
73.095  0.381188  2424 6
10.585  0.240266  3313 4
-200.875  0.137931  232 6
308.343  0.273666  1162 6
217.75  0.225806  248 4
83.5  0.366071  336 6
18.719  0.165644  163 4
82.937  0.376259  1390 6
-150.312  0.267327  1414 6
315.032  0.18232  181 6
-259.624  0.231629  626 4
15.641  0.221973  446 6
82.404  0.389732  857 6
15.655  0.276688  459 6
89.671  0.371681  1017 4
11.39  0.237988  1769 6
1.375  0.152466  223 4
243.515  0.351419  2009 4
86.392  0.371524  899 4
-202.751  0.219355  155 4
69.89  0.377393  1619 4
224.249  0.327586  174 6
-20.094  0.263808  1376 6
-246.687  0.259446  1985 4
-22.061  0.221591  176 6
97.593  0.38131  931 4
164.626  0.350049  1017 4
-86.91  0.251454  1547 4
-291.531  0.204659  601 6
239.812  0.251012  494 6
26.03  0.187817  197 6
183.938  0.28839  267 4
140.656  0.366412  262 4
226.438  0.257085  988 6
-219.204  0.275573  1310 4
-94.126  0.265537  177 4
72.202  0.358844  2352 4
-128.673  0.243303  2277 6
13.47  0.261538  390 4
16.157  0.249231  325 4
-84.344  0.252357  1803 4
70.626  0.229899  796 6
-48.565  0.260097  619 6
-342.218  0.253317  1658 4
-85.533  0.279956  1811 6
80.438  0.356146  1505 4
81.998  0.385478  1873 6
-194.008  0.256389  11034 4
9.657  0.256185  1253 4
12.374  0.293059  389 6
214.079  0.240715  727 4
-372.593  0.212377  711 6
16.969  0.121019  157 6
90.671  0.355456  1778 4
16.406  0.244361  266 4
107.874  0.390762  801 6
193.531  0.257895  380 6
-95.187  0.279461  594 4
69.813  0.362222  1800 4
-324.188  0.251592  314 4
16.969  0.269397  464 6
30.406  0.146552  232 6
-341.062  0.237221  763 6
17.844  0.296364  550 6
-150.017  0.234028  1440 6
207.608  0.269565  1035 4
291.844  0.198718  156 6
-394.827  0.230366  191 6
15.462  0.222756  624 4
-198.188  0.281713  607 4
293.748  0.214286  308 4
123.124  0.416938  307 4
-6.499  0.243796  1370 4
76.188  0.382353  578 6
115.031  0.287582  459 4
74.954  0.255992  3797 6
171.266  0.350664  904 4
15.093  0.243902  328 4
-56.562  0.217877  537 4
188.484  0.23538  684 4
-297.626  0.248711  776 4
14.281  0.227397  730 4
134.627  0.337802  373 4
78.703  0.377706  924 6
-194.983  0.248009  1758 6
128.828  0.25587  9966 4
19.36  0.341615  161 6
12.53  0.255524  1041 6
189.546  0.407867  483 4
9.906  0.243299  485 4
-322.406  0.251908  524 4
73.437  0.217172  198 4
70.405  0.228296  311 6
76.562  0.320379  1055 6
111.813  0.41  500 6
84.438  0.359868  1520 4
10.75  0.19661  295 6
158.313  0.389662  503 6
6.952  0.242754  552 4
123.547  0.350923  379 4
-89.345  0.258333  1440 4
8.733  0.230373  2522 6
-118.75  0.22121  1207 6
70.188  0.204444  225 4
78.515  0.326984  2205 4
224.124  0.224026  308 4
110.969  0.321229  358 6
297.797  0.422581  310 4
231.498  0.176871  294 4
-55.781  0.202346  341 4
14.907  0.268698  361 6
-389.611  0.21089  1157 6
84.124  0.344676  911 6
-188.033  0.173611  288 4
74.485  0.390833  1200 6
74.079  0.342655  2682 6
19.454  0.24026  154 4
271  0.309033  631 4
-30.343  0.239631  217 4
18.704  0.365297  219 4
19.986  0.116667  120 6
18.936  0.331606  193 4
18.126  0.0647482  139 4
19.064  0.157576  165 6
298.264  0.263626  14714 4
-148.187  0.261017  590 4
-284.844  0.140449  178 6
-144.688  0.0580645  155 6
67.687  0.367592  2919 4
6.718  0.280888  1983 6
170.314  0.367048  1572 4
60.718  0.358596  3589 4
127.407  0.233068  502 6
-338.985  0  16383 6
-233.765  0.206186  194 6
268.656  0.23789  929 6
-118.154  0.253112  241 4
173.149  0.245914  3916 6
-23.719  0.273834  493 4
14.437  0.252874  261 6
121.577  0.205479  511 4
-254.204  0.199336  301 4
62.875  0.186667  375 4
16.655  0.275758  330 6
-261.937  0.252525  297 4
69.343  0.375152  821 6
106.906  0.347087  824 6
14.282  0.258682  1411 4
-372.688  0.258475  236 4
78.859  0.359142  2144 4
-245.594  0.186788  439 4
11.623  0.182482  137 6
-63.128  0.209402  234 6
225.376  0.237624  404 6
210.531  0.197279  294 4
146.655  0.169312  378 4
-248.562  0.0695652  115 4
113.345  0.234434  2393 4
14.453  0.279163  1003 4
71.313  0.335151  2017 4
278.969  0.261089  3765 4
171.907  0.253425  146 4
41.094  0.113475  141 4
-385.313  0.202186  183 4
13.75  0.283019  159 4
-147.313  0.258809  823 6
284.579  0.2118  661 4
72.937  0.381013  790 6
243.908  0.245466  827 4
10.266  0.263636  1210 4
219  0.24263  441 4
240.842  0.242171  958 4
81.843  0.362311  1783 4
17.968  0.26484  219 4
9.405  0.274194  930 4
-72.702  0.236506  1408 4
-260.845  0.232044  181 6
13.781  0.267873  1105 4
74.343  0.35761  1071 6
11.236  0.273578  1389 4
63.736  0.335829  2671 4
13.156  0.25  272 6
80.518  0.251779  3654 4
196.689  0.252059  1214 4
84.453  0.38601  1158 6
-239.016  0.263605  1176 4
75.593  0.370107  281 4
14.562  0.251227  1019 4
113.126  0.139535  129 4
95.093  0.323593  924 4
167.126  0.264113  992 6
15.671  0.255856  555 4
8.595  0.243878  2001 4
-166.314  0.327586  406 4
100.095  0.284116  447 4
-355.327  0.262712  354 4
-132.438  0.261324  287 6
39.499  0.231293  735 6
9.064  0.24376  1202 6
223.472  0.248235  850 4
-89.095  0.275312  1442 4
11.061  0.283636  550 4
240.093  0.243513  501 4
200.532  0.231931  927 4
152.204  0.278378  1850 6
16.813  0.240418  287 6
117.122  0.364407  472 6
144.016  0.25088  1136 6
12.907  0.232558  516 4
254.031  0.181818  330 6
295.361  0.25355  1479 6
19.546  0.194774  421 4
-188.626  0.163522  159 6
14.423  0.246377  1035 4
86.531  0.344828  870 6
10.095  0.250348  719 6
296.422  0.218623  247 6
203.876  0.215094  265 6
78.61  0.273885  314 6
-325.688  0.222552  337 6
26.938  0.232432  185 6
79.907  0.324  500 4
-143.235  0.219383  1135 6
-228  0.234568  243 6
91.125  0.34193  1202 4
296.969  0.373635  1282 6
317.906  0.242009  1095 6
-348.125  0.244949  792 4
-311  0.269113  327 4
110.686  0.401392  862 6
3.203  0.237903  2232 6
52.874  0.16763  173 4
-387.249  0.211111  270 4
87.359  0.353114  1702 6
37.001  0.119658  351 6
-173.782  0.257831  1245 6
74.61  0.396378  994 6
15.531  0.286807  523 6
-345.876  0.327635  351 4
-6.747  0.263048  958 6
5.438  0.222222  324 6
17.47  0.267148  277 6
12.813  0.243697  357 6
-376.75  0.263494  1408 4
240.095  0.23569  297 6
76.187  0.344421  2375 4
-117.688  0.279412  204 4
12.907  0.277273  220 6
11.938  0.233202  2530 4
-221.313  0.258359  329 6
-279.811  0.259524  420 6
86.812  0.351171  598 6
14.61  0.229462  1059 4
111.81  0.427948  229 4
72.001  0.380058  1384 6
77.967  0.343563  2672 4
295.468  0.381264  918 4
156.406  0.273026  608 4
112.028  0.383442  459 4
229.501  0.238532  218 6
7.173  0.251813  3860 6
95.797  0.315589  526 4
1.532  0.258084  1639 4
-197.86  0.24424  217 4
109.219  0.279343  426 6
13.813  0.221884  658 6
302.157  0.243421  1064 6
-365.064  0.241192  369 4
74.5  0.342038  2757 6
87.498  0.245826  1078 4
261.124  0.364312  269 6
-68.36  0.259717  2264 4
209.499  0.244792  576 6
246.376  0  16383 6
243.623  0.255  200 4
77.077  0.319177  3014 4
112.154  0.257969  4047 4
138.875  0.299652  287 6
15.314  0.159763  169 4
-353.235  0.238771  846 4
-347.812  0.212014  283 6
-209.626  0.264808  287 6
300.405  0.240157  508 4
-234.561  0.297398  269 4
12.5  0.218246  1425 6
14.312  0.1  150 6
14.939  0.266393  488 4
245.562  0.290909  220 6
12.907  0.243513  501 6
14  0.217021  470 4
-293.077  0.249534  1074 4
13.438  0.22043  186 4
15.407  0.25  656 4
88.158  0.37642  1408 4
-58.001  0.217803  528 6
0.001  0.311111  405 4
73.905  0.314208  732 6
15.563  0.273625  709 4
91.843  0.375271  461 4
-232.469  0.267327  303 4
15.001  0.0413793  145 6
20.283  0.119048  168 6
71.029  0.345434  1763 6
-2.984  0.237158  1168 4
134.187  0.382932  457 4
-228.173  0.252191  1027 6
-240.938  0.427046  281 4
118.954  0.335165  182 6
15.781  0.26454  533 6
210.968  0.293194  191 4
226.249  0.257692  260 6
62.218  0.273092  996 4
20.812  0.188462  260 6
15.283  0.292035  226 4
16.609  0.324042  287 6
117.561  0.405172  464 4
-155.484  0.183099  213 6
164.234  0.384824  738 4
-326.718  0.290268  596 6
60.592  0.358696  3772 4
-233.219  0.262626  1980 6
-72.655  0.2375  400 6
12.345  0.162544  283 4
82.924  0.3389  1437 4
285.437  0.185714  140 4
249.14  0.238235  340 6
18.657  0.151515  165 4
69.934  0.380567  247 6
17.157  0.192308  182 6
8.564  0.25  1476 6
-33.062  0.268765  413 6
18.314  0.153846  234 4
167.312  0.360179  447 4
75.064  0.359383  2009 4
9.844  0.254151  4517 4
75.61  0.365155  419 4
13.095  0.253623  1518 4
132.97  0.242454  1027 4
11.266  0.260722  1772 6
15.905  0.231383  752 4
137.408  0.373574  1052 4
14.921  0.190939  309 6
-39.219  0.265993  297 6
-179.405  0.248447  161 6
126.06  0.39016  874 4
18.954  0.288557  201 4
9.939  0.24756  1127 6
91.906  0.400148  1347 4
-307.063  0.32899  307 4
-95.717  0.264493  276 6
21.064  0.201923  208 4
213.095  0.26484  219 6
74.406  0.258065  899 4
90.594  0.378029  619 4
-206.095  0.233333  1080 4
15.61  0.200692  289 6
15.063  0.263158  190 4
8.843  0.258706  3216 6
80.22  0.338287  2557 4
-53.125  0.236791  511 4
14.139  0.214751  461 6
80.968  0.271343  1511 6
-7.765  0.24735  849 6
-185.905  0.271523  302 4
70.187  0.417127  362 4
3.406  0.259424  3608 6
-38.814  0.239203  301 4
38.282  0.226804  194 4
73.484  0.362126  602 6
-98.75  0.321244  193 4
-383.53  0.231198  718 6
10.25  0.230294  647 6
292.374  0.285229  589 4
14.907  0.263158  418 6
-183.985  0.260163  1599 4
-49.438  0.257614  788 6
119.142  0.225329  608 6
-226.125  0.310881  386 6
85.062  0.362939  912 4
123.17  0.360465  258 4
26.092  0.173184  179 6
91.47  0.277332  1994 6
-374.751  0.173502  317 6
203.08  0.258219  1460 4
-183.954  0.213793  580 4
237.938  0.290909  275 6
-275.064  0.222494  409 6
9.405  0.232591  718 6
209.532  0.264085  284 4
231.374  0.249461  1391 4
-332.75  0.207207  222 6
93.407  0.283951  243 4
91.421  0.228047  763 4
81.375  0.251748  143 6
11.125  0.189236  576 4
90.408  0.335546  1356 6
95.985  0.345771  402 6
-230.094  0.251572  477 4
11.001  0.253505  856 6
159.923  0.378026  1074 6
-51.25  0.243421  152 4
87.906  0.240458  262 4
-390.86  0.276933  1578 6
199.407  0.198887  719 4
111.186  0.4  345 6
76  0.390992  2087 4
280.656  0.226233  1967 4
74.75  0.304225  355 4
-245.484  0.233333  780 6
-7.47  0.356003  1191 4
17.421  0.164234  274 4
-374.875  0.274448  317 4
-100.69  0.2375  480 4
99.203  0.403394  766 4
301.625  0.249641  697 4
-328.688  0.282443  262 6
215.781  0.377495  551 6
-113.687  0.387454  542 6
220.812  0.391181  703 4
137.461  0.244544  3574 4
-161.937  0.277992  777 4
92.735  0.369757  906 4
302.343  0.167224  299 4
82.282  0.386905  1008 6
250.11  0.215  200 6
19.298  0.219101  178 4
221.299  0.266492  1910 4
96.97  0.396226  477 6
16.281  0.199005  402 6
-290.954  0.253818  1375 6
-101.406  0.281951  1025 6
174.187  0.408676  438 4
-349.235  0.247835  1501 4
-75.686  0.225532  235 4
61.766  0.335008  2985 4
136.812  0.158491  265 6
90.267  0.347561  1312 6
19.876  0.264045  178 4
77.906  0.359195  348 6
177.531  0.395173  663 4
71.094  0.327509  2003 4
-217.312  0.230769  390 6
129.749  0.369021  439 4
127.876  0.249589  2436 4
96.093  0.257353  272 4
-33.907  0.225933  509 4
100.485  0.392473  1116 4
13.062  0.220874  412 6
248.22  0.416819  547 4
-376.998  0.223404  188 6
15.689  0.247678  323 6
8.891  0.259439  5774 6
72.078  0.353618  2432 6
-260.468  0.217622  942 4
-192.327  0.265642  1822 4
105.783  0.261062  226 4
-329.251  0.088  125 6
106.689  0.289157  332 4
-205.344  0.152709  203 6
15.781  0.230189  265 4
12.845  0.192053  453 4
-188.94  0.196246  586 4
-262.939  0.237113  291 6
-380.843  0.290801  337 6
10.438  0.217391  161 6
263.046  0.471111  225 4
304.593  0.0878378  148 4
-301.906  0.281296  679 6
125.642  0.362857  350 6
-52  0.29368  269 6
225.86  0.250973  2056 6
116.375  0.357447  470 4
92.048  0.330402  796 6
71.829  0.34178  1618 4
98.266  0.393204  824 6
-272.594  0.241582  1188 4
-341.392  0.247036  1012 6
65.875  0.223642  313 6
-190.782  0.23454  1326 4
-281.878  0.232987  867 6
76.265  0.38147  1932 4
250  0.251018  737 4
-233.687  0.339207  227 6
70.032  0.349227  3041 4
-11.641  0.236637  1927 6
12.44  0.234397  721 6
12.374  0.263473  167 6
108.126  0.235556  225 6
-310.503  0.197368  228 4
285.532  0.267677  198 6
13.985  0.265356  814 4
-285.421  0.3  740 4
117.141  0.212  1000 4
72  0.217172  198 6
-255.015  0.132911  158 6
72.22  0.366601  1012 6
-162.437  0.227564  312 6
311.687  0.2552  1779 6
-137.797  0.235669  1413 6
-339.265  0.229008  262 6
12.5  0.234266  1716 4
-6.063  0.267089  1419 6
219.658  0.243264  1299 6
125.595  0.419048  315 6
-217.392  0.263589  1711 6
218.578  0.35865  237 4
-39.407  0.252413  1347 4
314.874  0.26  300 4
220  0.300885  226 6
14.608  0.192254  723 6
108.236  0.34433  485 4
35.781  0.252586  5511 4
126.249  0.177215  158 6
-110.47  0.203735  589 4
198.797  0.244913  1376 4
72.172  0.323216  3756 4
16.157  0.229645  479 4
-323.689  0.279661  236 6
-196.188  0.30102  196 4
52.469  0.237986  874 4
-274.032  0.267768  15491 6
-252.25  0.251367  5120 6
104.048  0.303125  320 4
-184.173  0.201814  441 6
20.842  0.25665  2143 4
14.218  0.240122  329 4
16.702  0.176245  261 4
-13.344  0.246246  333 6
86.281  0.354858  1688 4
-33.47  0.0877193  171 4
249.561  0.426056  284 4
-321.689  0.270349  344 6
229.438  0.253456  217 4
-351.501  0.0529801  151 4
162.905  0.206795  677 6
16.124  0.175719  313 4
206.312  0.238842  1658 4
182.095  0.363636  209 4
-100.97  0.259146  328 4
-379.342  0.287081  209 4
102.452  0.347409  521 6
-7.501  0.212575  334 4
92.218  0.395072  1258 4
-261.061  0.306383  235 4
12.547  0.248007  1129 4
9.389  0.247934  3267 6
-106.22  0.237477  539 4
18.516  0.2625  320 6
95.563  0.257812  256 6
-315.109  0.191419  303 4
194.813  0.181435  237 4
71.938  0.348606  2619 4
183.407  0.121019  157 6
122.984  0.302128  470 6
11.375  0.266094  2796 4
66.861  0.331793  3463 6
172.123  0.18932  206 4
21.875  0.187879  165 4
73.89  0.34579  2007 6
18.202  0.246006  313 4
203.594  0.359212  863 6
12.077  0.264123  2726 6
-3.891  0.243284  2680 4
-266.909  0.253906  2048 4
17.015  0.256983  358 4
-363.688  0.21118  161 6
-283.566  0.304196  286 4
-322.123  0.278805  703 6
-390.126  0.178571  224 4
-352.298  0.24077  1869 6
82.157  0.26281  605 4
8.063  0.249516  517 6
-361.405  0.245033  151 4
136.719  0.318841  276 4
98.251  0.343032  653 6
-18.969  0.301119  983 4
-81.831  0.210379  713 6
-301.673  0.432532  541 6
-250.624  0.266289  706 6
19.33  0.266949  236 4
88.593  0.360041  986 6
132.859  0.342733  461 6
8.343  0.241617  4056 4
-323.158  0.256715  1601 6
267.374  0.388608  1580 4
310.845  0.379835  1577 6
-391.844  0.259106  2169 4
-361.874  0.226776  366 6
303.563  0.388554  332 4
12.686  0.30531  226 6
71.61  0.338559  3317 6
12.751  0.265886  598 4
-63.062  0.404494  178 6
-348.343  0.248899  454 6
119.39  0.396518  517 4
-187.594  0.265152  1320 6
16.205  0.173228  381 4
17.061  0.216216  185 4
11.999  0.443478  230 6
-358.626  0.177378  389 4
73.032  0.340187  535 4
12.079  0.228162  2095 6
17.75  0.202492  321 4
70.157  0.341575  2831 6
82.281  0.404095  928 4
36.972  0.133971  209 6
122.655  0.395699  465 4
179.999  0.353063  963 6
-323.062  0.254237  354 4
-160.126  0.214062  640 6
-124.062  0.322751  189 4
80.828  0.255825  2060 4
116.405  0.414244  688 4
292.563  0.333333  219 6
128.062  0.34717  265 6
147.563  0.379157  451 6
12.312  0.150877  285 6
13.517  0.235906  1827 4
195.936  0.442125  527 6
16.155  0.276284  409 4
181.406  0.224678  543 4
17.688  0.183007  153 4
126.469  0.142132  197 6
69.78  0.251429  350 6
-219.53  0.207736  698 4
137.687  0.362637  364 6
12.626  0.259259  972 4
13.533  0.247875  706 6
15.328  0.25  428 6
279  0.111111  126 6
-362.312  0.297959  245 4
-140.906  0.206107  262 4
73.686  0.364827  1069 6
240.859  0.300797  502 6
-82.484  0.246097  2178 4
-376.906  0.261164  739 4
196.343  0.321168  274 4
132.407  0.367946  443 4
10.812  0.267016  191 4
1.298  0.262707  8047 4
11.062  0.199234  261 6
74.845  0.38488  873 6
161.5  0.352008  946 4
75.875  0.275362  276 6
-177.033  0.108597  221 4
15.25  0.260035  573 6
80.454  0.21608  597 4
91.123  0.423423  888 4
240.062  0.394239  1215 4
221.5  0.309237  498 4
-141.686  0.266332  398 4
66.624  0.110465  172 4
40.374  0.232743  1637 4
70.39  0.365091  1375 4
-91.046  0.175287  348 4
310.658  0.171233  146 6
9.984  0.209724  1378 6
7.064  0.156863  204 6
116.592  0.396887  257 4
-184.908  0.175799  438 6
10.812  0.257187  1287 6
-3.188  0.256817  2714 4
65.36  0.371358  3226 4
71.982  0.356733  1567 4
12.032  0.243274  892 6
-142.704  0.248624  2180 4
19.06  0.264297  647 6
26.062  0.231043  1688 4
14.486  0.235543  709 6
-195.796  0.22439  410 6
148.064  0.349547  1213 4
104.874  0.204651  215 6
118.126  0.418605  387 4
16.782  0.171103  263 6
-122.814  0.25125  1600 4
12.8  0.248924  1627 6
72.968  0.31269  1647 4
74.544  0.390947  2187 6
-283.938  0.206751  237 4
-182.032  0.113772  167 6
67.812  0.364622  3505 4
19.002  0.241573  178 4
-390.028  0.252525  198 6
-203.344  0.246231  597 6
69.812  0.336983  3288 4
-265.282  0.212177  542 6
10.078  0.28203  1202 4
20.658  0.327485  171 4
-249.328  0.243672  2331 4
15.344  0.288732  284 6
187.812  0.351724  435 4
310.406  0.246957  3122 4
150.126  0.230474  1562 4
-356.15  0.24712  3472 4
189.514  0.255272  1802 6
69.5  0.364312  2690 6
-232.188  0.248276  145 6
242.436  0.419391  887 4
73.064  0.282243  535 4
67.748  0.361395  1176 6
176.47  0.397959  882 6
151.156  0.225352  426 4
90.408  0.337624  1010 4
-225.28  0.253247  308 6
13.328  0.228631  1439 4
18.688  0.356618  272 6
84.956  0.348329  1556 6
117.408  0.0243902  164 6
94.656  0.257426  1818 4
183.064  0.280851  235 6
16.564  0.251418  529 4
166.626  0.299539  217 4
69.064  0.34677  2183 6
16.092  0.232653  490 6
206.092  0.276571  875 4
82.796  0.258486  766 6
12.5  0.306122  196 4
74.548  0.33685  2654 6
-27.986  0.247382  764 6
-328.594  0.322581  248 6
97  0.356236  1339 4
16.454  0.259587  339 6
17.344  0.152941  170 4
189.014  0.206731  208 6
98.156  0.315789  247 4
-23.72  0.307443  309 6
259.78  0.208738  206 6
143.906  0.236388  753 6
-77.312  0.134831  178 4
-148.564  0.268224  1070 4
9.782  0.264045  534 4
11.688  0.297907  621 4
7.576  0.294985  339 4
-74.06  0.245703  1978 4
171.156  0.215873  315 6
80.612  0.369414  1007 6
17.438  0.190141  142 6
174.422  0.381471  1101 6
-82.672  0.251272  1966 6
12.774  0.254012  1807 4
12.126  0.257161  1536 4
-263.002  0.333333  198 4
20.532  0.261635  795 6
182.342  0.312865  342 6
226.546  0.243978  1287 4
-342.656  0.235093  1459 4
-197.406  0.421533  548 6
16.56  0.184783  184 4
-185.142  0.161765  204 6
309.906  0.334638  511 6
-117  0.263804  163 6
-155.376  0.253731  201 4
-42.342  0.245626  1429 6
-255.718  0.301887  477 6
201.266  0.236134  1190 4
-172.562  0.263415  205 6
-245.5  0.308176  159 4
-40  0.241573  178 6
8.188  0.247591  4047 4
93.194  0.412955  247 6
235.156  0.394595  555 4
-292.186  0.234072  722 6
132.11  0.344569  801 6
-357.75  0.263461  1913 6
293.438  0.220408  245 6
16.374  0.152174  276 6
17.626  0.303419  234 6
-107.188  0.24183  612 4
193.798  0.267857  336 6
88.906  0.364486  321 6
63.798  0.352249  1956 6
-34  0.285235  298 6
19.672  0.152174  138 4
310.904  0.360947  507 4
78.438  0.388158  304 6
10.438  0.259341  3158 4
-317.468  0.254625  919 6
297.592  0.386441  295 6
13.782  0.274766  535 6
125.53  0.29  300 4
14.874  0.258772  228 6
34.44  0.359307  231 6
-65.564  0.258832  1472 6
-196.904  0.248269  1877 4
-10.218  0.215426  376 4
281.364  0.250827  11191 6
151.156  0.404762  252 6
114.736  0.26087  2047 6
6.048  0.256136  2241 6
-115.486  0.236062  2529 6
18.03  0.260606  330 4
-393.626  0.25731  171 6
147.968  0.448276  232 4
307.374  0.416894  367 6
71.594  0.342828  2984 4
100  0.387524  529 4
68.752  0.420705  454 4
286.408  0.253659  205 4
15.624  0.177554  597 6
-159.53  0.275581  860 4
13.532  0.250649  770 6
-340.374  0.230366  191 6
-14.89  0.243974  1701 6
204.876  0.0949367  158 4
86.748  0.20339  177 4
-303.502  0.107143  196 6
124.998  0.224335  263 4
13.938  0.266102  590 6
34.624  0.272727  187 4
77.686  0.423453  307 6
13.874  0.273885  157 4
296.22  0.25  592 4
128.876  0.421212  330 4
238.534  0.284553  984 4
98.452  0.390572  594 4
-260.624  0.253852  2466 6
-229.096  0.22357  1154 4
239.156  0.373802  313 6
16.594  0.297521  242 6
288.842  0.251629  6446 4
39.812  0.235294  255 4
72.5  0.354815  2731 4
10.898  0.250699  3578 6
-227.22  0.283276  293 4
15.86  0.217311  543 4
-32.5  0.162651  166 4
-96.312  0.213376  314 4
254.812  0.294479  163 4
-81.752  0.0909091  132 6
12.438  0.19845  645 6
116.75  0.3297  367 4
14.968  0.251172  1067 4
-373.608  0.256272  558 4
-189  0.334266  715 4
19  0.361111  180 4
16.564  0.287293  543 4
-271.968  0.112676  142 4
8  0.24095  1768 6
14.736  0.299197  498 6
-226.046  0.251348  927 4
7.46  0.255669  6086 6
100.06  0.259434  212 6
73.016  0.390371  1537 4
-83.892  0.304094  342 6
-142.688  0.271889  217 6
12.126  0.123711  291 4
-181.284  0.234375  448 4
15.374  0.208163  245 4
13.842  0.226175  787 4
-205  0.244224  606 6
69.782  0.326769  3250 6
14.03  0.199243  793 6
68.388  0.249068  1610 6
67.78  0.226744  344 6
94.968  0.385643  599 6
-108.17  0.294118  221 4
-260.312  0.276596  188 4
-160.796  0.248201  278 6
1.344  0.236842  304 4
21.624  0.227891  294 6
-186.188  0.285714  385 6
72.248  0.376283  1948 6
72.134  0.374527  2112 4
-126.828  0.235056  987 6
131.048  0.360506  1423 6
250.906  0.244094  1143 4
-238.314  0.220361  776 4
108.374  0.195266  169 4
14.436  0.254044  1051 4
-231.328  0.20743  323 6
-3.626  0.20197  203 6
143.468  0.263815  561 6
-108  0.190476  399 6
40.984  0.262376  202 6
16.22  0.230088  339 6
197.844  0.270408  196 6
16.688  0.231076  251 6
-251.314  0.244652  748 6
-380.888  0.253165  1106 4
71.08  0.413043  506 4
-117.468  0.256707  2162 6
16.952  0.282828  297 4
17.656  0.160714  224 4
103.72  0.362823  1006 4
-110.436  0.219931  291 4
78.014  0.235457  1083 6
11.876  0.239326  890 4
200.58  0.267932  474 4
-271.188  0.262931  232 6
199.612  0.248538  1026 6
10.856  0.260402  4374 4
9.378  0.250386  1941 4
2.116  0.248955  5503 6
124.64  0.371105  353 6
75.122  0.30315  254 6
101.03  0.383224  608 6
-252.904  0.240095  1262 4
-82.156  0.238307  449 4
154.406  0.259028  3046 4
22.908  0.213873  173 6
10.408  0.235495  586 6
13.718  0.292419  277 6
79.908  0.442731  454 4
-69.406  0.223306  1845 6
11.624  0.245255  2740 4
158.28  0.387238  1144 6
71.092  0.371314  746 4
61.718  0.218009  211 4
13.03  0.268817  558 6
294.986  0.258639  3820 6
74.312  0.192157  255 4
123.248  0.417219  302 6
13.31  0.297909  574 6
16.312  0.193182  176 6
16.844  0.242424  297 4
268.704  0.255452  2247 4
24.436  0.231111  225 4
-321.812  0.212185  476 6
82.36  0.360892  762 6
184.188  0.203297  182 6
-0.968  0.243641  747 4
-17.564  0.358156  282 4
12.156  0.248681  1516 6
82.796  0.356455  519 4
121.156  0.236337  3440 4
-346.718  0.246407  487 6
-231.284  0.258308  662 6
-0.876  0.234899  149 6
9.47  0.271186  531 6
-192.58  0.251142  438 4
133.56  0.243542  271 4
16.344  0.31015  532 6
-94.236  0.130081  369 4
98.796  0.386722  1205 6
-146.374  0.304054  148 6
17.266  0.164223  341 4
13.312  0.27381  168 6
70.72  0.352071  338 6
163.748  0.245262  897 6
63.264  0.241319  576 6
10.874  0.264196  1673 6
19.452  0.384083  289 4
-309.266  0.227437  277 4
109.906  0.388316  582 6
103.002  0.246479  284 4
93.968  0.332245  1225 6
74.516  0.354331  254 4
119.406  0.236063  1148 4
10.126  0.238579  197 6
46.828  0.240741  162 6
76.454  0.347181  1685 6
266.968  0.162791  301 6
-186.376  0.21673  263 4
256.312  0.131148  183 6
-94.592  0.303644  247 4
88.204  0.351562  256 6
133.842  0.215481  478 4
80.03  0.312069  580 6
97.656  0.365879  973 4
71.938  0.403471  922 4
7.326  0.249348  4981 6
17.628  0.233766  231 4
204.904  0.21097  237 6
163.218  0.148352  182 4
-151.812  0.253788  264 4
-296.53  0.24  800 4
-366.592  0.256226  3895 4
86.19  0.363218  1305 6
-290  0.231373  255 4
86.938  0.342541  905 6
109.812  0.394698  679 6
268.594  0.44335  406 6
44.188  0.235  200 4
203.812  0.290761  368 6
70.406  0.358277  1323 4
-389.094  0.29112  1295 6
17.062  0.240132  304 6
14.236  0.289855  759 4
92.31  0.424561  285 6
143.314  0.207951  327 4
-68.156  0.242424  198 4
-63.704  0.244936  543 4
93.798  0.207143  140 4
61.064  0.258453  3076 6
156.484  0.223684  608 6
68.97  0.380236  1528 4
10.72  0.274662  1551 4
-349.784  0.136752  117 6
87.264  0.37919  1432 4
14.468  0.361233  227 4
197.062  0.328571  210 6
-283.312  0.258979  529 4
14.688  0.195062  405 6
43.436  0.217311  543 4
-348.436  0.248155  1084 4
159.784  0.254132  484 6
88.984  0.385621  306 6
77.092  0.27013  385 4
22.5  0.226537  309 4
194.652  0.371859  398 4
-40.134  0  16383 4
-383.032  0.21131  336 6
15.062  0.284644  267 6
17.876  0.111765  170 6
115.344  0.378713  404 4
78.326  0.379923  1295 6
-31.128  0.289023  993 6
236.816  0.360511  1018 6
42.468  0.232828  1121 4
274.814  0.255924  211 6
132.186  0.293592  671 4
68.906  0.378404  1065 6
15.564  0.222403  616 4
236.624  0.350962  208 4
-291.516  0.277347  1161 6
-54.704  0.226916  1018 4
15.752  0.224252  602 6
-385.81  0.190184  163 4
94.72  0.326439  1112 6
200.78  0.278912  441 4
48.72  0.383142  261 4
271.75  0.252174  230 4
-314.752  0.201754  342 4
145.486  0.190476  168 4
-342.908  0.227437  1108 6
203.032  0.261002  659 6
11.404  0.240093  2145 6
156.624  0.24936  1953 4
17.844  0.185811  296 4
-120.594  0.31694  366 6
-185.924  0.257509  2264 4
169.252  0.204023  348 6
10.564  0.277875  1148 6
19.312  0.237288  177 4
178.874  0.364754  244 4
-68.842  0.284242  679 6
-179.47  0.355164  397 6
173.404  0.261078  835 6
71.782  0.31383  1880 6
71.936  0.289362  235 6
15.984  0.229592  196 6
15.062  0.232068  237 6
-352.326  0.12093  215 4
17.296  0.300562  356 4
96.782  0.420436  597 6
-151.28  0.356499  1885 6
87.75  0.340621  869 4
304.408  0.238739  1332 6
-299.812  0.283784  222 6
-372.812  0.279781  915 4
13.436  0.289883  514 4
-36.096  0.235693  1328 4
136.22  0.330218  321 4
-172.716  0.25  588 4
16.752  0.147651  149 6
162.124  0.258439  4740 6
166.094  0.206278  223 6
69.94  0.341098  601 6
-270.002  0.275  240 4
312.61  0.234043  1269 6
112.564  0.429032  620 4
8.688  0.265525  467 4
154.126  0.261577  799 6
14.266  0.221566  677 4
11.312  0.300353  283 4
75.062  0.362809  769 4
208.748  0.245789  1306 6
96.408  0.267206  494 4
-215.594  0.22208  779 4
148.968  0.423664  262 4
-258.516  0.247373  1047 4
126.56  0.353167  521 4
-181.752  0.326733  202 4
260.876  0.261364  176 4
-370.096  0.244346  2034 6
183.358  0.347222  1728 4
166.424  0.339286  392 4
85.314  0.25523  478 4
-139.406  0.236742  528 4
20.282  0.316062  193 6
16.264  0.219048  525 4
48.5  0.258693  719 6
94  0.350467  1284 4
71.844  0.350894  2126 6
89.406  0.357768  914 6
-152.314  0.226562  256 4
252.424  0.222759  1450 4
84.296  0.394472  398 4
-339.516  0.240547  1243 6
-338.936  0.236515  241 6
-107.872  0.25  668 4
-386.346  0.223301  206 4
-341.844  0.255245  1144 6
60.406  0.2584  2887 4
-304.594  0.25178  2387 6
29.188  0.301587  252 6
133.156  0.270525  743 4
12.72  0.255085  1819 4
29.5  0.25731  171 6
-181.2  0.240997  1805 4
16.19  0.259843  254 6
144.876  0.362385  218 6
-162.188  0.234127  756 4
-341.048  0.240838  191 4
175.156  0.277551  245 4
9.562  0.253731  3551 4
95.22  0.385027  935 6
-92.874  0.0246914  162 4
-54.688  0.203608  388 6
-303.75  0.24183  153 6
77.078  0.347976  2618 6
11.938  0.25  996 6
-83.388  0.251617  3247 6
117.72  0.252285  1094 6
-30.282  0.266736  1927 4
15.092  0.180328  183 6
21.344  0.25  376 4
119.268  0.102151  186 6
77.734  0.337493  1843 6
206.032  0.323529  340 6
-101.812  0.197279  294 4
161.656  0.403996  901 4
-120.532  0.255871  809 6
-214.094  0.25304  1316 4
79.656  0.354439  1532 4
253.624  0.21875  224 4
87.672  0.380132  755 4
15.686  0.240741  270 4
-55.752  0.264291  1347 6
-199.626  0.29274  427 4
-271  0.164251  207 6
27.688  0.251613  155 4
-275.268  0.3  260 6
-73.062  0.327434  452 6
-228.312  0.401747  229 6
134.844  0.197574  577 4
218.656  0.1875  256 6
201.876  0.3902  551 4
72.766  0.320738  3361 4
303.718  0.220874  412 6
14  0.265176  626 6
75.202  0.324247  2091 4
20.454  0.238608  1207 4
13.126  0.177515  169 6
16.624  0.25  328 4
76.908  0.197917  288 6
16.202  0.194215  484 4
97.968  0.36859  936 6
-347.784  0.244726  474 4
-40.094  0.245283  1060 4
-299.812  0.251852  270 4
18.764  0.313131  198 4
27.562  0.326531  147 4
-380.188  0.145299  117 4
83.094  0.360544  441 6
-52.686  0.203704  270 6
264.984  0.253511  1424 6
84.264  0.359141  1537 4
167.782  0.246263  1405 4
-50.408  0.314815  324 6
154.938  0.365014  726 6
76.532  0.256562  1181 6
-239.908  0.222552  337 4
18.798  0.118343  169 6
106.64  0.244877  1903 4
73.75  0.166667  324 6
90.172  0.365698  1411 6
73.938  0.361532  2246 6
-180.296  0.0493805  16383 4
16.796  0.129555  247 4
188.61  0.252372  3372 4
-257.626  0.185792  732 6
289.764  0.349854  343 6
11.22  0.253322  1204 6
82.11  0.338484  2071 4
72.796  0.362469  2414 6
12.016  0.238675  1479 4
187.188  0.253228  2401 4
-394.936  0.0642857  140 4
-376.656  0.259594  443 6
-388.826  0.265356  814 6
154.436  0.203046  197 6
83.61  0.431193  327 6
-397.404  0.203274  733 6
15.498  0.286765  272 6
146.124  0.248387  310 6
-271.796  0.21978  364 6
-138.312  0.24424  217 4
-1.92  0.237251  451 4
77.968  0.331375  851 6
59.624  0.252547  1865 6
15.796  0.199536  431 4
-317.718  0.142259  239 4
135.342  0.338086  491 6
-17.376  0.200855  234 4
14.39  0.237586  1309 4
147.204  0.41548  1124 4
15.938  0.260417  480 6
55.328  0.230346  1819 6
9.092  0.22694  683 6
32.112  0.245421  1638 6
-99.812  0.280961  541 6
91  0.338346  665 4
-182.094  0.220674  861 4
56.486  0.219331  1883 4
39.658  0.237681  345 4
-140.124  0.263281  1280 6
57.312  0.243461  1491 6
54.296  0.28692  237 6
-300.906  0.277683  587 6
-350.388  0.245348  2042 6
202.5  0.154696  181 4
74.268  0.369945  1830 6
187.764  0.373016  504 4
13.874  0.261194  268 4
127.562  0.305785  242 4
15.36  0.259615  520 6
208.064  0.206612  363 4
-258.72  0.238318  214 6
175  0.298507  201 4
101.468  0.263724  15429 4
71.312  0.335317  2353 4
-158.78  0.349728  4229 4
135.78  0.166124  307 4
69.674  0.34989  2738 4
16.124  0.25  288 6
65.766  0.350402  1992 4
-70.908  0.226201  1145 4
-109.064  0.193252  326 6
229.346  0.276737  3310 6
15.094  0.232877  438 4
75.92  0.357334  2986 4
-32.56  0.244936  543 4
278.938  0.269504  1269 4
94.562  0.392371  734 6
126.748  0.366667  540 6
-327.936  0.254505  1332 4
103.876  0.173333  150 4
71.718  0.344615  2925 4
78.156  0.398765  810 4
68.128  0.277154  267 4
135.438  0.343877  1233 6
245.376  0.304519  509 4
-327.142  0.241806  1373 6
169.248  0.280142  282 4
138.814  0.195652  230 6
87.688  0.253428  3646 6
31.75  0.218274  197 4
111.984  0.363339  611 6
235.498  0.237726  774 4
120.296  0.424837  306 6
12.78  0.275744  874 4
-311.984  0.252164  2657 4
10.312  0.250716  2094 4
-361.968  0.227147  361 4
-215.656  0.210019  519 4
-89.39  0.248578  1231 4
-53.936  0.230769  286 4
73.766  0.197479  476 6
51.22  0.239551  981 4
285.376  0.192744  441 6
-4.998  0.210235  723 4
269.188  0.210859  792 6
-355.968  0.233333  600 4
293.42  0.217123  1133 6
-186.39  0.254545  1980 6
15.126  0.289703  573 6
-36.344  0.240506  316 4
15.532  0.185714  210 4
16.812  0.307471  348 4
-55.094  0.251724  290 4
235.124  0.418994  358 6
78.328  0.419082  828 4
13.64  0.250353  2125 4
211.078  0.256766  3030 4
186.468  0.226572  843 4
13.502  0.245211  1305 4
294.984  0.301676  716 4
14.874  0.132075  159 6
-20.264  0.242204  1924 4
68.516  0.362097  1831 6
-252.156  0.247706  1853 4
135.33  0.395577  407 4
-199.048  0.25342  1389 4
-119.496  0.255814  258 6
-109.344  0.22623  305 4
-98.172  0.19788  566 4
11.39  0.245316  1708 6
10.81  0.215719  598 4
13.58  0.217295  451 4
13.718  0.213384  792 4
12.314  0.236842  760 6
13.47  0.26032  1187 6
9.752  0.26947  2568 6
-306.968  0.255848  684 4
112.56  0.231132  848 4
-54.08  0.291339  254 4
111.078  0.422053  526 6
92.564  0.264151  212 6
-341.248  0.261682  1391 4
206.592  0.236581  1006 4
104.406  0.380615  423 6
98.936  0.254386  228 6
92.108  0.309091  275 6
67.672  0.345424  3584 4
16.328  0.263636  220 6
-141.374  0.218391  870 6
107.14  0.250433  1154 6
84.532  0.372421  1842 4
-163.562  0.232236  577 4
14.624  0.121795  156 4
206.654  0.237569  1629 6
-24.124  0.199367  316 6
79.002  0.324343  1483 6
202.828  0.189024  164 4
47.806  0.151865  16383 6
265.016  0.361905  315 4
14.952  0.216981  424 6
17.78  0.338028  213 6
247.096  0.248503  334 4
87.502  0.373747  998 4
239.86  0.409884  344 4
75.61  0.36255  2008 4
-342.436  0.239927  1638 6
7.096  0.197368  304 4
-161.312  0.230216  139 4
154.654  0.289969  638 6
312.47  0.284461  798 4
286.062  0.357778  1800 4
41.312  0.20597  335 4
274.016  0.337539  317 4
13.968  0.187739  261 4
177.564  0.212544  287 4
70.656  0.409174  545 4
249.378  0.197995  798 6
-56.502  0.216495  388 6
28.452  0.241458  1317 6
16.516  0.224719  445 6
-157.172  0.252989  2091 4
-2.126  0.26148  1568 6
-116.408  0.225379  1056 4
210.312  0.255892  297 4
112.062  0.263844  1535 4
2.172  0.179487  195 4
98.596  0.390691  709 6
83.296  0.313825  1179 4
-176.5  0.31016  187 6
-2.22  0.254543  6219 4
17.314  0.235887  496 4
12.5  0.254125  303 4
-156.388  0.265517  290 4
19.796  0.147208  197 4
223.126  0.182432  148 4
14.984  0.277124  765 4
15.028  0.25  436 6
15.094  0.252695  835 6
14.86  0.224138  290 4
17.53  0.272031  261 4
150.75  0.287879  264 6
170.97  0.225774  1001 6
-144.654  0.232645  1599 6
55.626  0.0544218  147 4
81.968  0.265038  532 6
-189.218  0.263158  171 6
-9.032  0.164134  329 6
75.456  0.327189  1302 6
112.626  0.405467  878 4
61.812  0.188073  218 4
14.968  0.25394  571 4
192.752  0.0945946  148 4
46.046  0.261574  432 4
155.562  0.37457  291 6
-264.376  0.238636  176 6
94.97  0.39646  565 4
13.22  0.204482  714 4
94.484  0.371852  1350 4
-200.326  0.266898  1154 4
16.25  0.252903  775 4
-115.236  0.254754  3313 6
11.688  0.265625  192 4
194.718  0.357855  1604 6
100.632  0.251162  7099 6
83.094  0.364372  741 6
11.67  0.248768  1218 4
13.11  0.185  200 6
94.546  0.362752  1337 4
115.032  0.231496  635 4
241.874  0.25  180 4
-163.422  0.200893  224 6
159.656  0.195205  292 4
13.704  0.258268  635 4
-337.124  0.279146  609 6
16.096  0.202778  360 4
306.248  0.29918  244 4
149.592  0.278302  1060 4
102.22  0.226465  1519 6
11.968  0.235629  1583 4
280.11  0.355907  1329 6
220.938  0.25788  6123 4
296.814  0.21791  335 4
67.264  0.351715  3645 4
78.936  0.347779  1846 6
177.22  0.332454  379 4
177.97  0.236287  237 6
110.126  0.291209  182 6
207.686  0.254272  1463 4
14.282  0.250564  443 6
13.25  0.0078125  128 6
312.812  0.363889  360 6
-330.5  0.231884  483 4
7.718  0.254727  899 6
99.656  0.348485  462 4
59.438  0.315951  326 4
177.502  0.198347  242 4
149.156  0.188153  287 6
-262.656  0.255708  219 6
-361.656  0.214286  196 6
16.532  0.280769  260 4
-4.92  0.161905  315 4
0.998  0.244635  233 4
-212.172  0.246904  1292 4
75.032  0.378235  1700 6
6.282  0.261354  4492 6
-179.14  0.253133  1995 6
31.06  0.0849673  153 6
115.22  0.40378  582 4
71.406  0.271801  883 6
-12.406  0.255365  466 4
99.94  0.213483  178 4
58.5  0.317181  227 6
208.188  0.295425  765 4
175.17  0.451957  281 6
93.124  0.416667  1068 4
-32.156  0.250317  1578 4
192.656  0.212919  418 4
-50.658  0.239792  1347 6
-262.748  0.225166  151 6
-231.156  0.210714  280 4
14.562  0.302439  205 6
-345.736  0.181425  463 4
93.626  0.340027  1494 4
14.47  0.29291  536 4
15.672  0.209929  705 4
-207.564  0.184397  423 6
276.498  0.195489  266 6
16.78  0.26  400 4
190.484  0.248459  1622 4
-125.874  0.207937  630 4
11.844  0.26803  2690 4
-82.454  0.0769231  221 4
-187.844  0.163158  190 4
-135.61  0.243252  3260 4
11.188  0.219231  260 6
261.248  0.338843  363 6
73.204  0.377987  1381 6
10.81  0.247773  2357 4
14.844  0.33617  235 6
-2.438  0.245192  208 4
267.908  0.247353  2078 4
-28.562  0.235294  204 4
-60.812  0.323529  204 4
16.594  0.233803  355 6
300.844  0.259049  1409 4
13.812  0.219048  210 6
-136.64  0.243986  2037 6
21.858  0.308057  211 6
20.654  0.250394  3806 4
164  0.224444  450 6
80.846  0.404734  845 4
-296.656  0.242182  1375 6
0.532  0.24613  646 6
13.03  0.297542  773 6
-332.014  0.262099  2087 6
246.72  0.412941  850 6
-371.344  0.287129  505 6
10.794  0.266995  3457 4
151.454  0.340351  285 6
12.704  0.235489  1206 6
88.814  0.363572  1411 6
-283.03  0.190698  215 6
-125.594  0.225681  514 4
-5  0.16763  173 4
75.032  0.366953  1398 4
-207.468  0.323529  204 4
15.752  0.2425  400 6
56.61  0.252169  1614 4
232.5  0.303483  201 6
-378  0.27551  196 4
-292.812  0.263158  418 6
75.498  0.350413  2303 4
-216.406  0.0958904  146 6
38.594  0.240868  876 4
79  0.395311  1237 4
90.874  0.362039  569 6
13.78  0.237288  649 4
71.812  0.389881  1344 4
104.314  0.245399  326 6
82.342  0.418605  774 6
-389.216  0.252396  626 6
128.906  0.355967  486 4
-382  0.289655  145 4
14.266  0.232725  1534 4
10.874  0.359184  245 6
106  0.409586  918 6
135.752  0.28972  321 6
15.126  0.228571  245 6
9.422  0.237363  455 6
-106.156  0.278409  880 6
53.47  0.259089  1953 4
88.546  0.326446  968 6
26.236  0.177033  209 4
-315.032  0.242857  350 6
-279.406  0.252512  2986 4
5.204  0.251453  1893 6
155.06  0.208589  163 4
14.342  0.292929  198 6
211.282  0.253197  391 6
18.406  0.247525  202 4
-390.392  0.246789  3659 6
-296.312  0.182222  225 4
15.408  0.247756  557 6
78.03  0.356282  581 6
-387.612  0.239848  1847 6
-88.202  0.220986  629 4
-137.25  0.197959  490 6
16.468  0.308824  204 4
92.814  0.383438  1111 4
52.032  0.259789  1328 6
63.404  0.379003  1905 6
94.78  0.396641  774 4
-68.032  0.23456  1522 6
216.046  0.192661  327 6
164.28  0.311558  199 4
111.69  0.360674  890 6
16.97  0.175926  216 6
13.564  0.141304  184 6
113.344  0.373159  611 4
-260.984  0.176  250 4
15.19  0.314394  264 4
201.108  0.375834  1498 4
199  0.390361  830 6
244.406  0.476562  384 4
50.094  0.222222  189 4
170.72  0.266998  1206 6
10.376  0.254183  1255 6
5.186  0.267516  3140 6
12.438  0.232252  1141 4
15.248  0.189427  454 4
-277.702  0.0518519  135 4
109.11  0.295276  254 4
11.906  0.238793  2253 6
11.656  0.13141  312 6
238.514  0.23168  1351 4
101.438  0.245989  2244 4
131.408  0.380645  310 6
141.796  0.358397  1822 6
-249.874  0.26467  1636 4
15.124  0.217984  367 4
84.204  0.347334  1857 6
-40.404  0.245283  530 6
13.844  0.25308  893 6
-249.454  0.256867  3932 6
-132.19  0.232342  538 4
-22  0.389027  802 6
121.344  0.152778  288 6
13.876  0.30721  319 4
15.532  0.181287  342 4
-101.5  0.175824  182 4
18.28  0.321321  333 4
-370.624  0.272408  569 4
97.502  0.395683  278 6
11.828  0.255363  2937 4
15  0.24159  654 6
9.812  0.250356  2109 4
-248.936  0.186813  182 4
-88.344  0.272472  712 4
259.874  0.314607  267 6
-75.748  0.24159  327 6
-155.814  0.253118  3769 4
103.156  0.27672  683 6
-209.624  0.232737  391 6
120.97  0.243541  2090 4
290.608  0.0981132  265 6
13.204  0.271799  1273 4
79.86  0.335379  2281 4
-345.626  0.231405  363 4
179.218  0.230634  568 4
16.124  0.247756  557 4
14.846  0.363874  382 6
124.782  0.234686  1355 6
309.452  0.24869  1717 4
-3.248  0.230769  559 6
72.532  0.34985  3007 4
210  0.291971  274 6
-250.532  0.0294118  102 4
183.69  0.226619  278 4
101.344  0.255738  610 4
81.124  0.258621  290 6
-248.36  0.182986  623 4
96.61  0.281481  270 4
10.594  0.275097  3108 4
-293  0.244922  1723 6
29.946  0.248848  4123 6
109.296  0.354298  477 4
227.626  0.363554  2195 4
-116  0.230352  369 4
-54  0.0502793  179 4
143.752  0.26087  207 6
18.922  0.124031  129 6
97.61  0.364706  510 6
134.58  0.232198  969 4
94.596  0.364865  1184 4
76.796  0.386421  1576 6
16.032  0.258004  531 4
13.72  0.282776  389 6
-104.876  0.137056  197 6
11.094  0.270928  657 6
188.028  0.243346  263 4
81.782  0.378924  1338 6
36.436  0.229604  858 4
-236.658  0.0725806  124 4
36.56  0.23882  1051 6
-193.468  0.221675  406 4
19.936  0.252308  325 6
98.876  0.403712  862 6
21.484  0.228758  153 4
-23.314  0.293375  317 4
11.736  0.242125  1619 6
17.532  0.248538  342 4
-294.81  0.275109  229 4
207.282  0.352436  349 4
137.624  0.382105  1777 4
118.904  0.362745  306 6
109.22  0.243243  222 6
18.874  0.183544  158 6
11.736  0.243077  1300 4
17.344  0.162338  154 6
14.438  0.273717  643 6
225.218  0.291667  288 6
-299.984  0.258451  1834 4
15.844  0.282528  269 6
130.252  0.273585  318 6
-295.406  0.228916  581 6
110.344  0.113208  212 6
287.064  0.274834  604 6
16.404  0.24375  320 4
10.78  0.264713  4435 4
81.218  0.360073  1097 4
302.906  0.286  500 4
-349.406  0.270833  480 4
85.58  0.365782  678 6
96.968  0.405  800 6
-181.126  0.216495  388 6
16.032  0.217557  262 6
11.376  0.206806  382 6
12.064  0.262698  1260 6
13.096  0.204054  740 6
77.266  0.30897  301 4
-210.388  0.199288  281 6
101.532  0.374286  350 6
29.686  0.133047  233 6
213.876  0.267442  172 4
19.376  0.251429  175 6
-62.126  0.144781  297 6
19.156  0.264957  234 4
125.218  0.207877  457 4
-18.232  0.250693  1444 4
96.812  0.252101  357 6
267.408  0.25336  2009 4
68.408  0.334492  4027 6
117.282  0.355509  481 6
138.124  0.225806  341 6
6.766  0.253619  1865 6
-6.626  0.277143  350 4
103.156  0.40519  501 4
302.7  0.201681  238 4
16.032  0.264957  234 4
96.468  0.41019  1158 6
13.688  0.24037  649 6
8.688  0.175355  211 4
7.876  0.240625  320 4
102.766  0.197044  203 4
76.048  0.3449  951 6
161.404  0.344595  444 4
-83.094  0.233645  214 6
138.576  0.286934  1171 6
8.406  0.258126  523 6
-45.374  0.241337  1645 6
77.844  0.380042  942 4
279.094  0.22242  1124 4
132.328  0.240719  1724 4
17.406  0.328767  292 4
-82.984  0.262072  1988 6
-304.408  0.224  250 6
-315.248  0.193333  150 4
173.734  0  16383 6
14.392  0.221001  819 4
135.624  0.273179  604 4
228.39  0.25566  2120 6
263.298  0.256917  1265 6
12.594  0.147482  278 6
-105.094  0.305221  249 6
188.936  0.265105  811 4
-215.218  0.250423  591 6
219.408  0.230603  464 6
-0.858  0.217652  1167 4
6.15  0.242417  3923 4
13.986  0.255612  1381 4
72.31  0.320833  2880 6
-117.812  0.23127  307 4
-392.096  0.20197  406 4
73.922  0.347907  2676 6
189.06  0.186667  150 4
101.97  0.318083  459 6
83.28  0.38498  1265 4
317.388  0.272727  484 4
-390.656  0.340952  525 6
12.186  0.26087  161 4
14.47  0.267164  670 6
11.03  0.256364  550 4
174.684  0.366361  1201 4
79.89  0.230971  762 6
23.062  0.25  128 6
-285.594  0.29148  223 4
16.78  0.326389  144 4
92.03  0.394429  1113 4
14.5  0.0909091  132 6
10.64  0.262089  1034 6
-51.252  0.210526  152 6
6.538  0.245423  4588 6
253.516  0.387511  2338 6
-340.252  0.262911  213 4
20.876  0.272321  448 6
166.688  0.244019  209 6
14.5  0.246387  1453 4
20.592  0.306604  212 4
-251.062  0.255605  223 4
-244.734  0.238886  1867 6
7.968  0.233949  2056 6
12.032  0.302439  410 4
60.904  0.296636  327 4
187.752  0.218692  535 6
99.936  0.300725  276 4
13.624  0.3125  272 4
-143.39  0.242424  198 4
301.658  0.232014  556 4
-304  0.254054  185 6
263.124  0.248705  193 6
-132.5  0.326425  193 6
69.28  0.36507  3235 4
10.218  0.259148  1995 6
85.096  0.26195  523 6
12.266  0.242174  1693 6
70.128  0.360037  3208 4
-180.688  0.27451  357 6
9.172  0.253401  4116 4
12.282  0.274904  1044 4
-286.422  0.269076  249 6
10.94  0.254699  1064 4
41  0.234694  196 6
-229.514  0.29  500 6
175.44  0.415184  843 6
73.186  0.416537  641 4
233.438  0.262931  232 4
96.628  0.35236  911 4
-204.064  0.237124  932 4
-204.516  0.251269  394 4
-241.672  0.25912  14638 6
86.126  0.354183  1279 6
69.076  0.380682  528 6
84.798  0.346466  1726 6
13.188  0.20765  183 4
160  0.32197  264 6
-104.28  0.228261  736 6
18.514  0.112299  187 4
24.748  0.25816  1348 4
-236.938  0.244444  675 6
-94.47  0.297143  350 4
74.92  0.361733  2101 4
-49.872  0.251534  163 6
10.174  0.238095  1428 4
86.14  0.383908  870 4
183.188  0.375  320 6
250.06  0.38664  494 4
66.69  0.320656  3839 4
-190.468  0.123077  260 6
250.61  0.234556  1036 4
284.592  0.243711  636 6
185.56  0.204  250 6
63.188  0.270175  285 4
83.438  0.378417  1390 6
13.47  0.211454  227 6
73.97  0.366013  1071 6
-199.202  0.22331  1124 6
-18.906  0.263889  432 6
311  0.223485  264 6
83.218  0.341948  503 4
19.126  0.147239  163 6
66.688  0.363663  3352 4
12.22  0.218905  402 4
-34.502  0.279468  526 6
-91.372  0.220472  254 4
14.718  0.278293  539 6
7.69  0.255537  7134 4
27.626  0.276284  409 4
151.236  0.240671  2385 4
239.124  0.285714  252 4
195.408  0.237805  656 6
67.768  0.372514  553 6
208.704  0.158228  158 6
-226.188  0.376569  239 6
127.844  0.172012  343 6
56.702  0.25074  1352 6
-117.812  0.240251  1436 6
-31.624  0.234552  793 4
-293.08  0.315534  206 6
96.908  0.408078  718 6
35.468  0.125  160 4
-300.844  0.276018  221 6
16.472  0.128378  148 4
7.968  0.217391  391 4
128.7  0.379655  1101 6
70.204  0.353737  1405 4
87.438  0.334561  1629 4
11.378  0.279022  491 6
69.016  0.333913  1150 4
3.954  0.26087  2438 4
86.406  0.405537  614 6
-298.22  0.189944  537 6
-346.718  0.205128  273 4
-56.374  0.133333  300 4
17.032  0.259912  227 6
230.06  0.251823  2057 4
19.468  0.148936  188 4
47.344  0.225869  518 4
-31.954  0.221344  506 6
14.252  0.222843  1252 4
19.468  0.368664  217 4
-151.532  0.237323  493 6
-34.984  0.135593  177 4
207.216  0.254209  594 6
214.936  0.356389  1894 6
171.252  0.326531  196 4
-154.032  0.230303  165 4
199.156  0.263598  239 4
177.954  0.393939  363 4
-3.75  0.262857  175 4
144.97  0.267338  894 4
-302.156  0.279016  1301 4
94.11  0.344244  886 4
-310.002  0.264078  515 4
14.812  0.241379  319 6
13.5  0.260437  1006 4
12.312  0.175  360 6
-260.784  0.26988  1245 6
-32.936  0.252841  352 4
11.406  0.270677  532 6
15.562  0.234949  681 4
141.968  0.258912  533 6
61.39  0.2507  1428 4
295.592  0.340479  793 6
262.44  0.285  200 4
295.874  0.216981  212 6
-199.934  0.283302  533 4
18.758  0.19802  202 4
15.906  0.282759  435 4
-389.47  0.263889  216 6
11.626  0.295918  196 4
239.252  0.185393  178 4
-255.048  0.251663  2857 6
12.596  0.229225  1793 4
-207.188  0.251572  318 4
11.374  0.228814  354 6
17.83  0.224852  169 4
-188.468  0.209845  772 6
279.626  0.216461  1543 4
13.408  0.26556  482 6
12.406  0.216088  634 6
-392.282  0.254701  1755 6
86.28  0.344039  2055 4
16.532  0.195531  179 6
108.25  0.276786  224 6
77.14  0.016129  124 6
-298.438  0.17757  214 6
-42.968  0.217617  193 4
117.314  0.390625  512 4
81.796  0.367857  1680 4
178.392  0.32837  2619 4
17.252  0.322709  251 6
19.468  0.224359  156 6
13.72  0.274319  514 6
-367.312  0.265258  426 4
-103.03  0.15544  193 4
186.172  0.383534  498 4
16.25  0.229508  427 6
9.564  0.32069  290 6
13.904  0.25591  973 6
100.36  0.408829  521 4
-318.328  0.107383  149 4
12.876  0.240272  1028 6
-297.938  0.255061  741 6
31.968  0.168966  290 4
82.22  0.326007  1365 6
69.654  0.404609  781 4
-57.5  0.198718  468 4
-132.78  0.181435  237 4
20.25  0.328431  204 4
15.064  0.272727  473 6
12.796  0.243851  2358 4
20.812  0.165957  235 4
-97.138  0.167683  328 4
182.188  0.229412  170 4
-331.874  0.292135  178 6
54  0.164251  207 4
166.56  0.208955  201 6
76.346  0.368537  909 4
71.828  0.372822  1435 4
-85.498  0.23908  435 6
12.672  0.251086  2302 6
47.31  0.300546  366 4
148.642  0.256988  3864 6
267.562  0.286765  408 4
16.138  0.212121  297 6
-383.75  0.238961  770 6
77.468  0.376725  2174 4
297.752  0.350667  750 6
-208.684  0.226316  190 4
209.876  0.24569  464 4
244.5  0.369231  390 6
38.686  0.25  256 6
198.532  0.256332  1303 4
75.64  0.258993  278 4
77.326  0.32594  2660 4
11.36  0.236102  3130 6
10.486  0.245716  2743 4
-239.44  0.1875  224 6
78.064  0.372812  1714 6
-86.248  0.311037  299 6
-313.594  0.341625  1206 6
265.624  0.255941  1641 6
168.936  0.230346  1272 4
9.252  0.261745  745 6
79.092  0.337985  1648 4
-145.752  0.180851  282 6
-321.438  0.201058  189 4
-233.498  0.217284  810 4
12.784  0.219512  410 6
17.344  0.204142  338 4
30.376  0.25  512 6
241.436  0.243612  587 6
-154.626  0.196429  336 6
66.216  0.342249  3103 4
-4.524  0.289089  9568 4
-59.312  0.0909091  187 4
112.812  0.354839  217 6
78.22  0.380041  1463 4
-301.296  0.236289  2188 6
81.06  0.427273  440 6
15.924  0.255319  470 4
-92.376  0.271375  269 4
-195.748  0.247539  711 4
92.516  0.345455  1210 4
16.66  0.324675  462 4
16.422  0.240602  266 6
17.908  0.210526  152 4
40.22  0.315353  241 4
-186.562  0.252621  8871 6
-316.626  0.246269  268 4
85.688  0.347291  812 4
-327.782  0.232441  598 4
150.11  0.260504  357 4
13.404  0.251131  442 4
108.766  0.348333  600 6
99.124  0.355556  1215 6
241.17  0.364469  1092 6
18.656  0.17052  346 4
-198.938  0.405  200 4
-170.032  0.252918  514 4
94.812  0.383249  394 4
-387.186  0.28535  785 4
277.252  0.170213  188 4
11.314  0.236946  1781 6
12.186  0.304348  253 4
-363.298  0.242445  1456 4
-128.25  0.201087  184 4
-136.29  0.247103  3711 6
-175.344  0.293907  279 6
-384.532  0.251773  282 6
-49.656  0.178674  347 6
76.406  0.351395  1864 4
153.94  0.227823  496 4
-8.436  0.242544  1777 4
-306.094  0.242697  3218 6
205.36  0.349741  772 6
66.562  0.151899  158 4
-127.344  0.217768  923 4
244.124  0.292746  386 4
90.89  0.380383  418 4
254.752  0.265116  215 4
267.592  0.257024  961 4
301.766  0.272109  294 4
77.876  0.352634  2297 4
144  0.389908  218 4
215.688  0.381215  362 4
105.752  0.345646  758 6
93.468  0.370543  1290 4
69.94  0.327441  3677 4
96.844  0.370056  354 6
45.718  0.244481  1812 6
68.22  0.355898  1492 4
-70.968  0.232484  942 4
-270.78  0.153614  332 6
99.596  0.175258  194 4
11.968  0.25768  2767 6
17.172  0.143885  278 4
16.688  0.187879  165 4
-104.594  0.32526  289 6
-267.5  0.30315  254 4
134.5  0.397906  382 4
-106.718  0.259976  827 4
132.452  0.22734  1346 4
82.5  0.388502  574 4
93.564  0.395082  610 6
-210.002  0.222772  808 4
-317.376  0.182266  203 4
14  0.25  460 6
152.142  0.235294  340 6
-327.562  0.348214  224 6
-27.936  0.253333  225 4
207.968  0.357304  2211 6
-158.346  0.232659  692 4
13.984  0.235294  731 4
249.626  0.347087  824 6
256.188  0.365672  268 6
7.438  0.192308  156 6
144.704  0.286271  1027 4
66.75  0.373721  2443 6
-291.998  0.152355  361 4
-274.124  0.318937  301 4
-131.218  0.230508  590 6
-250.452  0.261538  455 4
89.376  0.37156  436 6
0.096  0.26506  498 6
-145.188  0.338308  201 4
229.22  0.325472  212 4
108.812  0.387833  789 6
-63.376  0.25625  320 6
8.438  0.226667  225 6
68.408  0.393491  676 4
15.22  0.0758621  145 6
-324.814  0.255765  954 4
-351.798  0.300353  283 6
8.404  0.252341  6087 6
-84.096  0.327586  406 6
-180.344  0.24908  815 4
154.984  0.222727  220 6
-132.03  0.264  500 4
148.47  0.366755  379 4
294.204  0.248795  2074 6
17.156  0.198433  383 4
215.252  0.445578  588 4
178.906  0.290749  227 4
-275.61  0.25  940 4
58.188  0.282967  364 6
-248.436  0.261239  823 6
155.062  0.260018  2246 6
74.42  0.355419  2279 4
139.72  0.329114  316 6
-129.188  0.25  260 6
-126.844  0.263473  835 4
-160.454  0.264789  355 4
85.638  0.378453  1086 4
-256.984  0.260229  611 4
190.376  0.357466  221 6
11.186  0.260965  456 4
14.922  0.274887  884 4
18.156  0.334975  203 4
14.656  0.259259  216 6
12.372  0.25814  860 4
15.032  0.26151  543 6
83.486  0.276347  3340 4
95.546  0.329428  1451 4
78.064  0.34375  2176 4
84.704  0.357895  1615 6
-62.156  0.227176  942 6
-276.156  0.24  250 4
244.452  0.366082  1710 4
80.39  0.368671  632 4
-83.156  0.292614  704 4
285.438  0.208178  269 4
-58.408  0.147287  129 4
83.782  0.440462  865 4
167.906  0.153333  150 6
40.906  0.189189  148 4
99.52  0.383792  654 4
307.436  0.195767  189 4
182.374  0.367026  1019 4
13.22  0.25  260 6
182.718  0.387013  385 6
97.672  0.433333  300 4
104.376  0.38022  455 6
75.406  0.34959  2194 6
267.128  0.241228  228 6
-222.532  0.283422  374 4
17.158  0.252955  423 4
14.28  0.246327  1157 4
71.844  0.332241  1526 4
12.436  0.114458  166 4
85.076  0.247065  1789 4
242.74  0.241059  2908 6
18.186  0.190736  367 6
177.314  0.304167  240 6
152.768  0.295191  603 4
99.016  0.348276  1160 6
-128.468  0.212291  179 4
-115.874  0.236311  347 4
4.224  0.242781  6199 4
-54.204  0.230573  785 6
201.468  0.382716  243 6
94.092  0.360335  358 4
-189.94  0.253807  197 6
145.888  0.255164  2324 4
126.906  0.241573  178 4
-23.972  0.273292  644 6
73.782  0.335034  2940 4
16.188  0.243781  201 4
-59.516  0.239714  559 6
182.578  0.275862  174 6
-136.89  0.265753  730 6
12.688  0.177885  208 4
13.968  0.277496  1182 6
-277.264  0.240801  1848 6
65.312  0.366158  1442 4
65.094  0.333482  4474 4
35.468  0.213018  338 4
-18.938  0.253012  166 4
159.658  0.293478  184 4
-95.312  0.22619  840 6
-47.998  0.236986  730 6
14.876  0.246479  426 6
147.096  0.189573  211 4
9.342  0.242606  2502 4
84.344  0.353357  1415 6
140.468  0.3375  240 6
169.156  0.252  1750 4
-10.156  0.223744  657 4
15.484  0.0949367  158 6
3.97  0.247257  4101 4
-16.404  0.233716  1305 4
12.5  0.287078  1362 4
109.876  0.239437  568 6
17.096  0.219124  251 6
94.592  0.430818  636 4
90.312  0.242754  276 4
16.404  0.246964  247 4
16.472  0.252183  916 4
117.704  0.247723  1098 6
-106.436  0.250549  455 4
-87.5  0.280374  856 4
15.504  0.235119  336 6
-75.748  0.221003  1276 4
-293.032  0.261261  444 6
5.644  0.247041  1352 4
118.296  0.318725  251 6
71.956  0.371991  1371 4
-390.752  0.209459  296 4
94.684  0.411504  226 4
81.22  0.379671  1338 4
200.688  0.121359  206 4
240.184  0.436242  298 4
200.124  0.385027  561 4
14.688  0.228188  149 6
24.848  0.31746  189 6
73.888  0.349705  2036 6
195.456  0.249246  3980 6
8.248  0.26628  1551 6
9.532  0.228205  390 6
197.688  0.370675  607 6
83.596  0.154639  291 4
122.688  0.360158  758 4
-325.656  0.241706  211 4
242.344  0.25  332 4
162.968  0.333333  522 6
-44.248  0.29304  546 4
67.208  0.346662  2876 6
8.436  0.19802  404 6
12.548  0.255124  2732 4
31.312  0.3  420 4
-10.08  0.230014  713 4
87.684  0.391679  697 4
96.844  0.356223  1165 4
-105  0.294118  187 6
162.752  0.251121  223 4
-189.312  0.220721  222 4
14.436  0.198895  181 4
219.732  0.156716  134 4
75.28  0.386059  373 6
115.748  0.286041  437 6
202.344  0.291209  182 4
14.908  0.299213  254 4
-138.86  0.264066  1333 4
14.716  0.319853  272 4
86.252  0.388707  1523 4
-35.172  0.249307  361 6
-210.156  0.199029  412 4
14.532  0.2  540 6
152.596  0.26347  1689 4
-36.44  0.153285  137 6
73.596  0.360573  1395 6
13.28  0.227273  198 6
112.248  0.38715  607 6
158.872  0.262032  187 6
14.796  0.242147  764 4
-297.156  0.238007  542 4
172.016  0.376871  735 4
-185.408  0.261146  471 4
69.688  0.337703  2212 6
-233.376  0.272532  466 4
15.528  0.211009  1090 6
-345.564  0.212389  339 4
56.656  0.246522  2588 4
300.188  0.252381  420 4
-348.952  0.25  992 4
52.844  0.26087  1610 6
95.328  0.224954  1098 6
88.152  0.354311  1589 6
19.22  0.0862944  197 6
-221.14  0.247104  2072 6
66.36  0.330745  2189 6
-335.828  0.249431  2197 6
-170.564  0.248322  1043 4
69.86  0.323239  3038 4
159.892  0.245506  1780 4
309.684  0.383399  253 4
-124.812  0.261905  462 6
24.06  0.246988  166 6
13.844  0.237726  387 4
129.64  0.421053  266 6
218.156  0.243564  505 6
306.42  0.278766  843 4
24.048  0.238546  2008 4
274.784  0.226441  1475 6
14.34  0.234323  303 4
56.984  0.258865  2256 4
-33.188  0.251588  787 4
-321.748  0.266213  2205 6
-31.72  0.211583  1295 6
301.028  0.23389  419 6
41.188  0.234708  1406 4
151.188  0.366154  325 6
-286.592  0.225664  452 6
221.064  0.242932  955 4
11.468  0.255915  3212 4
72.124  0.352963  2700 4
123.756  0.188061  16383 6
279.576  0.309013  233 6
88.576  0.242424  2013 4
67.92  0.342641  3044 6
6.252  0.285856  1011 6
18.72  0.290816  196 6
91.936  0.367391  920 4
73.908  0.390216  879 6
-316.004  0.272196  856 4
-167.844  0.275124  607 6
-122.216  0.255959  965 6
-353.872  0.243151  292 6
175.328  0.346709  1246 6
68.468  0.210056  895 4
88.812  0.393021  1089 4
-114.016  0.169697  165 4
11.44  0.238822  1834 6
274.424  0.265353  863 6
-164.624  0.149068  161 6
12.968  0.249201  313 6
72.736  0.356483  2923 4
16.032  0.259574  235 4
135.536  0.396774  310 6
237.564  0.391651  1629 4
38.496  0.237624  202 4
-246.936  0.130435  276 4
119.456  0.253153  1110 6
93.692  0.380851  940 6
11.72  0.250349  1434 6
11.312  0.24095  5387 4
189.376  0.252675  1215 6
8.284  0.182028  434 6
233.5  0.27931  580 4
-223.704  0.266272  1014 6
236.688  0.2  310 4
158.188  0.257812  256 6
12.484  0.257642  1832 4
82.516  0.371762  1544 4
-260.128  0.23138  1007 6
135.504  0.264205  704 4
221.248  0.372807  228 6
-252.528  0.223448  725 6
10.688  0.253402  3086 4
-254.528  0.305556  144 6
-197.66  0.256798  1324 4
15.516  0.257228  1003 4
-1.628  0.174359  195 4
12.812  0.311881  202 4
70.516  0.363929  2484 6
-270.796  0.222675  1226 4
-121.528  0.302211  407 6
209.908  0.155989  359 4
-115  0.202454  326 4
-71.564  0.285199  277 6
-100.3  0.324138  290 4
79.58  0.338254  2303 4
96.936  0.220183  327 4
253.372  0.226415  159 6
6.58  0.254329  924 4
-171.936  0.256484  347 4
-383.524  0.253196  9309 4
12.58  0.230252  595 6
86.5  0.364111  1148 4
258.316  0.261926  2264 6
-232.892  0.23766  3282 4
-296.064  0.100592  169 6
-251.876  0.25228  658 6
219.752  0.208029  274 6
151.72  0.241667  240 6
83.968  0.0844156  154 6
91.952  0.359589  1168 4
91.968  0.389356  357 4
166.576  0.363326  878 6
78.004  0.375189  661 4
-329.592  0.230691  1955 6
302.624  0.253812  2230 4
-83.172  0.238227  361 4
125.128  0.165517  145 6
-294.688  0.294737  285 4
98.936  0.305085  354 4
190.096  0.210227  176 4
-154.06  0.266311  1686 4
67.184  0.375482  2333 4
277.344  0.19964  556 4
-148.404  0.200743  269 6
150.904  0.459016  244 6
14  0.268108  925 6
12.564  0.27972  429 4
-44.808  0.241228  228 4
77.484  0.332584  1335 6
318.78  0.242604  507 4
151.936  0.398734  316 6
19.264  0.22807  171 4
179.812  0.459135  416 4
-106.472  0.328909  678 4
-169.172  0.250125  1995 4
161.172  0.272243  2439 4
-137.312  0.244582  969 4
13.904  0.266494  773 4
119.628  0.41358  324 6
-80.5  0.146497  157 6
-294.312  0.238636  176 4
-203.968  0.245509  334 4
-365.064  0.0934579  214 4
-342.124  0.307992  513 4
304.716  0.284091  440 4
75.28  0.352895  2539 4
125.5  0.347826  414 4
-333.72  0.224824  427 4
130.472  0.217822  303 6
225.596  0.23309  2188 4
-330.232  0.278195  266 4
-247.812  0.288235  680 4
-390.252  0.25602  789 6
-202.968  0.244597  1018 4
14.012  0.255481  1186 4
12.124  0.254791  887 6
12.904  0.311419  289 4
11.344  0.254268  1113 6
-82.344  0.284627  657 6
-164.22  0.0967742  155 4
88.58  0.307971  276 4
18.844  0.272321  224 6
10.56  0.262848  2374 6
266.892  0.363214  2800 6
231.752  0.233696  184 6
58.532  0.298643  442 6
-317.624  0.157143  280 4
118.532  0.258152  368 6
13.78  0.241379  899 4
67.328  0.272921  469 6
15.08  0.256667  600 6
70.812  0.330052  3251 4
76.176  0.379793  2217 4
37.72  0.255869  426 4
298.36  0.243902  656 4
242.24  0  128 4
75.108  0.331644  1381 4
-18.44  0.0584795  171 6
24.096  0.2625  240 4
141.66  0.213152  441 4
-258.564  0.227848  316 4
273  0.246038  1325 6
-215.94  0.250643  2334 6
255.032  0.240722  997 4
-4.108  0.25052  5293 4
99.252  0.191489  141 6
202.732  0.280228  703 4
15.34  0.251384  903 4
204.92  0.234647  2182 4
11.096  0.250087  2883 6
12.52  0.266762  1402 4
87.188  0.352425  1711 4
85.56  0.350746  804 6
40.656  0.168831  154 6
210.344  0.374702  419 4
-177.748  0.232432  555 4
16.048  0.232227  1266 4
-178.872  0.299342  304 4
159.092  0.241225  1567 6
-113.704  0.232252  986 6
-108.152  0.24839  1087 4
309.188  0.21968  437 6
183.812  0.185874  269 6
-187.656  0.220903  421 6
92.124  0.381659  1145 6
83.156  0.349198  1807 6
18  0.307018  342 6
-91.064  0.209756  205 4
-165.94  0.281116  466 6
182.172  0.227696  1502 4
73.968  0.367195  1073 6
69.076  0.349522  2512 6
89.124  0.354953  1696 4
49.28  0.265854  410 4
74.404  0.376471  680 4
-93.736  0.22695  564 6
-117.624  0.336232  345 4
-45.656  0.232925  571 6
-178.78  0.238964  1699 4
-66.092  0.12  300 4
159.564  0.222222  495 4
72.516  0.338184  3161 4
-155.764  0.208835  249 4
15.924  0.226667  675 4
13.356  0.241763  2246 4
9.752  0.26087  276 6
-92.28  0.247241  906 4
22.812  0.0869565  138 6
13.78  0.23842  734 4
263.344  0.282051  351 4
7.232  0.144737  228 4
92.968  0.383495  412 4
26  0.391304  161 6
76.328  0.371429  1085 4
-215.968  0.257329  307 4
97.576  0.414944  629 4
-99.404  0.231317  1686 4
20.28  0.25641  117 4
-132.704  0.259979  1904 4
170.592  0.22686  551 4
272.716  0.22339  761 6
256.844  0.256559  3621 6
69.08  0.346516  1593 4
-282.592  0.257095  599 6
94.244  0.303167  221 6
105.812  0.186275  204 6
-6.22  0.258503  882 6
287  0.253134  1675 6
194.06  0.301676  179 4
29.092  0.258359  329 4
76.828  0.358065  1860 6
88.468  0.365917  1156 4
17.092  0.196375  331 4
17.828  0.128713  202 4
-303.344  0.242563  437 6
5.328  0.25107  5142 4
257.86  0.205479  292 4
143.844  0.327103  214 6
15.688  0.259669  362 6
67.732  0.375556  2471 4
9.876  0.250833  2400 4
-299.032  0.250938  2132 4
9.34  0.229952  1035 6
241.408  0.242647  272 6
-377.904  0.224335  263 6
194.156  0.442211  398 4
93.876  0.381737  668 4
-334.908  0.2587  5833 4
15.968  0.20297  202 4
17.096  0.247458  295 4
12.496  0.257033  1564 4
147.22  0.252396  313 6
15.628  0.228829  555 4
34.3  0.056  125 6
15.236  0.191235  251 6
84.248  0.410931  1482 4
150.56  0.233645  321 4
9.096  0.186589  343 4
12.532  0.275229  545 6
82.952  0.3622  1582 4
70.032  0.350804  3110 6
-57.156  0.240759  1001 6
110.092  0.399408  1014 4
-128.812  0.244681  470 4
15.376  0.270428  514 6
248.596  0.441261  349 4
12.156  0.242718  3193 6
269.252  0.169935  153 6
84.516  0.351639  1220 4
-208.188  0.3125  304 6
-385.356  0.239783  2398 6
7.344  0.24004  1004 4
27.14  0.345745  188 4
12.716  0.238172  1860 4
266.64  0.249932  3677 4
302.324  0.243505  1655 4
123.752  0.287356  435 4
91.004  0.404564  482 6
108.552  0.367432  479 6
46.156  0.249064  534 6
70.528  0.336673  3294 4
101.188  0.427984  486 4
87.452  0.365798  883 4
-11.112  0.223464  179 4
94.092  0.230769  234 6
23  0.244444  225 6
71.36  0.359237  2934 4
146.436  0.353448  232 4
13.328  0.277778  720 4
-372.424  0.209366  363 4
304.128  0.34433  970 6
79.392  0.242028  1223 6
121.092  0.204188  382 6
66.78  0.255263  380 4
63.64  0.226357  1290 4
-239.316  0.228426  197 4
16.064  0.245989  187 4
137.564  0.15508  187 6
76.284  0.376243  1911 4
-55.124  0.236287  237 4
88.952  0.34691  1424 4
84.108  0.343044  1682 6
15.904  0.245399  326 6
169.312  0.314103  156 4
-61.188  0.241245  257 4
10.592  0.240246  487 6
17.472  0.194444  288 6
-322.064  0.234694  294 4
264.528  0.328395  405 6
21.94  0.201161  517 6
-84.14  0.238095  336 4
155.956  0.328358  335 4
-55.092  0.21746  630 4
175.248  0.244726  237 6
-370.748  0.291457  199 4
-310.188  0.325479  679 4
260.72  0.430894  369 6
82.688  0.351209  1902 6
250.576  0.282787  488 6
13.848  0.245865  907 4
-55.14  0.257888  2187 4
-173.216  0.296875  192 4
17.512  0.197619  420 4
-243.156  0.265604  753 6
68.296  0.355529  2478 4
92.048  0.352235  1499 4
17.124  0.30742  283 4
309.624  0.246148  2596 4
66.756  0.336738  3623 6
43.892  0.224513  873 6
292.452  0.266933  4001 6
15.404  0.214058  313 4
7.284  0.254557  1646 6
-13.408  0.307692  286 4
158.904  0.332353  680 6
257.876  0.104046  173 6
48.032  0.209677  682 6
-182.688  0.297753  356 4
198.156  0.255034  1192 4
-330.532  0.255079  886 6
266.72  0.333333  258 6
-376.904  0.0451613  155 4
101.376  0.263889  288 4
-84.032  0.259501  1684 6
48.904  0.273723  822 6
-251.42  0.129213  178 6
237.484  0.267316  924 6
84.032  0.301255  239 6
19.092  0.243655  197 6
-105.344  0.280868  737 6
-225.44  0.212389  226 4
70.312  0.35278  1457 4
269.344  0.212919  418 6
80  0.360976  1025 4
16.844  0.236923  325 6
-279.956  0.249501  501 4
-330.796  0  16383 4
81.404  0.359318  1642 6
8.032  0.254038  3653 6
74.092  0.316651  1039 4
-370.404  0.257618  361 6
130.22  0.309589  365 6
96.656  0.244256  827 6
316.344  0.192771  166 6
33.472  0.258532  1172 6
-147.376  0.153846  195 6
10.94  0.265957  1598 4
-199.968  0.248798  832 4
9.468  0.261414  6549 6
16.108  0.0472973  148 6
67.776  0.340162  2587 6
-176.596  0.25  756 6
-141.312  0.262198  1865 4
61.624  0.347954  3397 4
211.312  0.333898  590 6
119.628  0.425061  407 4
154.812  0.219355  930 4
244.248  0.233586  792 6
18  0.182131  291 4
58.628  0.0965517  145 6
294.728  0.208333  168 6
-309.096  0.22069  145 6
-159.768  0.264036  1977 4
-376.752  0.284314  204 6
72.376  0.330235  3228 6
-249.876  0.270827  3253 4
291.808  0.219653  346 4
99.828  0.259029  803 6
-271.564  0.219941  341 4
-386.828  0.260759  395 4
44.232  0.25357  2031 6
14.344  0.267372  1324 4
43.592  0.254771  1048 6
155.404  0.379562  822 6
15.968  0.302714  479 6
15.904  0.2657  414 6
-195.216  0.233831  201 6
302.248  0.225455  825 4
104.096  0.212281  570 4
146.156  0.262249  2143 6
-71.736  0.22549  918 4
83.628  0.252546  491 4
68.468  0.359384  1689 6
96.996  0.377234  1063 4
-390.72  0.257895  190 6
93.124  0.339286  672 4
16.408  0.254032  496 4
15.216  0.171717  198 4
20.956  0.372093  215 6
130.156  0.251214  1441 4
-298.452  0.265766  222 4
-94.06  0.283784  370 4
197.952  0.225473  581 4
117.372  0.270588  1105 6
1.28  0.281106  217 4
-188.188  0.234646  635 6
282.304  0.371661  861 4
-276.592  0.254008  1185 4
93.436  0.354221  1149 6
74.74  0.313803  3021 6
276.252  0.259434  212 4
142.656  0.294118  255 4
-98.936  0.22069  290 6
-353.844  0.271186  413 6
14.624  0.224  125 6
-317.592  0.236453  203 4
233.188  0.268966  290 6
17.768  0.158824  170 4
-49.828  0.166189  349 4
-12.44  0.277883  529 4
-263.532  0.070922  141 6
129.876  0.268657  201 6
15.688  0.21075  707 4
72.188  0.350462  1732 6
191.548  0.248971  1944 4
101.36  0.346767  1067 6
-184.328  0.269894  1508 4
283.856  0.404762  294 4
-188.624  0.250958  522 4
166.592  0.301158  259 4
151.784  0.388889  324 6
264.424  0.196242  479 4
97.624  0.333333  339 6
189.184  0.261364  176 6
-76.184  0.32852  277 4
34.824  0.234783  1035 4
14.58  0.271429  840 4
-131.876  0.253968  189 6
-300.624  0.287179  975 6
133.752  0.364372  494 4
65.844  0.338898  4373 4
74.52  0.366619  2774 4
16.188  0.305556  180 6
15.124  0.125926  135 6
249.376  0.289308  159 6
-111.092  0.294833  329 4
8.688  0.249325  5555 6
15.904  0.242574  202 4
14.624  0.249661  737 4
14  0.234027  1346 4
10.624  0.249084  273 4
67.232  0.317757  1605 4
167.688  0.397351  604 4
-265.324  0.212828  686 4
81.528  0.330604  977 4
-239.94  0.333333  249 6
-248.472  0.265116  1505 6
283.496  0.246154  325 4
14.748  0.177215  316 6
81.908  0.192453  265 4
18.312  0.0714286  112 4
-283.464  0.239118  1769 6
262.128  0.180328  183 4
12.188  0.20274  365 4
206.376  0.251473  509 6
-235.56  0.215686  153 6
70.548  0.103226  155 4
65.58  0.327039  2330 4
-124.52  0.234205  1836 6
150.344  0.258699  661 6
-106.048  0.263158  228 4
198.968  0.265193  1086 6
16.092  0.270393  662 4
-337.204  0.34873  3464 4
182.156  0.380597  536 4
124.404  0.278169  568 6
12.516  0.254902  969 6
301  0.245995  874 4
140.308  0.383234  334 4
86.36  0.23463  797 4
-205.784  0.228223  574 6
66.968  0.346119  2190 6
10.312  0.234375  192 6
121.624  0.198718  156 6
18.5  0.175182  137 6
-94.812  0.254491  668 4
116.316  0.421769  588 6
261.78  0.38141  1560 4
-323.348  0.128049  164 4
11.816  0.257276  859 6
13.904  0.220245  899 6
-71.5  0.251429  175 4
103.808  0.451049  286 6
11.624  0.262121  1320 6
17.468  0.302083  384 4
-311.768  0.257576  594 6
220.28  0.25  468 4
-256.908  0.240296  541 6
-230.904  0.286127  346 4
84.64  0.383688  1410 6
-137.48  0.21668  1283 4
8.94  0.348485  264 4
182.812  0.316514  218 6
-19.952  0.200608  329 6
10.144  0.283344  1567 6
304.452  0.344595  1776 4
68.876  0.24594  2586 6
95.78  0.177112  367 4
21.152  0.232558  344 4
-14.624  0.233083  266 4
18.892  0.381974  233 6
14.188  0.221774  248 4
272.752  0.266932  251 4
-296.216  0.352342  1473 4
-336.564  0.305344  262 4
91.984  0.385447  1017 6
84.66  0.342128  1137 6
4.904  0.267598  1861 6
-4.94  0.207921  909 4
-89.872  0.177914  163 6
-349.784  0.168776  237 6
116.44  0.327496  571 6
13.34  0.246657  1346 6
-174.892  0.232634  1526 4
-171.188  0.24349  768 4
12.408  0.278052  1622 4
44.124  0.233498  1015 6
104.968  0.374765  531 6
302.564  0.382946  1290 6
249.184  0.232472  271 4
218.06  0.277597  616 6
7.72  0.170306  229 6
-170.716  0.246713  1293 4
75.376  0.405797  483 6
37.812  0.199234  261 6
6.592  0.274645  5640 6
