0.00003691285490181606  0.00021680150112277086
0.11631240579531843  0.021679165769479227
0.32047740625672927  0.02124371712448861
0.5376726444984465  0.01907373342766619
0.7682672490694888  0.0162532221846258
0.9992678950444498  0.014625119197760623
1.20298994124704  0.012888861546033407
1.420591220892676  0.011911286105386203
1.6389307576363472  0.01310172567596666
1.871001876403458  0.014617244455381588
2.1025931280568466  0.014723553477498545
2.306905779937864  0.014721707834753458
2.525097665261928  0.015478544403088382
2.7443231105232404  0.01927060198714203
2.977501614937403  0.02403814328339845
3.1821464825125356  0.02501190439570581
3.4128518256482834  0.02251659540434957
3.6165738718508726  0.020780337752622356
3.8476852563905397  0.019477437017441326
4.065212710326371  0.01828306007567136
4.28351533421514  0.01936509889569043
4.48827094035498  0.020664062259681936
4.706278261404535  0.020878895075209947
4.951674920791167  0.02152708480728414
5.15569226983297  0.020658033160047988
5.38624996154911  0.01772912116644622
5.603555938355534  0.015884339721307948
5.820861915161956  0.014039558276169675
6.0244363099449405  0.011869697622196931
6.269648405057062  0.011975883601464211
6.474404011196901  0.013274846965455719
6.692042203697438  0.0124056722753699
6.909569657633272  0.011211295333599929
7.141013257867051  0.01088400135347135
7.359131317481314  0.011424036420683504
7.577323202805378  0.012180872989018428
7.795367436709835  0.012504106555107822
7.999347872896738  0.011526654157310287
8.230163954597188  0.009356547417638202
8.433553785105664  0.006644683010858535
8.664296041096312  0.004257774770063678
8.895370512781078  0.002846473284321263
9.113156356701221  0.002410901596480969
9.331200590605679  0.0027341351625703655
9.549429388784645  0.0035993724814666755
9.767584361253807  0.004247808299240215
9.971786274570121  0.003920760404810979
10.189387554215758  0.002943184964163771
10.407247223845705  0.0027244147774462477
10.638580085514782  0.0020719185456335165
10.856218278015318  0.0012027438555476944
11.08744040111969  0.00022504537205081387
11.50968654834046  0.0002212310437109677
