2.5050519292533657 -0.05566818366491333
2.74653550133944 9.756629222257168
3.250899924050862 10.965390496899744
3.519894282830287 10.254354452992345
3.749150838608207 9.045593178349769
3.9936911647713202 8.050142716879414
4.244344999088511 8.512316145419224
4.498055587482742 7.534641585046551
4.7731634544162445 8.494540244321538
5.262244106742473 7.801280101511825
5.519011449213742 7.054692255409058
5.742154496837583 6.148121299427126
6.252632427703082 4.886032321491497
6.756996850414505 4.939360024784552
6.99542366842354 5.454861156617414
7.267474781280005 4.992687728077605
7.496731337057924 5.1348949368590855
7.7657256958373475 5.917034585157222
8.01943628423158 6.148121299427126
8.257863102240616 5.810379178571114
8.737773492335727 2.8062518930623597
9.446940438208756 1.3486280030521947
9.740388829604493 1.40195570634525
10.006326434306878 -0.020116381469543754
10.486236824401988 -0.0912199858602829
