0.2724537820295918  0.0002143406441293197
2.479030422344582  0.0001944077024823923
2.74539358331539  0.022414223753422138
3.2502506998062084  0.02501128918145745
3.5084930326986385  0.023382940108892927
3.9971823187425026  0.018500476791042483
4.256273647297672  0.019365344981389775
4.50071057245686  0.017195115198868006
4.746587098957212  0.019252514688240185
5.032440247316128  0.018707927035590148
5.277283213879233  0.017730105509243598
5.521904703312929  0.01610187947952875
5.72562674951552  0.014365621827801534
5.929385708573012  0.012737764926635708
6.242222153865084  0.01143412593435664
6.73260943123443  0.011538097142329819
7.005358516103234  0.012511243040388819
7.263933064689779  0.011858500722876742
7.495561229198069  0.012073210495555077
7.754800209172846  0.0133716816881479
8.000159955704575  0.013911470669660714
8.258771417146022  0.01336712910271002
8.746796271801655  0.0065334522747546794
9.249844658402289  0.0038188809252822295
9.467593589467532  0.0032749084868805567
9.753668214955859  0.003380725337598818
9.99773601156603  0.00012648804946322617
10.501670306684304  0.000013534713463964065
10.992020671198746  0.000009105170875753354
