0.6402534682703251  0.0003194192377495436
0.899307883970593  0.0010758866775354495
1.0901104309575813  0.001399366329324192
1.2948291242425176  0.0025899289427543173
1.49988003322157  0.004756098311236891
1.7051893321849336  0.007681072933649148
1.8970623519640717  0.011148174351717988
2.102260912362731  0.013747946722446096
2.3070903442123725  0.015263711587560371
2.4982251068934764  0.016562797994401555
2.703497493001938  0.019379371866252427
2.894890645667354  0.02143726352702329
3.1140422652188637  0.025012519609954174
3.3038850779784066  0.02251757974714695
3.712288904611032  0.02186348395828848
3.902353194499985  0.020018948598849555
4.106961149220217  0.02088430896059553
4.296730136269957  0.01817256759666554
4.514589805899906  0.01795379740994802
4.7062044356947315  0.02066209357408718
4.8962687255836865  0.018817558214648256
5.112836445292075  0.014804761758282325
5.30378664369867  0.015561844412316592
5.493297240764097  0.012091297794456921
5.697240764096097  0.011005444646098005
5.900482943184965  0.00785997723707281
6.1039096865483415  0.0052565135808545355
6.294047802147098  0.003628779722538375
6.497843674059492  0.002109323571933927
6.701824110246394  0.0011318711741363924
6.906062936417609  0.0009132240302685418
7.287188163277863  0.00015097357654803717
7.750296840874837  0.00014679011965917227
