0.10855673285485157 9.507766606889579
0.3378132886327707 9.347783497010415
0.5395590577173395 8.316781233344688
0.7810426298034143 7.108019958702112
0.9950154151961386 6.396983914794716
1.2120449546659022 5.650396068691948
1.4260177400586265 5.241550343445196
1.6399905254513507 5.668171969789633
2.0006875065419436 6.396983914794716
2.2727386193984076 6.379208013697031
2.5417329781778326 6.788053738943784
2.74959225541648 8.423436639930797
2.963565040809204 10.592096573848359
3.1897648425100833 11.036494101290483
3.4037376279028084 9.863284628843276
3.6238239214496106 9.134472683838194
3.846966969073452 8.601195650907647
4.070110016697293 7.979039112488675
4.277969293935939 8.494540244321538
4.504169095636819 9.063369079447455
4.715085126952506 9.134472683838194
4.935171420499308 9.525542507987264
5.15525771404611 9.134472683838194
5.375344007592912 7.78350420041414
5.601543809293792 6.9835886510183185
5.812459840609478 6.094793596134071
6.029489380079241 5.1348949368590855
6.267916198088278 5.241550343445196
6.475775475326924 5.828155079668798
6.695861768873726 5.472637057715099
6.9159480624205285 4.868256420393811
7.126864093736214 4.726049211612333
7.350007141360055 4.992687728077605
7.582320451215014 5.29487804673825
7.802406744761815 5.5259647610081535
8.010266022000463 5.099343134663716
8.224238807393188 4.068340870997989
8.435154838708872 2.859579596355415
8.661354640409753 1.8285773326896884
8.875327425802478 1.2597484975637716
9.09541371934928 0.9753340800008115
9.330783783281277 1.0997653876846076
9.547813322751042 1.5619388162244139
9.764842862220805 1.846353233787374
9.994099417998722 1.704146025005894
10.211128957468487 1.1708689920753468
10.422044988784172 1.1708689920753468
10.648244790485052 0.8686786734147027
10.868331084031853 0.4598329481679482
11.085360623501618 0.050987222921195396
