0.14498399188617572 -0.06193571390044639
0.3977928822260912 -0.06193571390044639
0.6643913484027295 0.33901596568324166
0.9263932893004598 -0.06193571390044639
1.2021848060349132 0.4726665255444704
1.4549936963748282 0.9538085410448947
1.7307852131092816 1.7022516762677782
2.0065767298437347 3.2258680586857906
2.268578670741465 5.150436120687489
2.5397736621970113 5.8721491439381275
2.7971790778158336 9.774745491886017
3.0453914428768414 10.97760053063708
3.3257794848902025 9.641094932024789
3.619957102740286 9.988586387663984
3.858976417243478 7.796717205939826
4.116381832862301 8.518430229190464
4.405962925433477 8.812461460885167
4.658771815773393 7.502685974245122
4.920773756671123 7.288845078467156
5.187372222847761 5.150436120687489
5.4493741637454916 4.214882201658886
5.725165680479945 2.9051067150188405
5.99636067193549 1.5151408924620569
6.249169562275406 0.4726665255444704
6.534154129567674 0.4192063015999796
6.819138696859942 0.044984733988536973
7.260405123635068 0.044984733988536973
7.77981248015162 -0.008475489955955595
