9.969  0.255271  1755
14.203  0.208232  413
-302.985  0.332175  4317
290.507  0.239712  1944
225.031  0.327198  978
59.953  0.348578  1793
-196.079  0.24856  1215
309.374  0.223333  900
64.923  0.354532  1368
193.969  0.344706  1993
363.406  0.234444  900
22.867  0.221116  502
239.398  0.263591  2428
61.203  0.348555  1073
191.893  0.341027  1733
-239.956  0.251787  9651
-129.61  0.230769  611
55.03  0.358341  1133
-40.056  0.230103  1847
-337.72  0.221212  660
138.907  0.251804  1247
-176.656  0.221118  805
76.078  0.364593  1045
88.376  0.406869  757
-1.281  0.261483  2765
-381.86  0.242545  503
66.985  0.348135  563
72.312  0.368239  869
69.33  0.359435  779
-8.292  0.185436  16383
-67.515  0.246269  1206
57.476  0.363929  1242
57.952  0.342229  637
-114.032  0.200297  674
12.061  0.200675  593
241.03  0.325766  881
92.015  0.233432  1011
-308.97  0.249164  598
14.703  0.181996  511
15.406  0.201507  531
71.219  0.361702  1222
65.359  0.355249  943
3.05  0.265604  16118
47.61  0.266065  4435
159.001  0.385378  807
102.008  0.231688  1925
62.015  0.343635  1359
272.752  0.3217  659
-129.376  0.227151  744
52.25  0.330418  3202
-157.827  0.257594  823
-153.516  0.221207  547
105.937  0.409165  611
-115.58  0.243028  1004
63.235  0.326277  1370
123.719  0.319693  1564
-279.063  0.251692  1625
14.998  0.245726  468
301.81  0.241725  997
-33.876  0.239409  3045
10.906  0.236652  2210
142.031  0.24911  562
338.811  0.378425  584
75.461  0.240845  3550
340.328  0.232432  1295
314.689  0.206612  363
-73.704  0.253061  735
11.532  0.235808  916
-74.815  0.241135  423
18.984  0.261905  420
-182.374  0.241061  867
64.423  0.348571  1575
-19.422  0.229839  496
-174.593  0.244444  585
83.47  0.398438  640
-106.359  0.229754  1136
-4.281  0.257098  634
14.188  0.215259  734
81.273  0.347826  1150
15.438  0.264574  669
-103.171  0.269521  397
138.482  0.22966  971
174.44  0.353722  1733
9.14  0.198242  1024
13.47  0.272727  649
66.584  0.403191  940
215.501  0.388571  525
74.109  0.36136  559
-1.422  0.234401  1779
-40.656  0.252845  791
-79.405  0.256824  806
160.242  0.164773  352
13.258  0.236559  651
51.328  0.315812  2302
71.813  0.379284  1313
13.406  0.195041  605
188.514  0.334198  1927
320.969  0.23109  1441
-321.937  0.237261  628
69.173  0.354866  1192
10.752  0.229665  1045
77.408  0.369384  601
16.688  0.296117  412
84.218  0.298003  651
-135.126  0.206452  620
-177.797  0.232489  671
63.749  0.340083  1926
-254.655  0.247601  521
62.797  0.360208  2307
67.079  0.319964  1097
-338.203  0.195616  593
227.547  0.245655  1726
15.938  0.205882  476
10.5  0.254021  2114
-38.86  0.25632  1424
15.219  0.213773  697
-184.525  0.228695  1854
-33.047  0.236739  1018
-259.969  0.223859  679
335.453  0.218415  467
112.501  0.346939  1127
72.718  0.353338  1333
47.703  0.34784  3056
-82.719  0.251265  4151
35.298  0.257971  6931
63.969  0.357371  2191
268.188  0.227679  1120
-106.383  0.258089  1329
11.875  0.197712  612
18.205  0.287149  498
21.844  0.256324  593
76.812  0.357714  875
-214.998  0.252465  507
-24.47  0.227886  1334
-54.671  0.239482  1854
77.343  0.375215  581
75.579  0.368715  895
16.565  0.244782  527
-42.328  0.380696  2414
-171.14  0.233924  1073
-214.624  0.27649  604
12.656  0.201597  501
60.126  0.391727  822
-59.828  0.248702  1733
52.376  0.315878  1776
-357.22  0.261128  337
-227.796  0.246186  1901
54.406  0.340155  2834
-183.28  0.331386  3253
48.82  0.324481  3803
324.124  0.20462  606
-129.548  0.272285  617
172.282  0.306288  493
62.736  0.394988  838
174.61  0.352751  1236
-136.484  0.231826  1747
53.686  0.348428  3180
54.226  0.337525  2465
58.842  0.341262  967
100.548  0.241475  1437
-28.89  0.181818  396
-25.998  0.234657  1939
9.844  0.238908  879
-316.032  0.278246  593
5.618  0.243117  1925
8.984  0.254866  2158
10.142  0.251354  1846
170.576  0.257911  2307
-113.89  0.248428  1272
8.766  0  16383
-184.216  0.212766  376
98.9  0.199653  576
-156.28  0.23379  1095
11.86  0.25  1288
33.75  0.244805  1540
76.936  0.364583  768
14.19  0.255495  364
-348.952  0.359862  1445
16.404  0.207877  457
262.084  0.378705  911
10.75  0.23786  2636
16.782  0.194521  365
-62.912  0.237657  2066
160.642  0.236981  1325
-306.906  0.221429  560
50.08  0.338353  1992
-245.814  0.242938  531
123.218  0.338977  2599
-282.578  0.232258  1550
61.052  0.365485  1918
-88.406  0.244253  696
365.624  0.181269  331
59.264  0.34869  1107
54.108  0.364944  1529
-100.668  0.249806  1289
7.984  0.248154  1354
73.062  0.320132  909
325.992  0.237595  3426
17.156  0.280591  474
-2.78  0.241983  6174
-239.172  0.269727  697
101.494  0.214286  546
-11.154  0.25653  3216
-338.97  0.229907  535
-302.046  0.244037  545
10.8  0.239593  1081
16.468  0.289272  522
147.844  0.204176  431
-40.6  0  16383
140.36  0.249415  5132
-333.204  0.244131  426
16.344  0.212185  476
-40.844  0.200924  433
177.97  0.223077  390
66.532  0.305168  1432
53.048  0.250379  3295
13.408  0.267699  452
9.344  0.228145  1407
11.14  0.258178  1987
58.236  0.249548  1659
54.72  0.33978  1913
-3.14  0.246867  798
-222.952  0.247414  1160
-283.874  0.219697  792
44.658  0.203562  393
-1.832  0.255123  976
66.282  0.372849  523
228.28  0.228  1000
68.408  0.346502  1215
17.204  0.200401  499
6.806  0.243864  3137
57.424  0.37092  1011
-156.17  0.23945  2038
77.234  0.339599  798
8.968  0.245098  1122
3.252  0.202756  508
77.36  0.38574  1094
74.688  0.350129  774
15.248  0.3344  625
78.124  0.233205  1042
4.552  0.243219  6747
211.14  0.218905  402
90.436  0.318008  522
-58.03  0.239161  715
-283.072  0.245009  3857
71.984  0.334615  1300
-156.438  0.251236  1011
15.078  0.229084  502
132.922  0.235457  722
-277.532  0.22449  637
64.452  0.348148  1215
59.016  0.356869  2351
11.5  0.231068  1030
-368.016  0.235577  1664
10.248  0.203753  746
-1.828  0.239272  3076
54.828  0.333798  3583
74.984  0.247538  1523
66.29  0.370651  1581
71.188  0.307223  983
-178.844  0.246606  442
70.608  0.337634  465
9.572  0.237667  2777
54.906  0.33882  3220
8.656  0.248403  1409
110.546  0.270737  1507
289.704  0.24288  1264
-298.072  0.231922  1134
93.952  0.249785  1165
-222.25  0.246809  470
-246.392  0.258458  3281
-33.642  0.356061  2508
7.842  0.257709  908
389.86  0.374564  1148
211.188  0.218045  399
14.172  0.265142  1618
176.282  0.21599  838
60.376  0.361532  1123
-2.986  0.259713  2368
-343.758  0.239051  1644
-203.44  0.204276  421
79.562  0.388715  957
62.562  0.351511  1522
53.436  0.360087  922
53.61  0.351812  2814
140.172  0.350703  1209
-74.5  0.232712  1663
-19.696  0.235247  1237
12.688  0.26087  621
-6.452  0.25  672
18.304  0.245022  2461
66.092  0.351944  2006
-293.624  0.243792  886
65.032  0.340287  2157
7.04  0.259714  3912
69.812  0.38156  705
-213.968  0.222222  432
-267.468  0.194379  427
18.688  0.253837  2411
15.952  0.262231  511
55.28  0.358684  973
221.888  0.364431  686
62.844  0.317986  695
54.528  0.367079  1294
66.124  0.372709  1473
10.968  0.236264  728
-1.832  0  16383
-47.312  0.196517  402
11.436  0.228516  512
54.932  0.335529  2429
-146.112  0.215909  704
54.288  0.340313  3200
98.496  0.259009  444
-0.612  0.235811  2731
-42.016  0.217757  1070
65.984  0.338865  1145
-13.984  0.253692  1151
64.236  0.338735  1296
-27.044  0.159236  314
58.472  0.34889  1757
-121.112  0.248468  1795
-393.244  0.244766  5111
90.872  0.198582  423
-166  0.207865  356
47.688  0.255794  1165
-290.564  0.244328  573
14.288  0.24361  3091
-2.264  0.20564  851
60.7  0.387033  1018
10.032  0.234004  1094
57.768  0.330868  2974
55.108  0.359671  2430
265.944  0.23903  2598
13.056  0.245219  3556
9.74  0  16383
53.668  0.380901  1864
-61.764  0.232836  670
46  0.253268  612
6.008  0.257013  6595
16.56  0.235294  391
-246.44  0.187817  394
9.924  0.233223  1818
339.6  0.247118  2169
-202.156  0.247046  931
79.004  0.375  1024
96.86  0.245195  3850
49.248  0.197574  577
-5.312  0.243615  1018
10.484  0.258937  2182
71.296  0.331028  1012
-1.648  0.243495  2575
54.312  0.333884  3633
-354.988  0.261867  1875
-265.956  0.258589  3813
-0.096  0.260811  2243
191.732  0.211513  747
57.96  0.302039  2354
52.268  0.313697  2716
54.568  0.370386  2330
17.032  0.256477  386
-189.548  0.264736  967
15.784  0.244332  397
-214.996  0.202206  544
71.672  0.37788  651
-197.872  0.25542  1891
-20.808  0.244533  2012
353.268  0.236342  1684
8.984  0.234349  1805
81.344  0.372642  848
-68.704  0.274576  590
-127.74  0.240336  1785
14.688  0.0238095  252
-9.784  0.238359  902
307.84  0.30695  518
53.9  0.334677  2480
-36.752  0.233261  463
66.424  0.348129  1149
62.564  0.401923  1040
68.644  0.348928  1026
16.592  0.196035  454
-335.28  0.256279  1752
-47.2  0.253654  1163
85.58  0.253705  1147
-138.968  0.278481  632
17.408  0.210024  419
58.792  0.33309  1369
-249.78  0.231858  565
253.608  0.246517  1866
384.236  0.380826  751
11.388  0.258555  2104
-250.58  0.247642  3816
75.888  0.363717  1130
10.212  0  16383
-60.084  0.232921  1859
8.844  0.2407  1371
-337.404  0.292941  850
14.984  0.273305  472
13.608  0.257062  708
86.532  0.36  600
8.672  0.259866  1343
8.576  0.244568  4510
18.64  0.252381  630
64.012  0.339535  1075
-299.08  0.238845  381
160.828  0.269443  1633
56.648  0.331594  2108
220.004  0.242857  700
71.42  0.356908  608
13.08  0.229358  545
-140.784  0.22549  918
64.092  0.338513  901
78.952  0.404715  1018
62.076  0.361033  1781
-284.204  0.183936  1245
61.208  0.331235  2065
57.372  0.375143  877
52.728  0.310624  2598
72.128  0.328253  853
11.08  0.214029  1112
-164.956  0.239583  672
56.516  0.345845  2744
105.76  0.251405  1957
9.972  0.261569  497
-4.548  0.236607  1344
83  0.236552  1450
61.596  0.33541  1926
129.936  0.368182  660
8.704  0.259659  2407
-154.84  0.26971  1446
-297.304  0.241262  3519
-8.94  0.283401  494
125.2  0.249458  922
14.248  0.228896  616
-309.848  0.250951  789
-146.096  0.204198  524
52.312  0.257669  652
171.248  0.213235  544
-255.796  0.273408  534
8.264  0.230838  1122
-130.016  0.219136  2268
72.844  0.356621  1231
341.512  0.366197  568
12.156  0.254737  950
368.672  0.245492  721
100.452  0.235463  1393
289.784  0.245585  1812
-94.536  0.251375  7634
14.392  0.232704  477
81.172  0.366388  958
214.44  0.247496  699
346.604  0.375  832
61.324  0.365186  3286
248.324  0.325131  1910
13.84  0.236842  684
61.172  0.34463  2272
80.592  0.368827  648
-48.912  0.235198  1841
54.544  0.335038  1564
155.564  0.347405  1445
14.532  0.270408  588
38.784  0.194103  407
7.296  0.233538  1306
-75.952  0.220275  1598
-4.436  0.249581  3578
257.296  0.211034  725
-322.58  0.231454  337
295.72  0.360372  752
214.436  0.274769  757
-126.78  0.194444  396
-238.252  0.24256  672
2.236  0.254806  14929
-170.672  0.241238  1712
371.704  0.2528  1250
203.44  0.286528  527
258.58  0.235294  578
-252.752  0.195279  466
-63.236  0.32602  1960
70.304  0.388805  661
309.344  0.240654  428
337.376  0.302768  578
8.064  0.229467  1181
60.904  0.256522  690
325.22  0.23913  644
237.172  0.372512  1055
49.328  0.366984  2308
349.428  0.214742  1723
74.936  0.344108  959
7.572  0.250909  2475
72.688  0.337735  1439
-27.616  0.200199  1004
19.412  0.277108  498
28.752  0.237288  1829
-263.828  0.241126  817
-216.956  0.246927  1790
12.376  0.191761  704
18.404  0.191781  365
396.764  0.22108  389
-231.188  0.257282  412
61.104  0.417526  582
20.36  0.221106  597
-241.936  0.336879  564
63.248  0.387337  537
-315.784  0.250531  5181
-64.796  0.263158  931
8.132  0.253053  2948
9.104  0.256019  5773
48.532  0.216401  1317
-329.408  0.267158  15328
-287.744  0.228916  498
170.656  0.229365  1260
-118.688  0.254793  3234
-125.124  0.216842  475
-149.156  0.221906  703
-246.156  0.214876  726
69.172  0.360923  737
10.284  0.256184  566
-367.46  0.253886  1737
57.936  0.356766  3030
9.452  0.26212  11510
23.78  0.236264  546
57.612  0.34127  1260
0.24  0.239719  1994
-232.468  0.266187  695
-273.58  0.254054  1110
249.624  0.246057  634
-21.648  0.253388  738
-354.268  0.220421  617
-224.088  0.257017  14108
265.952  0.230608  954
2.548  0.277268  2723
-247.532  0.229917  361
-1.092  0.224832  596
40.28  0.276596  423
90.284  0.330986  568
12.108  0.193478  460
-4.032  0.221658  1773
-331.032  0.172638  307
294.016  0.212766  423
363.232  0.245509  2004
380.128  0.255403  1018
-81.744  0.236175  868
-9.968  0.25  1484
29.876  0.22367  921
158.608  0.203166  758
-131.708  0.216566  16383
-1.62  0.251813  3999
62.032  0.326586  2569
62.044  0.329535  1053
54.304  0.32336  1738
74.408  0.365706  659
238.996  0.239812  638
12.264  0.2678  941
67.128  0.41697  825
9.048  0.198686  1218
175.908  0.378788  858
-152.248  0.344209  613
-7.736  0.243174  1172
35.532  0.245009  551
-98.748  0.255941  547
6.044  0.228877  935
67.172  0.382006  1356
4.788  0.224809  2620
8.952  0.286816  1297
15.124  0.215078  451
257.216  0.208145  442
50.864  0.332329  2654
33.296  0.2469  887
8.356  0.252294  872
71.236  0.356489  1310
295.704  0.19213  432
2.564  0.183246  382
-376.56  0.223048  1076
57.152  0.342705  2632
72.232  0.387574  676
11.016  0.218182  825
14.22  0.248148  540
-77.144  0.251613  1860
73.508  0.383316  947
-235.528  0.225627  359
108.096  0.239471  831
-343.792  0.242647  816
223.68  0.346587  1333
-297.384  0.243802  726
2.368  0.0770921  16383
350.256  0.202652  528
62.216  0.332586  2676
74.264  0.375333  1127
-0.752  0.234865  1371
311.064  0.320084  478
-263.208  0.234111  1243
329.344  0.258772  684
233.536  0.101124  356
-239.56  0.211302  407
-198.696  0.221612  1092
-196.816  0.282353  595
220.816  0.344782  1514
59.24  0.327869  488
107.864  0.263314  2028
190.592  0.360839  715
-250.688  0.224018  433
-0.104  0.247265  1371
-262.544  0.153846  286
51.848  0.219725  801
-68.624  0.252232  448
66.872  0.360862  1114
16.76  0.205063  395
75.72  0.377859  1093
3.384  0.250121  4142
-286.664  0.206522  368
6.176  0.245611  5981
64.896  0.372549  969
10.944  0.316092  522
55.544  0.335445  3157
-381.904  0.23475  1082
65.952  0.328109  1978
68.72  0.33282  649
14.912  0.238612  461
-4.048  0.195517  803
-202.52  0.249833  1497
-161.824  0.247104  518
145.28  0.338214  2049
226.904  0.388889  918
-226.96  0.267708  960
-200.416  0.255342  1825
1.064  0.247748  444
67.936  0.354409  1803
70.408  0.288566  551
139.608  0.379808  624
-3.832  0.23708  1548
129.904  0.246316  475
10.392  0.233054  1549
151.64  0.240561  1854
-283.856  0.257748  1323
69.456  0.335371  1145
84.936  0.365747  689
260.896  0.188825  519
12.544  0.228211  872
16  0.199501  401
55.176  0.356707  1312
-2.096  0.254922  7669
-243.448  0.238584  876
316.528  0.31015  532
68.144  0.378238  965
-191.976  0.247904  3340
-7.784  0.269155  509
99.872  0.276127  2086
-2.24  0.0191052  16383
132.264  0.227884  1413
134.688  0.23402  923
-126.752  0.261333  375
65.872  0.340509  511
267.936  0.25  1940
67.008  0.346761  1266
153.496  0.244204  647
-217.448  0.253676  544
391.248  0.275395  443
77.968  0.373792  931
208.608  0.360671  2085
69.36  0.36032  1124
76.424  0.319444  504
16.592  0.205479  365
110.064  0.19685  381
80.848  0.218059  1628
251.84  0.251559  1924
-25.28  0.248322  596
-202.208  0.249034  2329
11.576  0.263362  2320
-173.064  0.243967  2279
-186.2  0.218589  581
-330.096  0.12528  447
57.544  0.388722  1330
-379.968  0.236821  1233
-276.784  0.169892  465
78.872  0.365155  838
-130.16  0.218424  1053
55.704  0.328336  2001
11.64  0.254088  795
266.344  0.184697  379
379.688  0.263209  1022
-167.408  0.187302  315
2  0.198433  383
162.824  0.347386  593
-270.52  0.266977  2150
-266.44  0.257541  862
4.56  0  16383
68.832  0.239852  1084
59.88  0.364505  1465
-66.184  0.285377  424
14.32  0.203742  481
-384.136  0.25203  16383
-180.088  0.232993  588
-176.104  0.265491  1872
75.72  0.366962  902
21.528  0.287293  362
-82.752  0.208989  445
118.128  0.239753  1293
-301.096  0.254765  2151
13.496  0.272727  440
9.752  0.239193  694
-125.512  0.218703  663
-329.928  0.22679  754
-196.688  0.230608  477
69.432  0.325301  1162
17.28  0.197044  406
61.832  0.341591  1534
6.992  0.229942  3440
138.608  0.355286  1731
11.144  0.219272  1017
-137.408  0.190058  342
11.688  0.226937  542
269.128  0.260955  1529
-38.496  0.250746  670
-148.568  0.246899  3467
93.6  0.363787  602
184.248  0.220228  613
84.432  0.235632  348
14.96  0.244147  598
-3.016  0.161326  16383
-106  0.137072  321
266.256  0.224111  1294
281.312  0.27234  705
17.184  0.216891  521
-327.08  0.261438  918
-179.92  0.256947  3203
17.28  0.17942  379
-13.384  0.243625  2196
70.84  0.380282  710
56.608  0.371278  2284
-288.272  0.244087  2241
61.328  0.355008  1907
92.56  0.351536  1465
-66.264  0.248396  4207
310.376  0.254386  684
78.472  0.250505  990
-354.328  0.232906  936
54.576  0.362783  1811
-124.232  0.245614  570
0.968  0.261151  13766
-32.696  0.269311  479
108.248  0.268097  746
59.496  0.361446  913
372.36  0.222222  936
140.56  0.268852  1830
120.984  0.259398  532
0.968  0.280925  865
-282.128  0.247706  654
-86.504  0.259669  1267
147.312  0.343337  833
67.256  0.348226  761
-208.344  0.20944  339
-226.728  0.247423  388
236.144  0.238944  1515
55.656  0.36985  2136
52.232  0.372208  1209
-7.496  0.240018  2204
56.544  0.301556  514
72.592  0.344681  705
-340.984  0.16285  393
63.072  0.377148  1164
228.88  0.24846  1948
299.464  0.25974  385
157.472  0.23423  2045
59.328  0.321339  1195
75.16  0.376978  695
12.248  0.24336  1619
91.752  0.302905  482
14.552  0.241294  402
79.2  0.34881  840
-199.04  0.26796  3814
313.056  0.295224  691
-155.672  0.250948  1319
70.528  0.364355  1139
275.848  0.227119  590
13.624  0.214366  891
-2.16  0.199115  452
10.344  0.207585  501
69.4  0.357396  845
-7.648  0.23327  1046
13.592  0.253638  962
-269.648  0.227484  1077
-182.064  0.211364  440
56.496  0.355287  2232
-245.032  0.246117  1674
143.536  0.251613  465
-324.232  0.403279  610
-196.472  0.228091  833
8.888  0.221071  2800
53.016  0.359306  2939
10.808  0.258812  993
60.648  0.330649  2111
-344.752  0.214408  583
303.656  0.221416  551
71.752  0.371917  1054
52.648  0.326087  2530
184.184  0.256997  393
296.912  0.263374  729
-273.936  0.228571  455
-4.456  0.229271  1592
61.592  0.389594  788
-78.2  0.233721  860
-3.92  0.219346  1468
1.328  0.269113  654
234.016  0.216092  870
53.52  0.353967  3554
-289.392  0.230114  704
318.608  0.245045  1110
79.456  0.360223  719
298.496  0.375622  804
-144.328  0.222134  1265
318.528  0.175853  381
80.48  0.341699  1036
61.056  0.285266  638
57.512  0.384814  1159
39.36  0.231731  1040
35.136  0.223368  1164
-27.248  0.292335  561
-64.72  0.234624  439
-105.888  0.235187  1097
70.76  0.36664  1271
266.632  0.245605  3925
59.528  0.35407  1720
-312.672  0.234272  1208
-184.992  0.250648  1157
69.008  0.34349  1083
-360.368  0.221683  618
-265.096  0.24537  432
69.784  0.366071  896
15.896  0.217262  672
-333.56  0.261719  512
-126.496  0.250177  1415
7.944  0.25088  3695
56.272  0.373439  1521
66.128  0.384508  1433
145.568  0.334416  924
56.536  0.362622  2777
51.216  0.368794  846
67.6  0.327891  735
10.624  0.302239  1340
12.872  0.284965  572
-73.656  0.275968  1627
68.32  0.251142  2190
-269.088  0.248902  683
49.096  0.339166  2972
-276.496  0.231943  2229
-293.368  0.229665  627
58.968  0.336823  2197
-191.84  0.248473  491
-331.624  0.320099  403
-230.6  0.256442  3182
16.784  0.151703  323
-290.04  0.250404  6813
72.984  0.360862  557
-1.24  0.249151  883
-362.92  0.260771  441
-1.904  0.259219  3661
-378.072  0.248844  1081
-144.504  0.20227  969
200.176  0.31405  484
75.432  0.338123  1183
16.968  0.327456  397
16.704  0.260771  441
69.496  0.344474  1855
-150.016  0.26601  1218
-99.992  0.218182  715
56.456  0.364762  2100
120.448  0.258935  4001
362.776  0.240555  2091
55.328  0.359853  1634
66.208  0.318087  962
62.408  0.391747  1769
-8.344  0.252336  535
63.472  0.371945  941
11.456  0.229437  2079
74.36  0.369467  1107
271.656  0.255751  1478
-88.032  0.231231  666
57.8  0.338859  2594
55.352  0.339832  3334
14.624  0.246704  531
29.8  0.226882  1979
8.992  0.223529  935
12.392  0.251812  552
55.704  0.333049  2342
64.576  0.325282  1863
68.672  0.336629  1922
-281.064  0.269841  630
140.2  0.237995  3811
60.856  0.348078  2419
88.864  0.323099  684
157.432  0.321644  827
70.976  0.3535  1157
-179.208  0.249691  4049
110.624  0.273077  520
208.408  0.235067  519
9.312  0.245779  2132
12.296  0.255814  903
55.752  0.381747  1019
75.304  0.293478  460
66.688  0.374178  1216
2.408  0.250432  579
14.608  0.322993  548
4.888  0  16383
321.264  0.378022  1365
63.352  0.366188  1603
-282.872  0.231092  714
131.928  0.363636  1111
161.808  0.252747  1183
11.056  0.257576  1782
197.64  0.21116  914
7.168  0.244608  4219
-235.088  0.250358  699
78.792  0.374803  635
12.136  0.250292  855
90.424  0.223577  738
59.488  0.33157  2268
60.536  0.35284  1743
12.84  0.210728  522
-334.952  0.222132  1238
177.496  0.248411  1888
-204.92  0.333594  2557
66.848  0.394246  1286
264.688  0.208817  862
53.072  0.331269  3553
-59.856  0.232573  1535
58.952  0.389737  1637
84.784  0.345389  553
-5.048  0.243295  4661
14.128  0.199566  461
32.984  0.246236  1129
-247.392  0.187364  918
-385.424  0.240317  2143
68.184  0.381803  1231
-194.096  0.240316  1394
83.64  0.396104  770
17.752  0.228235  425
9.016  0.269608  816
67.576  0.310345  1073
-100.352  0.233886  543
-25.528  0.245501  3112
49.4  0.331431  4031
13.736  0.219346  734
6.856  0.227273  682
-59.608  0.297753  534
5.432  0.250146  6852
0.648  0.257353  5576
64.976  0.391856  1498
-133.152  0.200253  1578
30.152  0.246939  490
298.352  0.255339  3137
-68.768  0.252632  475
52.328  0.33244  3357
162.44  0.374819  691
54.944  0.350506  2174
79.456  0.351706  1143
-171.216  0.221902  347
12.336  0.212844  545
59.656  0.347739  2499
67.44  0.388953  869
15.448  0.222513  382
-117.72  0.229665  418
75.464  0.182278  395
-179.184  0.238095  672
81.672  0.341317  835
70.76  0.310714  560
-255.056  0.293963  381
-156.624  0.249383  405
-112.648  0.220068  2063
-96.128  0.238462  520
295.8  0.230175  1942
-131.248  0.169811  371
56.904  0.335327  2842
-144.064  0.219178  438
15.344  0.236162  542
58.472  0.317862  3124
69.984  0.346645  626
55.016  0.34768  1789
16.544  0.236402  478
332.512  0.368479  901
321.872  0.203704  378
-247.472  0.222045  626
238.248  0.258189  1557
-352  0.27845  413
74.112  0.336299  562
325.24  0.235075  536
-217.752  0.255144  486
91.984  0.24622  463
318.032  0.259696  593
-288.84  0.224322  2064
10.656  0.235903  869
80.512  0.415365  768
87.888  0.324534  644
62.176  0.359796  1965
-204.856  0.201422  422
-35.328  0.277228  606
66.592  0.370583  1217
7.128  0.24625  2400
-275.832  0.235765  2125
20.232  0.247824  1723
-164.88  0.20439  729
392.104  0.256062  2433
17.904  0.24  375
-5.992  0.248471  3107
-220.096  0.336508  630
-305.264  0.232099  405
-2.192  0.251885  663
63.232  0.378827  1568
-89.56  0.321984  1028
11.968  0.213592  721
83.096  0.311943  561
347.752  0.228043  2596
9.72  0.190981  377
176.216  0.246377  690
-124.848  0.165505  574
10.72  0.243725  2749
11.592  0.238338  1179
53.888  0.367493  2098
73.888  0.367906  1533
109.608  0.248201  1112
15.952  0.106017  349
-90.248  0.190255  431
-3.752  0.242641  2514
157.736  0.197368  380
27.392  0.24975  1001
9.088  0.250903  4432
12.688  0.255507  908
50.52  0.343053  4081
15.352  0.247727  440
-185.28  0.24212  698
-89.56  0.243534  464
-343.456  0.254491  6680
-9.36  0  16383
331.432  0.360778  1749
101.192  0.238587  1161
-206.304  0.227586  870
22.672  0.209979  481
-120.984  0  16383
255.096  0.2125  720
-71.576  0.234194  1123
-148.128  0.233177  1278
64.736  0.366723  1178
171.432  0.330435  690
19.408  0.195431  394
167.52  0.286863  373
70.728  0.355325  1061
73.52  0.25  2188
-326.288  0.252169  1729
7.448  0.241529  4368
191.816  0.202091  574
10.528  0.240602  532
4.216  0.256421  2414
67.048  0.33004  506
7.08  0.234914  928
16.856  0.206549  397
-1.008  0.242675  3140
-90.032  0.208232  413
-31.872  0.229073  1995
9.8  0.246454  1128
97.696  0.227057  1264
-17.752  0.254505  444
-11.568  0.247651  1809
17.56  0.295039  383
62.032  0.354279  1671
79.72  0.365759  514
13.824  0.198185  661
-147.88  0.297235  434
-349.08  0.132088  16383
34.76  0.223684  532
75.296  0.418079  531
304.496  0.184322  472
-58.848  0.235849  636
333.536  0.277559  508
-284.456  0.243197  588
61.032  0.369115  1062
-264.888  0.244472  814
15.168  0.257627  590
-296.136  0.253254  9295
13.552  0.272908  502
-164.8  0.241504  1383
-324.424  0.23913  1518
-170.376  0.206799  353
55.392  0.311438  883
-241.928  0.221823  1393
-312.064  0.266968  884
14.12  0.284768  604
-384.96  0.235628  1235
-226.784  0.243736  439
-293.312  0.172775  382
-395.488  0.257727  2200
82.128  0.359234  888
-1.408  0.217105  456
6.68  0.244687  14447
57.968  0.332889  1502
53.64  0.348911  2204
90.536  0.38403  526
231.064  0.224543  383
-62.28  0.209635  768
-49.872  0.214082  1051
-4.36  0.243394  1968
297.704  0.214485  1077
114.352  0.345534  2732
-19.328  0.265366  1025
10.832  0.261393  1163
-196.904  0.251052  1426
-0.264  0.235339  1313
11.776  0.23186  2398
191.096  0.207407  405
347.064  0.227273  946
11.968  0.232477  856
220.76  0.24943  3949
-280.8  0.207792  693
67.256  0.399676  618
-251.544  0.16804  16383
-145.48  0.241484  1644
24.616  0.233846  975
-171.92  0.203336  1259
217.192  0.202216  361
-227.512  0.239328  1429
161.824  0.250205  2438
-6  0.232238  943
