9.000000000000000222e-01 2.996637745331449595e-02
1.000000000000000000e+00 2.996637745331449595e-02
1.100000000000000089e+00 2.996637745331449595e-02
1.199999999999999956e+00 2.996637745331449595e-02
1.299999999999999822e+00 8.921584146540872950e-01
1.399999999999999911e+00 1.638144877367046393e+00
1.500000000000000000e+00 2.156060414357598098e+00
1.599999999999999867e+00 2.143541900781174014e+00
1.699999999999999734e+00 2.112292801694814148e+00
1.799999999999999822e+00 2.038354803223203060e+00
1.899999999999999911e+00 1.817056991062338867e+00
1.999999999999999556e+00 1.562453543041546267e+00
2.099999999999999645e+00 1.584714806357741201e+00
2.199999999999999734e+00 1.569191371659368395e+00
2.299999999999999822e+00 1.522756790796571780e+00
2.399999999999999467e+00 1.544903581265056447e+00
2.499999999999999556e+00 1.624807582764589364e+00
2.599999999999999645e+00 1.665016336560451782e+00
2.699999999999999734e+00 1.942477019576528408e+00
2.799999999999999378e+00 2.268712411606349733e+00
2.899999999999999467e+00 2.477491190310986635e+00
2.999999999999999556e+00 2.849126589402350973e+00
3.099999999999999201e+00 3.243837174510126431e+00
3.199999999999999289e+00 3.669276944607015256e+00
3.299999999999999378e+00 4.151733690529393783e+00
3.399999999999999467e+00 4.347634804175320333e+00
3.499999999999999556e+00 4.289899604402027222e+00
3.599999999999999201e+00 4.177905554884817185e+00
3.699999999999999289e+00 4.118663478083560037e+00
3.799999999999999378e+00 3.684010473347853143e+00
3.899999999999999023e+00 3.406151600556628356e+00
3.999999999999999112e+00 3.242256773556843275e+00
4.099999999999999645e+00 3.584290450072151746e+00
4.199999999999999289e+00 3.781895738095412796e+00
4.299999999999999822e+00 3.805720342145928914e+00
4.399999999999999467e+00 3.718937645573231698e+00
4.499999999999999112e+00 3.696873502847912718e+00
4.599999999999999645e+00 3.705108185132094611e+00
4.699999999999999289e+00 3.777056054878030977e+00
4.799999999999998934e+00 3.833981953574399082e+00
4.899999999999999467e+00 3.894628940531082772e+00
4.999999999999999112e+00 4.103976871994077236e+00
5.099999999999999645e+00 4.188194428716015771e+00
5.199999999999999289e+00 4.226900348606135616e+00
5.299999999999998934e+00 4.257942076929975173e+00
5.399999999999999467e+00 4.092195572053279662e+00
5.499999999999999112e+00 3.857729691548265727e+00
5.599999999999999645e+00 3.422795249780658189e+00
5.699999999999999289e+00 3.174422542551239346e+00
5.799999999999998934e+00 3.232821314493479203e+00
5.899999999999999467e+00 2.955079908731665483e+00
5.999999999999999112e+00 2.672704439164463874e+00
6.099999999999999645e+00 2.465163380093398082e+00
6.199999999999999289e+00 2.492790449716106860e+00
6.299999999999998934e+00 2.717250878718134199e+00
6.399999999999999467e+00 2.466535325589739536e+00
6.499999999999999112e+00 2.410327869033882742e+00
6.599999999999998757e+00 2.343808930409203573e+00
6.699999999999999289e+00 2.254038593920137945e+00
6.799999999999998934e+00 2.132261538547419732e+00
6.899999999999998579e+00 1.972226115323895357e+00
6.999999999999999112e+00 1.858796205942720769e+00
7.099999999999998757e+00 1.772336660118344343e+00
7.199999999999999289e+00 1.771465192900727459e+00
7.299999999999998934e+00 1.686175022816160940e+00
7.399999999999998579e+00 1.787858966429621832e+00
7.499999999999999112e+00 1.960757942042264057e+00
7.599999999999998757e+00 2.100022037984395240e+00
7.699999999999999289e+00 1.835125078569025625e+00
7.799999999999998934e+00 1.888637905396729044e+00
7.899999999999998579e+00 1.741892076344829787e+00
7.999999999999999112e+00 1.767551937123886363e+00
8.099999999999997868e+00 1.746858865004624617e+00
8.199999999999997513e+00 1.644667694308625139e+00
8.299999999999998934e+00 1.551466129639965441e+00
8.399999999999998579e+00 1.317214041303058858e+00
8.499999999999998224e+00 1.115322588530038406e+00
8.599999999999997868e+00 9.261528605170655792e-01
8.699999999999997513e+00 8.064131492302970550e-01
8.799999999999998934e+00 7.314439679626905111e-01
8.899999999999998579e+00 7.290984124660203625e-01
8.999999999999998224e+00 6.659862649284971070e-01
9.099999999999997868e+00 5.985239660806789264e-01
9.199999999999999289e+00 5.985239660806789264e-01
9.299999999999998934e+00 5.550329809386194135e-01
9.399999999999998579e+00 5.851363101092663666e-01
9.499999999999998224e+00 5.227170490818461301e-01
9.599999999999997868e+00 8.199662033422292495e-01
9.699999999999997513e+00 7.391278632923899972e-01
9.799999999999998934e+00 7.903336712170409006e-01
9.899999999999998579e+00 7.680639847160191103e-01
9.999999999999998224e+00 6.108059440699489251e-01
1.009999999999999787e+01 5.789246561136242031e-01
1.019999999999999751e+01 3.847324242970782127e-01
1.029999999999999893e+01 2.371787741366027658e-01
1.039999999999999858e+01 1.465760894011109150e-01
1.049999999999999822e+01 1.484908093207135127e-01
1.059999999999999787e+01 9.115454939619231645e-02
1.069999999999999751e+01 6.573481741496400854e-02
1.079999999999999893e+01 6.234358200212566231e-02
1.089999999999999858e+01 5.952197509782956863e-02
1.099999999999999822e+01 5.673331179096987448e-02
1.109999999999999787e+01 5.548677412968325284e-02
1.119999999999999751e+01 5.289894052398176616e-02
1.129999999999999893e+01 5.258497746695336983e-02
1.139999999999999858e+01 5.254759787565742996e-02
1.149999999999999822e+01 5.356183856054812925e-02
1.159999999999999787e+01 5.221386472029723724e-02
1.169999999999999751e+01 5.031710894721458383e-02
1.179999999999999716e+01 5.054810175053819910e-02
1.189999999999999858e+01 5.152212710209538166e-02
1.199999999999999822e+01 4.811145015288736948e-02
