1.464276925776759945e-05
1.579972324634184135e-04
4.300633896169523676e-04
8.308412407183695227e-04
1.360330785767669987e-03
2.018532024764853761e-03
2.805444957709920303e-03
3.721069584602870045e-03
4.765405905443703856e-03
5.938453920232419567e-03
7.240213628969019780e-03
8.670685031653501892e-03
1.018185604078419328e-02
1.169153979886843574e-02
1.319973630590622928e-02
1.470644556189757389e-02
1.621166756684247132e-02
1.771540232074092155e-02
1.921764982359292287e-02
2.071841007539847526e-02
2.221768307615758220e-02
2.371546882587024022e-02
2.521176732453644931e-02
2.670657857215620948e-02
2.819990256872952072e-02
2.969173931425638652e-02
3.118208880873679992e-02
3.267095105217077133e-02
3.415832604455829036e-02
3.564421378589936046e-02
3.712861427619398164e-02
3.861152751544215389e-02
4.009295350364387722e-02
4.156767426660877562e-02
4.303542820612179381e-02
4.449621532218292486e-02
4.595003561479217569e-02
4.739688908394953937e-02
4.883677572965502284e-02
5.026969555190863304e-02
5.169564855071035608e-02
5.311463472606019892e-02
5.452665407795815461e-02
5.593170660640423009e-02
5.732979231139841841e-02
5.872091119294072653e-02
6.010506325103116138e-02
6.148224848566970213e-02
6.285246689685637655e-02
6.421571848459114995e-02
6.557200324887405007e-02
6.692132118970506305e-02
6.826367230708420275e-02
6.959905660101144143e-02
7.092711045535851633e-02
7.224663512877088634e-02
7.355763062124855145e-02
7.486009693279151167e-02
7.615403406339978087e-02
7.743944201307334518e-02
7.871632078181221848e-02
7.998467036961638688e-02
8.124449077648585038e-02
8.249578200242062287e-02
8.373854404742069046e-02
8.497277691148603929e-02
8.619848059461671097e-02
8.741565509681267776e-02
8.862430041807393966e-02
8.982441655840051054e-02
9.101600351779237652e-02
9.219906129624953761e-02
9.337358989377199381e-02
9.453958931035975899e-02
9.569705954601281928e-02
9.684600060073118855e-02
9.798641247451485292e-02
9.911892146629711076e-02
1.002465157546917340e-01
1.013691953396987366e-01
1.024869602213180908e-01
1.035998103995498104e-01
1.047077458743938955e-01
1.058107666458503460e-01
1.069088727139191619e-01
1.080020640786003294e-01
1.090903407398938901e-01
1.101737026977997885e-01
1.112521499523180524e-01
1.123256825034486955e-01
1.133943003511917041e-01
1.144580034955470643e-01
1.155167919365147899e-01
1.165706656740948949e-01
1.176196247082873653e-01
1.186636690390921872e-01
1.197027986665093746e-01
1.207370135905389275e-01
1.217663138111808596e-01
1.227906993284351295e-01
1.238100948611524227e-01
1.248235474069170764e-01
1.258310569657290767e-01
1.268326235375884514e-01
1.278282471224951589e-01
1.288179277204492545e-01
1.298016653314506552e-01
1.307794599554994441e-01
1.317513115925955935e-01
1.327172202427390757e-01
1.336771859059299461e-01
1.346312085821681492e-01
1.355792882714537406e-01
1.365214249737866647e-01
1.374576186891669494e-01
1.383878694175945945e-01
1.393121771590696278e-01
1.402305419135919939e-01
1.411429636811616928e-01
1.420494424617787521e-01
1.429499782554431719e-01
1.438465410965754365e-01
1.447399712473444178e-01
1.456302687077500602e-01
1.465174334777924192e-01
1.474014655574714949e-01
1.482823649467872873e-01
1.491601316457397686e-01
1.500347656543289665e-01
1.509062669725548533e-01
1.517746356004174291e-01
1.526398715379167215e-01
1.535019747850527305e-01
1.543609453418254285e-01
1.552167832082348709e-01
1.560694883842809744e-01
1.569190608699638223e-01
1.577655006652833591e-01
1.586088077702395849e-01
1.594489821848325273e-01
1.602860239090621586e-01
1.611199329429285065e-01
1.619507092864315712e-01
1.627848775664669234e-01
1.636228477720133301e-01
1.644646199030708189e-01
1.653101939596393344e-01
1.661595699417189320e-01
1.670127478493095841e-01
1.678697276824113183e-01
1.687305094410241069e-01
1.695950931251479221e-01
1.704634787347828195e-01
1.713356662699287714e-01
1.722116557305857776e-01
1.730914471167538660e-01
1.739750404284330088e-01
1.748624356656231782e-01
1.757536328283244575e-01
1.766486319165367636e-01
1.775474329302601240e-01
1.784500358694945665e-01
1.793564407342400635e-01
1.802666475244966149e-01
1.811807366281601439e-01
1.820993794784246111e-01
1.830225760752899888e-01
1.839503264187563047e-01
1.848826305088235311e-01
1.858194883454916957e-01
1.867608999287607707e-01
1.877068652586307840e-01
1.886573843351017077e-01
1.896124571581735696e-01
1.905720837278463697e-01
1.915362640441200526e-01
1.925049981069947014e-01
1.934782859164702606e-01
1.944561274725467581e-01
1.954385227752241383e-01
1.964254718245024844e-01
1.974169746203817410e-01
1.984130311628619359e-01
1.994136414519430411e-01
2.004188054876250846e-01
2.014285232699080663e-01
2.024427947987919585e-01
2.034616200742767611e-01
2.044811896028112808e-01
2.055010792246629581e-01
2.065212889398317653e-01
2.075418187483177579e-01
2.085626686501208527e-01
2.095838386452411328e-01
2.106053287336785707e-01
2.116271389154331384e-01
2.126492691905048638e-01
2.136717195588937468e-01
2.146944900205997875e-01
2.157175805756229858e-01
2.167409912239633141e-01
2.177647219656208000e-01
2.187887728005954713e-01
2.198131437288872725e-01
2.208378347504962314e-01
2.218628458654223201e-01
2.228881770736655943e-01
2.239138283752259984e-01
2.249397997701035601e-01
2.259660912582982795e-01
2.269927028398101287e-01
2.280193927599284964e-01
2.290460763809104572e-01
2.300727537027559833e-01
2.310994247254651301e-01
2.321260894490378701e-01
2.331527478734741754e-01
2.341793999987741015e-01
2.352060458249376484e-01
2.362326853519647607e-01
2.372593185798554660e-01
2.382859455086097922e-01
2.393125661382276836e-01
2.403391804687091682e-01
2.413657885000542735e-01
2.423923902322629442e-01
2.434189856653352357e-01
2.444455747992711203e-01
2.454721576340705980e-01
2.464987341697336687e-01
2.475253044062603325e-01
2.485526187092260142e-01
2.495823517686762139e-01
2.506145035846109037e-01
2.516490741570301393e-01
2.526860634859339205e-01
2.537254715713221920e-01
2.547672984131950091e-01
2.558115440115523165e-01
2.568582083663942250e-01
2.579072914777205683e-01
2.589587933455314572e-01
2.600127139698268919e-01
2.610690533506068167e-01
2.621278114878712873e-01
2.631889883816202480e-01
2.642525840318537544e-01
2.653185984385718066e-01
2.663870316017743489e-01
2.674578835214614370e-01
2.685311541976330152e-01
2.696068436302891391e-01
2.706849518194298088e-01
2.717702061142228120e-01
2.728675222221670915e-01
2.739769001432626472e-01
2.750983398775094790e-01
2.762318414249075871e-01
2.773774047854569158e-01
2.785350299591575762e-01
2.797047169460094573e-01
2.808864657460126146e-01
2.820802763591670481e-01
2.832861487854727578e-01
2.845040830249296882e-01
2.857340790775379502e-01
2.869761369432974329e-01
2.882302566222081919e-01
2.894964381142702270e-01
2.907746814194834828e-01
2.920649865378480148e-01
2.933673534693638230e-01
2.946817822140309628e-01
2.960082727718493234e-01
2.973468251428189046e-01
2.986986856301805382e-01
3.000648033287997563e-01
3.014451782386765588e-01
3.028398103598110569e-01
3.042486996922030840e-01
3.056718462358527511e-01
3.071092499907600581e-01
3.085609109569248942e-01
3.100268291343474258e-01
3.115070045230275420e-01
3.130014371229652426e-01
3.145101269341605832e-01
3.160330739566135638e-01
3.175702781903241290e-01
3.191217396352923341e-01
3.206874582915181238e-01
3.222674341590014979e-01
3.238616672377425121e-01
3.254701575277411663e-01
3.270929050289974049e-01
3.287299097415112281e-01
3.303811716652826913e-01
3.320466908003117945e-01
3.337237341176928496e-01
3.354040954642713013e-01
3.370877748400471496e-01
3.387747722450203947e-01
3.404650876791909808e-01
3.421587211425589081e-01
3.438556726351242876e-01
3.455559421568870082e-01
3.472595297078471810e-01
3.489664352880046949e-01
3.506766588973596055e-01
3.523902005359118572e-01
3.541070602036615611e-01
3.558272379006086061e-01
3.575507336267531033e-01
3.592775473820948862e-01
3.610076791666341212e-01
3.627411289803707528e-01
3.644778968233046701e-01
3.662179826954360395e-01
3.679613865967648056e-01
3.696995794645641653e-01
3.714302301798138028e-01
3.731533387425137738e-01
3.748689051526640781e-01
3.765769294102646048e-01
3.782774115153154093e-01
3.799703514678165472e-01
3.816557492677679631e-01
3.833336049151697122e-01
3.850039184100217393e-01
3.866666897523240998e-01
3.883219189420767381e-01
3.899696059792796543e-01
3.916097508639329039e-01
3.932423535960364314e-01
3.948674141755902367e-01
3.964849326025943199e-01
3.980949088770487365e-01
3.996973429989534310e-01
4.012922349683084589e-01
4.028795847851137646e-01
4.044593924493693482e-01
4.060316579610753207e-01
4.075975244316820123e-01
4.091574479153360366e-01
4.107114284120375047e-01
4.122594659217862501e-01
4.138015604445823836e-01
4.153377119804259054e-01
4.168679205293167600e-01
4.183921860912549473e-01
4.199105086662405228e-01
4.214228882542734311e-01
4.229293248553537277e-01
4.244298184694813569e-01
4.259243690966563745e-01
4.274129767368787247e-01
4.288956413901484632e-01
4.303723630564655345e-01
4.318431417358299940e-01
4.333079774282417862e-01
4.347668701337009667e-01
4.362198198522074244e-01
4.376675158679589339e-01
4.391112807426887366e-01
4.405511144763969433e-01
4.419870170690835542e-01
4.434189885207485138e-01
4.448470288313918219e-01
4.462711380010135342e-01
4.476913160296135952e-01
4.491075629171920602e-01
4.505198786637488739e-01
4.519282632692840918e-01
4.533327167337976582e-01
4.547332390572896288e-01
4.561298302397600035e-01
4.575224902812086714e-01
4.589112191816357988e-01
4.602960169410412195e-01
4.616768835594250442e-01
4.630538190367872731e-01
4.644268233731278506e-01
4.657958965684467767e-01
4.671610386227441625e-01
4.685222495360198414e-01
4.698795530112972463e-01
4.712330277457633665e-01
4.725826737394182575e-01
4.739284909922619748e-01
4.752704795042944630e-01
4.766086392755156109e-01
4.779429703059255852e-01
4.792734725955242747e-01
4.806001461443117906e-01
4.819229909522880773e-01
4.832420070194531347e-01
4.845571943458069630e-01
4.858685529313495621e-01
4.871760827760809320e-01
4.884797838800011283e-01
4.897796562431100398e-01
4.910756998654076666e-01
4.923679147468941197e-01
4.936563008875692882e-01
4.949408582874332829e-01
4.962215869464859930e-01
4.974984868647275293e-01
4.987750456063705928e-01
5.000550606566784850e-01
5.013385320156511504e-01
5.026254596832886445e-01
5.039158436595907453e-01
5.052096839445577858e-01
5.065069805381895440e-01
5.078077334404860199e-01
5.091119426514473245e-01
5.104196081710733468e-01
5.117307299993640868e-01
5.130453081363196555e-01
5.143633425819400529e-01
5.156848333362251680e-01
5.170097803991750007e-01
5.183381837707896622e-01
5.196700434510691524e-01
5.210053594400133603e-01
5.223441317376222859e-01
5.236863603438960402e-01
5.250320452588345121e-01
5.263811864824377018e-01
5.277344113625235256e-01
5.290920599840430727e-01
5.304541323469965652e-01
5.318206284513838922e-01
5.331915482972051645e-01
5.345668918844603823e-01
5.359466592131494345e-01
5.373308502832722100e-01
5.387194650948290420e-01
5.401125036478197083e-01
5.415099659422442091e-01
5.429118519781026553e-01
5.443181617553949359e-01
5.457288952741210508e-01
5.471440525342811112e-01
5.485636335358751170e-01
5.499876382789028462e-01
5.514160667633646318e-01
5.528489189892601408e-01
5.542861949565895952e-01
5.557272485882195356e-01
5.571689893803316584e-01
5.586114173329259636e-01
5.600545324460023400e-01
5.614983347195608987e-01
5.629428241536016397e-01
5.643880007481245631e-01
5.658338645031296688e-01
5.672804154186168457e-01
5.687276534945862050e-01
5.701755787310378576e-01
5.716241911279714705e-01
5.730734906853872657e-01
5.745234774032852432e-01
5.759741512816652920e-01
5.774255123205276341e-01
5.788775605198720475e-01
5.803302958796986433e-01
5.817837184000074213e-01
5.832378280807982707e-01
5.846926249220713023e-01
5.861481089238266273e-01
5.876047098437501282e-01
5.890631526470766488e-01
5.905234373338060783e-01
5.919855639039385276e-01
5.934495323574739967e-01
5.949153426944122636e-01
5.963829949147535503e-01
5.978524890184977458e-01
5.993238250056449612e-01
6.007970028761951964e-01
6.022720226301483404e-01
6.037488842675043932e-01
6.052275877882634658e-01
6.067081331924254473e-01
6.081905204799904485e-01
6.096747496509584696e-01
6.111608207053292885e-01
6.126487336431030162e-01
6.141384884642798747e-01
6.156300851688596421e-01
6.171235237568423182e-01
6.186188042282281252e-01
6.201159265830166190e-01
6.216148908212082436e-01
6.231156969428027770e-01
6.246143387282512283e-01
6.261100101671545071e-01
6.276027112595123914e-01
6.290924420053249921e-01
6.305792024045923094e-01
6.320629924573143432e-01
6.335438121634910935e-01
6.350216615231225603e-01
6.364965405362086326e-01
6.379684492027495324e-01
6.394373875227451487e-01
6.409033554961953705e-01
6.423663531231004198e-01
6.438263804034601856e-01
6.452834373372745569e-01
6.467375239245436447e-01
6.481886401652675600e-01
6.496367860594460808e-01
6.510819616070793181e-01
6.525241668081673829e-01
6.539608652476881501e-01
6.553887052861117057e-01
6.568076869234380499e-01
6.582178101596670716e-01
6.596190749947987708e-01
6.610114814288332585e-01
6.623950294617704238e-01
6.637697190936103775e-01
6.651355503243530087e-01
6.664925231539984285e-01
6.678406375825465258e-01
6.691798936099974116e-01
6.705102912363509748e-01
6.718318304616072156e-01
6.731445112857662449e-01
6.744483337088280628e-01
6.757432977307925581e-01
6.770294033516597310e-01
6.783066505714296923e-01
6.795750393901024422e-01
6.808345698076778696e-01
6.820852418241559745e-01
6.833270554395368679e-01
6.845611126668568192e-01
6.857892501643776395e-01
6.870114679320992179e-01
6.882277659700216654e-01
6.894381442781450930e-01
6.906426028564692787e-01
6.918411417049943335e-01
6.930337608237203684e-01
6.942204602126472723e-01
6.954012398717750454e-01
6.965760998011036875e-01
6.977450400006330877e-01
6.989080604703634680e-01
7.000651612102948285e-01
7.012163422204269470e-01
7.023616035007599345e-01
7.035009450512937912e-01
7.046343668720285169e-01
7.057618689629642228e-01
7.068834513241007977e-01
7.079991139554382418e-01
7.091088568569764439e-01
7.102126800287156261e-01
7.113105834706555664e-01
7.124025671827963757e-01
7.134886311651382762e-01
7.145687754176808237e-01
7.156429999404243514e-01
7.167113047333687481e-01
7.177736897965140139e-01
7.188301551298602599e-01
7.198807007334072638e-01
7.209253266071551369e-01
7.219640327511038791e-01
7.229968191652536014e-01
7.240236858496040817e-01
7.250446328041554311e-01
7.260596600289077607e-01
7.270687675238608483e-01
7.280719552890149160e-01
7.290692233243697418e-01
7.300605716299255477e-01
7.310460002056822226e-01
7.320255090516397667e-01
7.329977157478904104e-01
7.339624899029245642e-01
7.349198315167421169e-01
7.358697405893430687e-01
7.368122171207274196e-01
7.377472611108951694e-01
7.386748725598463183e-01
7.395950514675808662e-01
7.405077978340987022e-01
7.414131116594000481e-01
7.423109929434847931e-01
7.432014416863529371e-01
7.440844578880044802e-01
7.449600415484394222e-01
7.458281926676577633e-01
7.466889112456595035e-01
7.475421972824446426e-01
7.483880507780131808e-01
7.492264717323651180e-01
7.500574601455005652e-01
7.508853192559122869e-01
7.517134803294565071e-01
7.525419433661336699e-01
7.533707083659434423e-01
7.541997753288858242e-01
7.550291442549608156e-01
7.558588151441687497e-01
7.566887879965091823e-01
7.575190628119823355e-01
7.583496395905883203e-01
7.591805183323269146e-01
7.600116990371981185e-01
7.608431817052021540e-01
7.616749663363387990e-01
7.625070529306081646e-01
7.633394414880101397e-01
7.641721320085449465e-01
7.650051244922123628e-01
7.658384189390124996e-01
7.666720153489453571e-01
7.675059137220108241e-01
7.683401140582090116e-01
7.691746163575400308e-01
7.700094206200035485e-01
7.708446717652405189e-01
7.716843466519113237e-01
7.725284452800160739e-01
7.733769676495546586e-01
7.742299137605271886e-01
7.750872836129335530e-01
7.759490772067736408e-01
7.768152945420477851e-01
7.776859356187557637e-01
7.785610004368976877e-01
7.794404889964734462e-01
7.803244012974829280e-01
7.812127373399264663e-01
7.821054971238038389e-01
7.830026806491151570e-01
7.839042879158603094e-01
7.848103189240392963e-01
7.857207736736522286e-01
7.866356521646989952e-01
7.875549543971797073e-01
7.884786803710941427e-01
7.894027961711005403e-01
7.903241271288855563e-01
7.912426732444490796e-01
7.921584345177913322e-01
7.930714109489122032e-01
7.939816025378118036e-01
7.948890092844900224e-01
7.957936311889467484e-01
7.966954682511822039e-01
7.975945204711962777e-01
7.984907878489889699e-01
7.993842703845603914e-01
8.002749680779103203e-01
8.011628809290389786e-01
8.020480089379462552e-01
8.029303521046321501e-01
8.038099104290967745e-01
8.046866839113399061e-01
8.055606725513616562e-01
8.064318763491621356e-01
8.073002953047413444e-01
8.081659294180990605e-01
8.090279479760015269e-01
8.098861377930929306e-01
8.107404988693729386e-01
8.115910312048416619e-01
8.124377347994993226e-01
8.132806096533455875e-01
8.141196557663806788e-01
8.149548731386045963e-01
8.157862617700172292e-01
8.166138216606186884e-01
8.174375528104088628e-01
8.182574552193878636e-01
8.190735288875556908e-01
8.198857738149121221e-01
8.206941900014573799e-01
8.214987774471914639e-01
8.222995361521141522e-01
8.230964661162257778e-01
8.238895673395261188e-01
8.246788398220152860e-01
8.254642835636931686e-01
8.262460208953867902e-01
8.270267721259089155e-01
8.278065372552594336e-01
8.285853162834381225e-01
8.293631092104453151e-01
8.301399160362809004e-01
8.309157367609448785e-01
8.316905713844372494e-01
8.324644199067579020e-01
8.332372823279069474e-01
8.340091586478843855e-01
8.347800488666902163e-01
8.355499529843243289e-01
8.363188710007869453e-01
8.370868029160778434e-01
8.378537487301971343e-01
8.386197084431449289e-01
8.393846820549208942e-01
8.401486695655253634e-01
8.409116709749581142e-01
8.416736862832193689e-01
8.424347154903087942e-01
8.431947585962267233e-01
8.439538156009730452e-01
8.447143242220742643e-01
8.454765593129116574e-01
8.462405208734853357e-01
8.470062089037950770e-01
8.477736234038409924e-01
8.485427643736230818e-01
8.493136318131414564e-01
8.500862257223958940e-01
8.508605461013866167e-01
8.516365929501134024e-01
8.524143662685763623e-01
8.531938660567754962e-01
8.539750923147108042e-01
8.547580450423823972e-01
8.555427242397899423e-01
8.563291299069338836e-01
8.571172620438138878e-01
8.579071206504301772e-01
8.586987057267825296e-01
8.594920172728710561e-01
8.602870552886958677e-01
8.610838799119964193e-01
8.618831232917814056e-01
8.626847854280510486e-01
8.634888663208051263e-01
8.642953659700436386e-01
8.651042843757668077e-01
8.659156215379745225e-01
8.667293774566666720e-01
8.675455521318434782e-01
8.683641455635047190e-01
8.691851577516503946e-01
8.700085886962807269e-01
8.708344383973954939e-01
8.716627068549948065e-01
8.724933940690786649e-01
8.733265000396471800e-01
8.741620247667000188e-01
8.749999682502372922e-01
8.758403304902592224e-01
8.766831114867656982e-01
8.775283112397567198e-01
8.783759297492322871e-01
8.792255962674613290e-01
8.800762964998873894e-01
8.809280304465106903e-01
8.817807981073308987e-01
8.826345994823482366e-01
8.834894345715627040e-01
8.843453033749743009e-01
8.852022058925828052e-01
8.860601421243884390e-01
8.869191120703912024e-01
8.877791157305909842e-01
8.886401531049877844e-01
8.895022241935818252e-01
8.903653289963727735e-01
8.912294675133608512e-01
8.920946397445459475e-01
8.929608456899282842e-01
8.938280853495075284e-01
8.946963587232839021e-01
8.955656658112572943e-01
8.964360066134278160e-01
8.973073811297953561e-01
8.981777625351213823e-01
8.990448024845462127e-01
8.999085009780697364e-01
9.007688580156920644e-01
9.016258735974131966e-01
9.024795477232330221e-01
9.033298803931516519e-01
9.041768716071689749e-01
9.050205213652851022e-01
9.058608296675000338e-01
9.066977965138136586e-01
9.075314219042259767e-01
9.083617058387372101e-01
9.091886483173471367e-01
9.100122493400557566e-01
9.108325089068630698e-01
9.116494270177691872e-01
9.124630036727739979e-01
9.132732388718776129e-01
9.140801326150799211e-01
9.148834752686009208e-01
9.156802618508647074e-01
9.164704923618710586e-01
9.172541668016201966e-01
9.180312851701118992e-01
9.188018474673461666e-01
9.195658536933232208e-01
9.203233038480428396e-01
9.210741979315051342e-01
9.218185359437101045e-01
9.225563178846576395e-01
9.232875437543478503e-01
9.240122135527807368e-01
9.247303272799562990e-01
9.254418849358745369e-01
9.261468865205353396e-01
9.268453320339388180e-01
9.275372214760849721e-01
9.282225548469736909e-01
9.289013321466051964e-01
9.295735533749792667e-01
9.302392185320960127e-01
9.308983276179553235e-01
9.315508806325574209e-01
9.321941810692269126e-01
9.328281839805637743e-01
9.334528893665683391e-01
9.340682972272402740e-01
9.346744075625799120e-01
9.352712203725869200e-01
9.358587356572615201e-01
9.364369534166036013e-01
9.370058736506132746e-01
9.375654963592904290e-01
9.381158215426351754e-01
9.386568492006474029e-01
9.391885793333272225e-01
9.397110119406744122e-01
9.402241470226893050e-01
9.407279845793715678e-01
9.412225246107215337e-01
9.417077671167388697e-01
9.421837120974237978e-01
9.426503595527762069e-01
9.431090529846695159e-01
9.435605330629424081e-01
9.440047997875947727e-01
9.444418531586267207e-01
9.448716931760383630e-01
9.452943198398295888e-01
9.457097331500003978e-01
9.461179331065507903e-01
9.465189197094807660e-01
9.469126929587904362e-01
9.472992528544795787e-01
9.476785993965483046e-01
9.480507325849966138e-01
9.484156524198246174e-01
9.487733589010322044e-01
9.491238520286192637e-01
9.494671318025860174e-01
9.498031982229324655e-01
9.501320512896583859e-01
9.504536910027638896e-01
9.507681173622489768e-01
9.510753303681137583e-01
9.513753300203580121e-01
9.516698015326622295e-01
9.519600141545685457e-01
9.522459678860769605e-01
9.525276627271874741e-01
9.528050986779001974e-01
9.530782757382149084e-01
9.533471939081317181e-01
9.536118531876507376e-01
9.538722535767717448e-01
9.541283950754949617e-01
9.543802776838201662e-01
9.546279014017474696e-01
9.548712662292768716e-01
9.551103721664084834e-01
9.553452192131419718e-01
9.555758073694777810e-01
9.558021366354155779e-01
9.560242070109554735e-01
9.562420184960975789e-01
9.564555710908415609e-01
9.566648647951878637e-01
9.568698996091361542e-01
9.570706755326865434e-01
9.572685185720849477e-01
9.574649669826835741e-01
9.576600207644823115e-01
9.578536799174811600e-01
9.580459444416801196e-01
9.582368143370791902e-01
9.584262896036784829e-01
9.586143702414778867e-01
9.588010562504774015e-01
9.589863476306770274e-01
9.591702443820767643e-01
9.593527465046766123e-01
9.595338539984766824e-01
9.597135668634768635e-01
9.598918850996771557e-01
9.600688087070775589e-01
9.602443376856780732e-01
9.604184720354788096e-01
9.605912117564795460e-01
9.607625568486803935e-01
9.609325073120815741e-01
9.611010631466826437e-01
9.612698862238118203e-01
9.614397430151380153e-01
9.616106335206612288e-01
9.617825577403815718e-01
9.619555156742990443e-01
9.621295073224135352e-01
9.623045326847250447e-01
9.624805917612337947e-01
9.626576845519394521e-01
9.628358110568421280e-01
9.630149712759420444e-01
9.631951652092389793e-01
9.633763928567329327e-01
9.635586542184240155e-01
9.637419492943122279e-01
9.639262780843974587e-01
9.641116405886795970e-01
9.642980368071590869e-01
9.644854667398354842e-01
9.646739303867088999e-01
9.648634277477794452e-01
9.650539588230471200e-01
9.652470467990894587e-01
9.654428994993425883e-01
9.656415169238067309e-01
9.658428990724816643e-01
9.660470459453674996e-01
9.662539575424640148e-01
9.664636338637714319e-01
9.666760749092897509e-01
9.668912806790187497e-01
9.671092511729587615e-01
9.673299863911095642e-01
9.675534863334712687e-01
9.677797510000436532e-01
9.680087803908270505e-01
9.682405745058211277e-01
9.684751333450261068e-01
9.687124569084419878e-01
9.689525451960686597e-01
9.691953982079062335e-01
9.694410159439545982e-01
9.696893984042137538e-01
9.699405060993901984e-01
9.701936864662460414e-01
9.704489395047812827e-01
9.707062652149961446e-01
9.709656635968904048e-01
9.712271346504640634e-01
9.714906783757171205e-01
9.717562947726497979e-01
9.720239838412617628e-01
9.722937455815532370e-01
9.725655799935241097e-01
9.728394870771744918e-01
9.731154668325042723e-01
9.733935192595135621e-01
9.736736443582022504e-01
9.739558421285703371e-01
9.742401125706179332e-01
9.745264556843449277e-01
9.748148714697514317e-01
9.751053599268373340e-01
9.753979210556027457e-01
9.756925548560475558e-01
9.759884908640664714e-01
9.762833100597960723e-01
9.765770124432365806e-01
9.768695980143881075e-01
9.771610667732503197e-01
9.774514187198235504e-01
9.777406538541076886e-01
9.780287721761025121e-01
9.783157736858083542e-01
9.786016583832249927e-01
9.788864262683525386e-01
9.791700773411909919e-01
9.794526116017402417e-01
9.797340290500005100e-01
9.800143296859715747e-01
9.802935135096535468e-01
9.805715805210463154e-01
9.808485307201499914e-01
9.811243641069646859e-01
9.813990806814900658e-01
9.816726804437264642e-01
9.819435076067735135e-01
9.822112020794573350e-01
9.824757638617778177e-01
9.827371929537350725e-01
9.829954893553288775e-01
9.832506530665594546e-01
9.835026840874266929e-01
9.837515824179307034e-01
9.839973480580713749e-01
9.842399810078488187e-01
9.844794812672629236e-01
9.847158488363138007e-01
9.849490837150012279e-01
9.851791859033255383e-01
9.854061554012865098e-01
9.856299922088841425e-01
9.858506963261184364e-01
9.860682677529896134e-01
9.862827064894973406e-01
9.864940125356417289e-01
9.867021858914228893e-01
9.869073755319275332e-01
9.871118649436945169e-01
9.873156541267235076e-01
9.875187430810149491e-01
9.877211318065685086e-01
9.879228203033842970e-01
9.881238085714624253e-01
9.883240966108027825e-01
9.885236844214053686e-01
9.887225720032700726e-01
9.889207593563971166e-01
9.891182464807863894e-01
9.893150333764378912e-01
9.895111200433515108e-01
9.897065064815275814e-01
9.899011926909656589e-01
9.900951786716660763e-01
9.902884644236288336e-01
9.904810499468537088e-01
9.906729352413409240e-01
9.908641203070902570e-01
9.910546051441019300e-01
9.912440410822994652e-01
9.914315101792317009e-01
9.916170124348987480e-01
9.918005478493003846e-01
9.919821164224368326e-01
9.921617181543079811e-01
9.923393530449138300e-01
9.925150210942543794e-01
9.926887223023296292e-01
9.928604566691396904e-01
9.930302241946845632e-01
9.931980248789641363e-01
9.933638587219784100e-01
9.935277257237273840e-01
9.936896258842110585e-01
9.938495592034294335e-01
9.940075256813826199e-01
9.941635253180705067e-01
9.943175581134929830e-01
9.944696240676502708e-01
9.946197231805422589e-01
9.947678554521690586e-01
9.949140208825304477e-01
9.950581033224858984e-01
9.951994009202199676e-01
9.953379136757327661e-01
9.954736415890240719e-01
9.956065846600941072e-01
9.957367428889427607e-01
9.958641162755700327e-01
9.959887048199760340e-01
9.961105085221605426e-01
9.962295273821236696e-01
9.963457613998655260e-01
9.964592105753860007e-01
9.965698749086852049e-01
9.966777543997629163e-01
9.967828490486192461e-01
9.968851588552543053e-01
9.969846838196679828e-01
9.970814239418603897e-01
9.971753792218313039e-01
9.972665496595808365e-01
9.973549352551090985e-01
9.974405360084159788e-01
9.975232900208267361e-01
9.976030955124722821e-01
9.976799524833527277e-01
9.977538609334678510e-01
9.978248208628179849e-01
9.978928322714030186e-01
9.979578951592227298e-01
9.980200095262774518e-01
9.980791753725669624e-01
9.981353926980912616e-01
9.981886615028503495e-01
9.982389817868444482e-01
9.982863535500732244e-01
9.983307767925369003e-01
9.983722515142353648e-01
9.984107777151687291e-01
9.984463553953368820e-01
9.984789845547399345e-01
9.985086651933777757e-01
9.985353973112505166e-01
9.985591809083580461e-01
9.985800159847003643e-01
9.985979025402776932e-01
9.986135936658084855e-01
9.986292784922028432e-01
9.986449570194606551e-01
9.986606292475822544e-01
9.986762951765674190e-01
9.986919548064160379e-01
9.987076081371283331e-01
9.987232551687043047e-01
9.987388959011437306e-01
9.987545303344468328e-01
9.987701584686136114e-01
9.987857803036438442e-01
9.988013958395377534e-01
9.988170050762952279e-01
9.988326080139162677e-01
9.988482046524009839e-01
9.988637949917492653e-01
9.988793790319610011e-01
9.988949567730365242e-01
9.989105282149756126e-01
9.989260933577781554e-01
9.989416522014444855e-01
9.989572047459742699e-01
9.989727509913677306e-01
9.989882909376247566e-01
9.990038245847453480e-01
9.990193519327296157e-01
9.990348729815773376e-01
9.990503877312888470e-01
9.990658961818638106e-01
9.990813983333023396e-01
9.990968941856046559e-01
9.991123837387703155e-01
9.991278669927997624e-01
9.991433439476927747e-01
9.991588146034494633e-01
9.991742789600696062e-01
9.991897370175534254e-01
9.992051887759008100e-01
9.992206342351117598e-01
9.992360733951863860e-01
9.992515062561245776e-01
9.992669328179263344e-01
9.992823530805917676e-01
9.992977670441207660e-01
9.993131747085132188e-01
9.993285760737694590e-01
9.993439711398892644e-01
9.993593599068725242e-01
9.993747423747194603e-01
9.993901185434300727e-01
9.994054884130041394e-01
9.994208519834418825e-01
9.994362092547433019e-01
9.994515602269081755e-01
9.994669048999367256e-01
9.994822432738288409e-01
9.994975753485845216e-01
9.995129011242037675e-01
9.995282206006868009e-01
9.995435337780331775e-01
9.995588406562433414e-01
9.995741412353170707e-01
9.995894355152542543e-01
9.996047234960551142e-01
9.996200051777196505e-01
9.996352805602477520e-01
9.996505496436394189e-01
9.996658124278946511e-01
9.996810689130134486e-01
9.996963190989959225e-01
9.997115629858420727e-01
9.997268005735516772e-01
9.997420318621248470e-01
9.997572568515616931e-01
9.997724755418621045e-01
9.997876879330261923e-01
9.998028940250538454e-01
9.998180938179449528e-01
9.998332873116998476e-01
9.998484745063181967e-01
9.998636554018002220e-01
9.998788299981458128e-01
9.998939982953550798e-01
9.999091602934278011e-01
9.999243159923641988e-01
9.999394653921641618e-01
9.999546084928276901e-01
9.999697452943548948e-01
9.999848757967456647e-01
1.000000000000000000e+00
