5.000000000000000278e-02 0.000000000000000000e+00
1.499999999999999944e-01 0.000000000000000000e+00
2.500000000000000000e-01 0.000000000000000000e+00
3.499999999999999778e-01 0.000000000000000000e+00
4.500000000000000111e-01 0.000000000000000000e+00
5.500000000000000444e-01 0.000000000000000000e+00
6.500000000000000222e-01 0.000000000000000000e+00
7.500000000000000000e-01 0.000000000000000000e+00
8.499999999999999778e-01 0.000000000000000000e+00
9.499999999999999556e-01 0.000000000000000000e+00
1.050000000000000044e+00 0.000000000000000000e+00
1.149999999999999911e+00 0.000000000000000000e+00
1.250000000000000000e+00 0.000000000000000000e+00
1.350000000000000089e+00 0.000000000000000000e+00
1.449999999999999956e+00 0.000000000000000000e+00
1.550000000000000044e+00 1.000000000000000000e+00
1.649999999999999911e+00 1.000000000000000000e+00
1.750000000000000000e+00 5.000000000000000000e+00
1.850000000000000089e+00 4.000000000000000000e+00
1.949999999999999956e+00 4.000000000000000000e+00
2.049999999999999822e+00 9.000000000000000000e+00
2.149999999999999911e+00 1.300000000000000000e+01
2.250000000000000000e+00 1.400000000000000000e+01
2.350000000000000089e+00 1.400000000000000000e+01
2.450000000000000178e+00 1.900000000000000000e+01
2.549999999999999822e+00 2.200000000000000000e+01
2.649999999999999911e+00 3.300000000000000000e+01
2.750000000000000000e+00 2.600000000000000000e+01
2.850000000000000089e+00 3.900000000000000000e+01
2.950000000000000178e+00 6.400000000000000000e+01
3.049999999999999822e+00 5.900000000000000000e+01
3.149999999999999911e+00 8.100000000000000000e+01
3.250000000000000000e+00 7.900000000000000000e+01
3.350000000000000089e+00 7.600000000000000000e+01
3.450000000000000178e+00 7.800000000000000000e+01
3.549999999999999822e+00 1.010000000000000000e+02
3.649999999999999911e+00 8.500000000000000000e+01
3.750000000000000000e+00 6.800000000000000000e+01
3.850000000000000089e+00 8.100000000000000000e+01
3.950000000000000178e+00 7.400000000000000000e+01
4.049999999999999822e+00 9.200000000000000000e+01
4.150000000000000355e+00 8.000000000000000000e+01
4.250000000000000000e+00 8.300000000000000000e+01
4.349999999999999645e+00 9.600000000000000000e+01
4.450000000000000178e+00 1.060000000000000000e+02
4.549999999999999822e+00 6.800000000000000000e+01
4.650000000000000355e+00 9.100000000000000000e+01
4.750000000000000000e+00 8.800000000000000000e+01
4.849999999999999645e+00 9.100000000000000000e+01
4.950000000000000178e+00 7.900000000000000000e+01
5.049999999999999822e+00 8.100000000000000000e+01
5.150000000000000355e+00 9.700000000000000000e+01
5.250000000000000000e+00 7.700000000000000000e+01
5.349999999999999645e+00 8.300000000000000000e+01
5.450000000000000178e+00 7.400000000000000000e+01
5.549999999999999822e+00 5.300000000000000000e+01
5.650000000000000355e+00 5.300000000000000000e+01
5.750000000000000000e+00 6.900000000000000000e+01
5.849999999999999645e+00 5.800000000000000000e+01
5.950000000000000178e+00 5.200000000000000000e+01
6.049999999999999822e+00 6.000000000000000000e+01
6.150000000000000355e+00 4.600000000000000000e+01
6.250000000000000000e+00 5.500000000000000000e+01
6.349999999999999645e+00 5.300000000000000000e+01
6.450000000000000178e+00 6.000000000000000000e+01
6.549999999999999822e+00 3.900000000000000000e+01
6.650000000000000355e+00 4.100000000000000000e+01
6.750000000000000000e+00 4.600000000000000000e+01
6.849999999999999645e+00 3.800000000000000000e+01
6.950000000000000178e+00 4.200000000000000000e+01
7.049999999999999822e+00 5.200000000000000000e+01
7.150000000000000355e+00 3.500000000000000000e+01
7.250000000000000000e+00 4.500000000000000000e+01
7.349999999999999645e+00 3.300000000000000000e+01
7.450000000000000178e+00 3.800000000000000000e+01
7.549999999999999822e+00 3.900000000000000000e+01
7.650000000000000355e+00 4.200000000000000000e+01
7.750000000000000000e+00 3.300000000000000000e+01
7.849999999999999645e+00 3.600000000000000000e+01
7.950000000000000178e+00 2.700000000000000000e+01
8.050000000000000711e+00 2.100000000000000000e+01
8.150000000000000355e+00 3.000000000000000000e+01
8.250000000000000000e+00 2.900000000000000000e+01
8.349999999999999645e+00 1.500000000000000000e+01
8.449999999999999289e+00 2.000000000000000000e+01
8.550000000000000711e+00 1.600000000000000000e+01
8.650000000000000355e+00 1.700000000000000000e+01
8.750000000000000000e+00 1.800000000000000000e+01
8.849999999999999645e+00 1.500000000000000000e+01
8.949999999999999289e+00 1.700000000000000000e+01
9.050000000000000711e+00 1.400000000000000000e+01
9.150000000000000355e+00 8.000000000000000000e+00
9.250000000000000000e+00 9.000000000000000000e+00
9.349999999999999645e+00 9.000000000000000000e+00
9.449999999999999289e+00 1.100000000000000000e+01
9.550000000000000711e+00 2.000000000000000000e+01
9.650000000000000355e+00 1.500000000000000000e+01
9.750000000000000000e+00 7.000000000000000000e+00
9.849999999999999645e+00 7.000000000000000000e+00
9.949999999999999289e+00 8.000000000000000000e+00
1.005000000000000071e+01 4.000000000000000000e+00
1.015000000000000036e+01 1.100000000000000000e+01
1.025000000000000000e+01 5.000000000000000000e+00
1.034999999999999964e+01 4.000000000000000000e+00
1.044999999999999929e+01 4.000000000000000000e+00
1.055000000000000071e+01 1.000000000000000000e+00
1.065000000000000036e+01 5.000000000000000000e+00
1.075000000000000000e+01 4.000000000000000000e+00
1.084999999999999964e+01 2.000000000000000000e+00
1.094999999999999929e+01 2.000000000000000000e+00
1.105000000000000071e+01 1.000000000000000000e+00
1.115000000000000036e+01 0.000000000000000000e+00
1.125000000000000000e+01 2.000000000000000000e+00
1.134999999999999964e+01 2.000000000000000000e+00
1.144999999999999929e+01 4.000000000000000000e+00
1.155000000000000071e+01 0.000000000000000000e+00
1.165000000000000036e+01 2.000000000000000000e+00
1.175000000000000000e+01 2.000000000000000000e+00
1.184999999999999964e+01 0.000000000000000000e+00
1.194999999999999929e+01 1.000000000000000000e+00
