9.000000000000000222e-01 9.468431354280215650e-01
1.000000000000000000e+00 8.333031512092944348e-01
1.100000000000000089e+00 6.379890228609518266e-01
1.199999999999999956e+00 5.023096577407240027e-01
1.299999999999999822e+00 4.208556500975012549e-01
1.399999999999999911e+00 3.840412574646540067e-01
1.500000000000000000e+00 3.652332864722950823e-01
1.599999999999999867e+00 3.592965862622363171e-01
1.699999999999999734e+00 3.604769378520751855e-01
1.799999999999999822e+00 3.740810596374922747e-01
1.899999999999999911e+00 3.847580379658441241e-01
1.999999999999999556e+00 3.949533385686689879e-01
2.099999999999999645e+00 4.087370028298757951e-01
2.199999999999999734e+00 4.228674101217449466e-01
2.299999999999999822e+00 4.490928094760874290e-01
2.399999999999999467e+00 4.816604879674323825e-01
2.499999999999999556e+00 5.174686081916634040e-01
2.599999999999999645e+00 5.639965437694044459e-01
2.699999999999999734e+00 6.249092588705277285e-01
2.799999999999999378e+00 6.896004592225164487e-01
2.899999999999999467e+00 7.311052652743594837e-01
2.999999999999999556e+00 7.685206532635878718e-01
3.099999999999999201e+00 7.636362972136870875e-01
3.199999999999999289e+00 7.464911865936179058e-01
3.299999999999999378e+00 7.191360477725530220e-01
3.399999999999999467e+00 6.989582064907067238e-01
3.499999999999999556e+00 7.227829593392607332e-01
3.599999999999999201e+00 7.471905756144815447e-01
3.699999999999999289e+00 7.464941942491988280e-01
3.799999999999999378e+00 7.261066992472392512e-01
3.899999999999999023e+00 7.155393862908204783e-01
3.999999999999999112e+00 7.088009925820042412e-01
4.099999999999999645e+00 6.975710590939039335e-01
4.199999999999999289e+00 6.808604600194129164e-01
4.299999999999999822e+00 6.646296768796291499e-01
4.399999999999999467e+00 6.350693766160583342e-01
4.499999999999999112e+00 6.127337768263809714e-01
4.599999999999999645e+00 6.671880634180020753e-01
4.699999999999999289e+00 6.415770370187510174e-01
4.799999999999998934e+00 6.550278211946999329e-01
4.899999999999999467e+00 6.675570810013765621e-01
4.999999999999999112e+00 6.585066701878746764e-01
5.099999999999999645e+00 6.408151028651235537e-01
5.199999999999999289e+00 6.421907592738630433e-01
5.299999999999998934e+00 6.161560815869949748e-01
5.399999999999999467e+00 5.779819374873007565e-01
5.499999999999999112e+00 5.476957908623666382e-01
5.599999999999999645e+00 5.409810374092575147e-01
5.699999999999999289e+00 5.165949653692752941e-01
5.799999999999998934e+00 4.972509330905922620e-01
5.899999999999999467e+00 4.759430461883493724e-01
5.999999999999999112e+00 4.463823494336469078e-01
6.099999999999999645e+00 4.125895849222200873e-01
6.199999999999999289e+00 3.775317745124183166e-01
6.299999999999998934e+00 3.729182739616415110e-01
6.399999999999999467e+00 3.360864027066886028e-01
6.499999999999999112e+00 3.222320933986368430e-01
6.599999999999998757e+00 3.886355083511582320e-01
6.699999999999999289e+00 3.735124691700636990e-01
6.799999999999998934e+00 3.712186098166260773e-01
6.899999999999998579e+00 3.656929302865230547e-01
6.999999999999999112e+00 3.802293375412287291e-01
7.099999999999998757e+00 3.926094838099802864e-01
7.199999999999999289e+00 3.753586975999833042e-01
7.299999999999998934e+00 3.688109542829963172e-01
7.399999999999998579e+00 3.591222128099774702e-01
7.499999999999999112e+00 3.646663289312368494e-01
7.599999999999998757e+00 3.405286370155472531e-01
7.699999999999999289e+00 3.130159786039175551e-01
7.799999999999998934e+00 2.632275782958680699e-01
7.899999999999998579e+00 2.067123088579363721e-01
7.999999999999999112e+00 1.685422860590117256e-01
8.099999999999997868e+00 1.432603756106336779e-01
8.199999999999997513e+00 1.290806601495627093e-01
8.299999999999998934e+00 1.227854364695181583e-01
8.399999999999998579e+00 1.195952866089750599e-01
8.499999999999998224e+00 1.190645722581237520e-01
8.599999999999997868e+00 2.857538498581434494e-01
8.699999999999997513e+00 2.448237403181807714e-01
8.799999999999998934e+00 2.149646766853864632e-01
8.899999999999998579e+00 1.855346506903628734e-01
8.999999999999998224e+00 1.921117753312344134e-01
9.099999999999997868e+00 1.891630916981206223e-01
9.199999999999999289e+00 1.873400045188466645e-01
9.299999999999998934e+00 1.837656558799995177e-01
9.399999999999998579e+00 1.861167656922278757e-01
9.499999999999998224e+00 1.935459515334586322e-01
9.599999999999997868e+00 1.915095727078443277e-01
9.699999999999997513e+00 2.009756770490888356e-01
9.799999999999998934e+00 1.934429484073260375e-01
9.899999999999998579e+00 1.745141073975003954e-01
9.999999999999998224e+00 1.536503552075960677e-01
1.009999999999999787e+01 1.295921697238228698e-01
1.019999999999999751e+01 1.056689756048416889e-01
1.029999999999999893e+01 8.249097718435478843e-02
1.039999999999999858e+01 6.759482667206949402e-02
1.049999999999999822e+01 5.881943608125533851e-02
1.059999999999999787e+01 4.706452060748771149e-02
1.069999999999999751e+01 3.900017885339093771e-02
1.079999999999999893e+01 3.270061152884384120e-02
1.089999999999999858e+01 2.750778263653289382e-02
1.099999999999999822e+01 2.311758492052211691e-02
1.109999999999999787e+01 2.018187187210992994e-02
1.119999999999999751e+01 1.794863105171538853e-02
1.129999999999999893e+01 1.705726121389841352e-02
1.139999999999999858e+01 1.650327850385617176e-02
1.149999999999999822e+01 1.630466416798700274e-02
1.159999999999999787e+01 1.550252451611149225e-02
1.169999999999999751e+01 1.553271562633246582e-02
1.179999999999999716e+01 1.543181062791068939e-02
1.189999999999999858e+01 1.605471406628900324e-02
1.199999999999999822e+01 1.607112773620306828e-02
