-396.312  0.246797  3902 6
-40.438  0.196721  183 4
-147.344  0.249113  1409 6
63.846  0.239736  1364 4
58.61  0.374194  620 4
-21.218  0.244592  1803 6
58.063  0.334256  1445 6
57.469  0.360532  1728 6
71.283  0.410042  239 6
-248.126  0.241935  682 4
14  0.225806  248 4
53.735  0.347181  2359 6
46.266  0.233083  1064 4
52.736  0.340098  3252 4
90.844  0.378747  367 4
-141.126  0.341085  258 4
-213.158  0.254335  173 6
90.048  0.38427  445 4
15.937  0.270833  240 6
165.047  0.255479  1460 4
14.813  0.125984  254 6
83.124  0.393827  810 6
-134.782  0.382022  178 6
-211.251  0.271868  423 4
52.875  0.375904  1245 6
65.936  0.359951  1628 4
61.204  0.261466  8525 6
-25.578  0.298077  208 6
-99.438  0.19883  171 4
-146.936  0.35102  1225 6
-299.5  0.320755  265 4
8.378  0.230631  555 4
-239.937  0.356502  446 6
15.189  0.321678  286 4
-250.454  0.285714  217 6
90.437  0.360887  496 6
77.47  0.378549  951 6
-156.062  0.105769  208 4
251.313  0.232794  494 6
8.279  0.257535  2986 6
19.656  0.2875  160 6
206.608  0.309025  1097 6
5.843  0.249171  3620 4
61.687  0.318644  295 4
115.032  0.247376  667 6
37.859  0.207039  483 4
-252.655  0.233108  1480 6
-25.69  0.242424  231 4
79.594  0.404971  684 4
14.843  0.338028  213 6
10.594  0.248188  552 4
61.657  0.326087  368 4
-59.186  0.229974  387 4
-226.688  0.258503  294 6
71.969  0.378151  238 4
200.67  0.327381  1344 4
-160.939  0.208075  322 6
184.095  0.26294  483 4
241.687  0.227742  1550 6
-143.531  0.256255  1159 4
-390.874  0.250991  757 4
64.687  0.0123457  81 6
232.782  0.256989  1860 4
14.376  0.233846  325 6
313.782  0.444828  290 4
232.406  0.266094  233 6
-382.157  0.288  500 4
-2.688  0.234314  1801 4
-307.298  0.248005  3508 4
69.577  0.361022  626 6
19.11  0.202312  173 4
117.53  0.227723  202 4
-169.579  0.2  215 6
61.655  0.35918  1122 4
128.422  0.256825  989 6
57.735  0.410058  517 6
147.141  0.331991  2235 4
240.531  0.380623  578 4
-275.095  0.259403  771 6
52.455  0.362837  3299 4
164.47  0.231051  818 4
156.922  0.24267  1603 4
4.876  0.130769  130 4
-101.86  0.236709  790 6
64.062  0.36788  2142 4
9.188  0.168367  196 6
70.469  0.389497  914 4
-316.626  0.248023  3415 6
50.328  0.338753  4059 6
118.499  0.23741  417 4
17.812  0.26087  322 4
13.343  0.22069  435 6
-331.876  0.131579  190 4
-248.954  0.254492  2059 4
-179.093  0.238636  264 4
-251.191  0.300336  596 4
292.453  0.262689  3704 6
-91.688  0.242991  642 6
62.687  0.369427  1570 6
130.361  0.342999  1414 4
180.03  0.260993  705 6
13.359  0.232108  517 4
13.688  0.315589  526 4
-156.845  0.26222  11170 6
2.844  0.299035  311 4
-40.313  0.262548  259 4
65.095  0.344828  1305 4
-287.377  0.22  250 6
14.625  0.343478  230 6
15.252  0.162055  253 4
-6.189  0.308036  224 4
68.28  0.3249  751 4
65.563  0.364194  1955 6
296.343  0.25  432 6
-200.375  0.222513  382 6
33.36  0.238095  357 4
-163.751  0.0551181  127 4
20.016  0.260978  1207 4
79.47  0.384409  372 6
-310.451  0.255195  1540 6
12.891  0.264535  344 4
13.922  0.2  335 6
58.969  0.358881  1644 4
108.751  0.210526  190 6
213.501  0.243802  484 6
242.486  0.359833  717 4
244.249  0.354362  745 6
62.374  0.274576  885 4
12.657  0.210177  452 4
13.861  0.277496  591 6
57.971  0.348969  1407 4
53.564  0.370205  1121 6
114.22  0.375  280 6
10.095  0.262857  525 6
13.766  0.236641  262 6
-357.124  0.283768  881 4
258.22  0.22482  556 4
56.061  0.373541  1799 4
64.36  0.371359  412 6
-352.407  0.266575  2187 6
-131.501  0.340426  188 6
186.813  0.252193  456 6
21.75  0.225806  186 6
77.438  0.396074  866 4
-297.095  0.258503  3675 6
279.561  0.271357  199 6
-332.313  0.265432  162 4
16.751  0.272277  202 4
50.718  0.343458  2996 4
-392.717  0.194245  278 6
-307.001  0.274648  142 4
155.047  0.338336  733 4
63.939  0.351268  1617 4
9.984  0.238585  2234 4
9.155  0.279022  491 6
12.203  0.222734  651 4
241.655  0.278689  183 4
-123.751  0.247765  783 4
-173.656  0.179054  296 4
13.374  0.171329  286 6
11.016  0.244292  1314 6
22.485  0.281513  238 6
55.116  0.336735  3430 4
-315.345  0.246246  666 6
15.172  0.22439  205 4
13.72  0.297872  235 4
-189.439  0.185417  480 6
56.312  0.237791  2191 4
55.905  0.384698  928 4
115.031  0.400387  1034 6
-133.501  0.290358  923 6
87.75  0.322449  980 4
-320.751  0.201389  432 6
148.282  0.297297  333 4
71.562  0.387144  1369 4
9.844  0.270936  1421 4
111.453  0.379487  390 6
59.766  0.375543  1382 4
-145.251  0.352181  619 4
1.5  0.146789  327 6
100.469  0.335832  667 4
70.109  0.391192  1158 6
15.22  0.367347  245 4
-281.217  0.2103  699 4
17.781  0.35236  911 4
2.203  0.222591  301 6
87.75  0.377358  265 4
271.095  0.344428  691 6
202.467  0.238325  1242 4
67.139  0.384552  1217 6
-105.562  0.305804  448 4
162.797  0.243621  1646 6
14.969  0.238095  651 4
48.967  0.380952  1260 6
-218.437  0.232394  142 6
55.938  0.368891  2353 4
54.563  0.336879  282 6
-163.003  0.260038  523 4
15.141  0.175325  308 4
-3.313  0.255086  3195 6
63.968  0.364979  1896 4
-313.343  0.232323  396 4
8.579  0.125604  207 4
-55.376  0.173516  219 4
1.936  0.200957  209 6
39.625  0.271363  866 6
141.141  0.367694  941 4
48.25  0.340849  2661 6
55.36  0.362105  2375 4
67.749  0.394366  710 4
63.642  0.361829  1509 4
9.624  0.181818  165 6
58.172  0.338993  1649 4
-279.609  0.278689  244 6
-389.797  0.234009  641 6
13.032  0.266436  289 4
67.813  0.408065  620 6
77.483  0.353846  585 4
78.407  0.367647  748 4
238.219  0.40415  1012 6
-98.846  0.246161  2084 6
63.579  0.344081  2171 4
-392.78  0.194558  735 4
226.752  0.275862  464 6
119.702  0.150235  213 6
84.156  0.257326  2184 4
62.532  0.220994  362 6
68.891  0.361861  1741 4
-331.312  0.208861  316 6
16  0.183908  174 6
11.218  0.284188  468 6
12.124  0.185714  140 6
106.281  0.211268  213 6
118.251  0.298643  221 4
-310.093  0.254739  2163 4
-255.593  0.337884  293 6
-171.306  0  16383 4
48.922  0.35386  2176 6
227.062  0.354315  985 6
57.546  0.333211  2728 6
0.311  0.227273  264 4
12.875  0.303846  260 6
13.827  0.113971  272 4
11  0.233251  403 4
-388.641  0.264774  1726 6
237.749  0.251534  489 6
71.468  0.389994  1559 4
67.89  0.363003  1865 6
7.359  0.260091  5079 4
51.985  0.334637  1790 4
259.469  0.244059  1094 6
63.015  0.376543  648 4
-33.501  0.317797  236 6
-220.812  0.367761  1036 6
10.936  0.293173  249 6
27.22  0.219149  470 4
45.594  0.264706  272 4
-24.407  0.255034  596 4
16.486  0.308511  282 6
-153.124  0.0714286  154 6
12.687  0.238889  180 6
153.532  0.21843  293 6
9.312  0.234483  290 6
14.986  0.168033  244 6
12.187  0.186364  220 4
13.499  0.228477  302 4
218.594  0.251273  1178 6
13.001  0.212579  795 4
-252.219  0.278261  230 6
96.938  0.210256  390 6
-276.282  0.18845  329 6
-267.188  0.218254  252 6
65.625  0.307692  260 6
60.625  0.373506  1925 6
23.438  0.230769  338 6
66.516  0.340136  1323 4
124.203  0.335463  313 6
63.655  0.363333  900 6
16.157  0.1875  176 4
-332.782  0.251575  2381 6
11.688  0.260511  2307 4
-308.579  0.246115  1995 4
-36.624  0.267835  799 4
3.906  0.276438  539 6
-236.797  0.248416  1578 4
56.25  0.327635  351 4
-179.844  0.130653  199 6
70.501  0.383478  1150 6
61.467  0.315457  317 4
51.204  0.264318  6757 6
48.564  0.339494  2489 6
-130.813  0.331897  232 4
63.077  0.385597  1097 6
200.531  0.183616  354 6
85.141  0.365217  805 4
5.875  0.255556  180 4
286.687  0.243116  1271 4
73.688  0.364407  590 4
-40.765  0.238612  922 4
-346.376  0.203297  182 6
152.688  0.26455  378 4
8.625  0.172897  214 6
14.485  0.228022  364 4
-221.077  0.245066  2432 6
-1.127  0.262712  590 6
102.845  0.254403  511 6
14.889  0.206434  373 6
78.53  0.340862  487 6
27.734  0.246377  276 6
175.906  0.229614  466 6
179.939  0.267261  449 6
-67.907  0.0803571  112 4
58.39  0.350717  1534 4
-3.752  0  16383 6
-21.218  0.169811  212 4
10.501  0.0875912  137 6
78.812  0.289474  190 6
9.344  0.253567  3084 4
312.61  0.387845  1596 4
27.688  0.125  224 6
67.704  0.361876  981 4
12.61  0.188791  339 6
181.999  0.377456  967 4
14.499  0.16035  343 6
221.312  0.144385  374 6
15.063  0.240964  249 4
8.782  0.224658  730 6
14.843  0.279245  265 6
232  0.238994  159 6
-203.688  0.254335  1038 6
9.109  0  16383 4
17.483  0.270936  203 4
-179.094  0.258763  970 6
2.999  0.251908  262 4
56.624  0.30916  262 6
31.749  0.255009  3494 6
70.031  0.345389  553 6
89.814  0.229209  493 4
-252.624  0.0825397  315 4
-155.688  0.174528  212 6
69.062  0.231618  272 4
0.749  0.221662  397 6
16.594  0.196721  183 6
-7.812  0.252396  313 6
206.718  0.326797  1377 6
15.157  0.280899  534 6
70.765  0.37639  1169 4
6.623  0.268765  413 6
182.437  0.347584  538 4
9  0.190045  221 4
64.062  0.452785  413 4
60.686  0.410989  910 4
-242.376  0.23022  1542 6
-226.656  0.252166  1039 6
313.391  0.248027  887 6
120.658  0.236486  1184 4
-178.124  0.260023  1746 6
153.938  0.382922  1862 6
-315.939  0.345029  171 4
196.954  0.398821  509 4
48.671  0.315774  3493 4
6.578  0.253408  3374 4
293.031  0.222717  898 6
65.72  0.352539  2343 6
14.937  0.1975  400 6
183.125  0.360537  1789 4
65.376  0.358757  354 6
59.25  0.245692  1567 4
14.735  0.278369  564 4
66.248  0.404643  603 4
13.828  0.267327  505 6
-74.562  0.275362  414 4
54.592  0.375869  1583 4
238.719  0.228054  1105 4
50.812  0.232687  361 6
137.563  0.377159  1042 4
66.344  0.344894  1557 4
114.267  0.255932  1180 6
140.032  0.388646  458 6
19.063  0.220859  163 6
77.531  0.391204  432 4
279.108  0.199262  271 6
10.969  0.216033  736 6
3.719  0.24628  1344 6
213.703  0.272966  381 6
226.877  0.292308  260 6
11.655  0.234007  594 6
277.78  0.222222  594 6
227.906  0.276376  872 4
228.437  0.234043  329 4
-249.033  0.256119  1144 4
-142.031  0.314894  470 6
-199.311  0.265517  290 6
12.922  0.264085  568 6
12.813  0.247706  436 6
146.89  0.206349  252 6
-291.22  0.176471  289 6
51.843  0.351525  3738 4
57.283  0.384798  1684 6
-65.64  0.261721  1685 6
-353.906  0.275953  761 4
52.86  0.368755  2362 4
52.875  0.344351  2965 6
-87.548  0.24025  641 6
143.673  0.246753  231 6
75.952  0.386655  1169 6
61.281  0.398355  851 4
-273.502  0.267442  344 4
20.547  0.274262  237 6
12.093  0.246617  1330 4
-357.999  0.248187  1241 6
-291.748  0.288194  288 6
13.28  0.194631  298 6
68.406  0.361006  795 4
-244.718  0.371777  737 4
-161.622  0.368421  304 4
-98.797  0.278146  302 4
72.343  0.388587  368 6
206.873  0.438849  278 6
-251.157  0.193452  336 6
-344.032  0.236043  2436 6
65.36  0.328592  703 6
10.563  0.228457  1497 6
14.796  0.261905  252 6
14.031  0.357513  193 6
126.063  0.267081  483 6
271.594  0.176056  142 4
74.968  0.385821  1340 4
-370.344  0.258333  1440 6
85.282  0.33213  277 6
115.907  0.243455  382 6
13.907  0.215022  679 4
76.563  0.387022  863 4
12.282  0.23221  801 4
-116.5  0.264755  593 6
45.906  0.279167  240 6
205.5  0.273469  245 4
17.343  0.202073  193 4
281.688  0.293814  194 6
-183.719  0.269426  1184 4
11.406  0.244186  602 4
49.609  0.339592  2503 4
-29.218  0.257458  1542 4
66.749  0.319202  401 4
12.126  0.263421  801 4
15.844  0.225641  195 6
11.907  0.267857  672 6
47.827  0.36394  1198 6
12.783  0.261146  314 6
73.062  0.41519  790 6
18.814  0.0797101  138 4
-107.938  0.249286  1051 6
79.908  0.291892  185 4
-222.971  0.219814  323 4
53.031  0.38427  445 6
-388.218  0.264244  1018 6
120.438  0.13  200 6
246.328  0.154545  330 4
-176.923  0.23938  2001 4
56.563  0.366412  393 6
56.876  0.38914  442 6
73.531  0.386534  401 6
16.157  0.25  240 6
66.688  0.340192  1458 4
14.999  0.246575  438 4
-350.686  0.255172  725 4
14.375  0.227704  527 4
14.874  0.239583  192 6
243.845  0.284595  383 6
25.749  0.227848  237 4
60.421  0.348033  839 4
-1.501  0.27381  504 4
168.391  0.238902  1239 6
265.453  0.207547  212 6
-200.781  0.248163  2994 6
-0.624  0.261753  787 4
-318.47  0.25  184 6
15.375  0.144628  242 4
16.688  0.317308  312 4
307.594  0.256983  179 6
17.047  0.232843  408 4
-319.406  0.25  228 4
140.343  0.36225  1049 6
7.062  0.255863  4264 6
208.173  0.354086  1285 6
-32.501  0.300261  383 6
59.906  0.342995  828 4
86.625  0.406897  290 6
8.75  0.212299  683 4
285.14  0.269488  449 4
275.25  0.223729  590 4
12.313  0.302632  304 6
190.251  0.285714  231 4
10.25  0.220238  336 4
-377.313  0.244444  135 6
10.469  0.276231  467 6
18.5  0.309392  181 4
153.625  0.351304  575 4
-20.914  0.222222  306 4
16.28  0.146341  164 4
-146.688  0.270492  488 4
-361.548  0.246014  1317 4
56.389  0.360816  1225 4
-76.954  0.258099  1852 4
-174.671  0.250967  1809 4
65.578  0.366086  1893 4
86.031  0.378029  619 4
10.438  0.250409  1833 6
12.438  0.16087  230 4
148.127  0.335196  179 6
13.578  0.198839  689 4
54.578  0.351502  1798 4
69.626  0.155251  219 6
43.717  0.269231  702 4
57.796  0.361587  2395 6
67.89  0.401099  546 4
51.501  0.344262  3660 4
155.048  0.236715  414 6
5.064  0.26328  4311 4
122.405  0.257732  485 6
12.843  0.224771  218 6
224.25  0.243068  1082 4
14.813  0.242507  367 6
-50.375  0.362776  317 4
-348.11  0.230398  829 6
53.923  0.236794  549 6
91.25  0.410579  397 6
146.094  0.214408  583 6
13.531  0.111111  144 4
55.671  0.360664  2049 4
165.485  0.332481  391 4
-50.937  0.2  210 6
136.499  0.382044  2094 6
12.093  0.244854  923 4
-112.171  0.217822  404 6
57.406  0.354448  2810 4
-12.625  0.173333  225 4
58.045  0.340976  1701 4
-23.75  0.269618  497 6
222.782  0.275049  509 6
-1.017  0.251776  1267 4
6.898  0.26571  14211 4
54.718  0.38872  1649 6
13.311  0.280374  535 4
-215.187  0.246512  430 6
12.189  0.12766  141 6
41.22  0.225225  666 6
12.249  0.210692  318 6
12.625  0.285915  710 6
-237.283  0.241851  2485 4
249.686  0.293179  689 4
159.938  0.271186  236 4
161.876  0.430521  806 6
-371.093  0.260394  457 6
18.016  0.188312  154 6
59.813  0.327146  1724 6
311.062  0.232358  581 6
53.577  0.351942  2060 6
-391.063  0.219231  520 4
-293.907  0.240367  1635 4
203.811  0.291196  443 4
-168.623  0.19863  292 4
289.907  0.215909  176 4
55.908  0.371875  1600 4
-320.843  0.294715  492 4
-327.498  0.236559  186 4
15.298  0.210145  276 6
174.969  0.230916  524 4
-131.172  0.255078  1674 4
18.22  0.220339  177 4
-379.314  0.375817  306 4
69.906  0.429675  647 6
10.093  0.275542  646 6
19.406  0.2  470 4
-5.328  0.259416  2124 6
10.377  0.234198  1234 4
70.328  0.334061  458 6
225.719  0.196923  325 6
65.048  0.32988  1255 6
185.124  0.190635  299 4
0.188  0.313131  297 4
-359.685  0.23871  155 6
-184.282  0.264416  2133 4
-287.454  0.244955  1784 4
11.625  0.236994  865 6
14.249  0.277354  393 6
53.078  0.359086  2058 4
74.594  0.205387  297 6
77.875  0.210843  332 4
75.092  0.384906  530 6
155.438  0.164751  261 4
13.437  0.257703  357 6
25.171  0.243056  144 4
-136.749  0.234375  192 4
53.016  0.379862  2751 4
4.187  0.242179  1854 4
109.936  0.371287  202 6
160.908  0.349206  189 6
73.251  0.336842  1045 4
56.235  0.383479  1489 6
-46.546  0.390428  397 4
-232.657  0.245188  1195 6
11.798  0.262295  1952 4
9.688  0.235813  793 4
-366.625  0.251092  458 6
12.405  0.238636  176 6
0.062  0.263359  524 4
54.517  0.389026  2023 4
13.875  0.294118  374 4
59.844  0.415755  457 4
261.953  0.114504  393 4
10.969  0.248087  1568 4
9.875  0.273469  245 6
-183.749  0.242475  598 6
8.64  0  16383 6
14.781  0.298893  271 4
255.578  0.264242  825 4
-207.593  0.258065  1023 6
-7.999  0.208835  249 4
6.468  0.252921  3167 4
-40.969  0.26749  486 6
-224.734  0.265306  245 4
6.124  0.263207  6474 6
16.126  0.292818  362 4
67.126  0.420268  671 4
104.25  0.299127  458 4
17.281  0.191667  120 4
290.654  0.259534  944 4
-100.953  0.273859  241 4
81.937  0.289362  470 6
139.297  0.351864  1583 4
12.406  0.242604  507 6
5.711  0.256471  3786 4
9.094  0.235943  907 4
-55.392  0.263572  1271 6
52.322  0.325132  4349 6
-381.751  0.261484  566 4
-365.046  0.282523  761 4
-185.671  0.273764  263 6
12.469  0.262267  591 4
181.625  0.243333  300 4
11.311  0.278302  424 6
15.407  0.235521  259 6
55.908  0.324156  2724 6
17.798  0.286458  192 4
153.312  0.275261  287 4
54.157  0.327751  418 6
198.579  0.264381  1721 4
90.061  0.361997  721 4
13.655  0.249057  265 6
-346.593  0.0702703  185 4
11.359  0.260733  1910 4
194.564  0.259949  1558 6
-109.297  0.248711  776 6
56.406  0.35932  2001 4
-125.749  0.248112  1854 4
77.907  0.262369  667 6
133.691  0.264368  174 6
-144.188  0.250323  775 4
60.157  0.36163  589 6
7.282  0.24115  452 4
-297.813  0.252768  542 6
97.032  0.239353  1855 6
53.454  0.340442  3892 4
-247.436  0.276873  614 4
-143.656  0.279817  218 6
54.062  0.306189  307 6
297.184  0.21875  224 6
72.08  0.352  625 4
-252.686  0.234778  1708 4
-294.748  0.238372  172 4
272.388  0.263797  1975 6
191.72  0.357843  1632 6
-101.188  0.229607  331 6
7.858  0.247751  1223 6
119.328  0.271429  1330 6
-78.78  0.307692  182 6
54.172  0.34285  3783 4
10.25  0.24605  886 4
-31.312  0.370404  1088 4
15.888  0.351097  319 4
115.096  0.158031  386 6
-19.562  0.237113  1552 4
104.968  0.397887  284 6
-308.656  0.19426  453 4
-31.284  0.220217  831 6
171.5  0.36612  183 6
17.22  0.157233  159 6
50.484  0.369641  2589 6
-90.376  0.274788  1412 6
-33.172  0.229621  871 6
40.78  0.208696  460 4
13.406  0.224401  459 6
270.298  0.373134  268 4
91.268  0.338961  1540 6
-1.296  0.229975  2422 6
7.626  0.262821  156 4
-341.406  0.250929  538 4
160.438  0.232479  585 4
269.938  0.220807  942 4
127.874  0.381427  1303 4
-213.28  0.0824176  182 4
-212.564  0.250859  1455 4
52.576  0.361837  1415 6
69.874  0.39527  296 4
6  0.25155  2580 6
68.952  0.341804  1574 6
13.124  0.262136  206 4
218.03  0.342105  190 4
-286.252  0.241892  740 6
-380.328  0.263441  1302 4
7.578  0.2506  1249 6
7.14  0.226178  955 6
41.156  0.277612  670 6
-110.438  0.325069  363 6
-2.342  0.260198  907 4
-1.016  0.256855  2480 4
55.248  0.375887  1410 4
-0.938  0.244782  527 4
-322.954  0.254206  2734 6
-312.312  0.228856  201 4
61.626  0.349784  1155 4
67.94  0.289916  952 4
-26  0.302239  268 6
-295.812  0.259958  477 4
85.44  0.336  250 6
56.78  0.406125  1502 6
86.092  0.398396  374 6
13.736  0.217391  322 6
92.624  0.397683  777 6
-290.032  0.262976  289 6
18  0.325893  224 4
15.28  0.291667  144 6
70.266  0.388446  502 6
152.876  0.25039  2564 4
-319.188  0.207729  207 6
61.904  0.356664  1343 6
183.134  0.360097  2055 6
5.062  0.244565  368 6
58.622  0.379661  590 6
154.108  0.240418  287 6
195.03  0.378698  507 4
59.75  0.37542  1489 6
59.046  0.390169  651 6
93.656  0.258952  1927 6
-275.904  0.210402  423 4
52.516  0.332594  1353 4
14.72  0.260736  326 4
-2.716  0.251736  576 6
87.438  0.269058  446 6
187.844  0.374257  1010 6
28.5  0.108844  147 4
9.876  0.230769  429 4
83.594  0.389408  642 6
75.344  0.406709  477 4
11.688  0.245963  805 4
54.202  0.353422  1958 6
55.298  0.343936  2515 6
78.06  0.328922  529 4
-290.998  0.195335  343 4
-265.156  0.228758  306 6
-84.688  0.286957  345 4
16.468  0.16875  160 4
56.06  0.342419  587 6
110.284  0.347686  929 6
74.158  0.359431  281 6
237.138  0.0869565  207 6
73.344  0.365248  1410 4
-382.656  0.413793  522 4
215.236  0.272206  349 6
63.72  0.37509  1389 4
14.28  0.305648  301 4
5.69  0.23301  309 6
138.78  0.345912  318 4
67.374  0.387191  687 6
-205.22  0.163889  360 6
-167.704  0.228332  1073 6
293.436  0.406838  585 6
-386.156  0.185864  382 4
-142.468  0.221333  375 6
115.78  0.22449  196 6
-231.624  0.225271  1567 6
113.828  0.349515  309 6
-28.468  0.288  375 6
5.484  0.257253  517 6
14.312  0.194805  308 4
-84.138  0.260586  1535 6
83.344  0.371917  527 6
86.844  0.42973  370 4
-86.298  0.250799  1252 4
56.686  0.342995  1242 6
-344.58  0.0194175  103 6
90.592  0.4  320 6
13.094  0.223433  367 4
202.312  0.254656  2309 6
54.22  0.353309  2236 6
-84.376  0.322727  220 4
55.752  0.341418  2144 6
12.736  0.276522  575 6
247.124  0.362069  290 4
62.172  0.378218  1515 4
63.266  0.363281  768 4
-392  0.22827  1139 4
216  0.261905  168 4
-240.89  0.282776  778 6
57.564  0.33426  3237 4
8.97  0.237152  1615 4
-394.64  0.116438  146 4
14.376  0.164875  279 4
-280.812  0.252252  111 4
51.36  0.283898  236 4
-249.61  0.287402  254 6
90.5  0.342857  210 4
58.626  0.373692  2007 4
122.124  0.140777  206 4
53.828  0.343706  707 6
-200.906  0.275785  446 6
57.656  0.358491  1219 6
57.594  0.395349  301 6
-205.03  0.259099  1154 6
15.766  0.195652  184 4
70.126  0.362185  1190 6
-103.22  0.230409  855 6
14.782  0.221239  226 6
57.844  0.43026  423 6
6.876  0.217105  304 6
-230.752  0.373626  182 4
-105  0.238145  949 4
41.938  0.305085  177 4
10.876  0.247632  739 4
122.532  0.306034  232 6
-310.876  0.223514  774 6
260.096  0.360449  713 6
85.812  0.345912  636 6
-367.766  0.225753  1794 6
61.672  0.344248  2260 6
13.686  0.215434  311 6
153.124  0.228395  162 6
-27.624  0.272727  231 6
90.438  0.376963  382 6
-321.874  0.243979  955 6
157.752  0.237613  1776 4
14.718  0.106145  179 6
82.218  0.332454  758 6
48.64  0.335801  2972 6
-317.156  0.148515  404 4
-244.844  0.226324  623 6
181.156  0.319963  1072 6
10.766  0.232387  951 4
102.436  0.354348  460 6
193.344  0.245375  1027 6
-3.422  0.2  980 6
66.188  0.35309  1586 4
70.218  0.338129  1390 4
-4.124  0.162736  424 6
-195  0.229885  348 6
-341.624  0.196226  265 4
56.812  0.302115  331 4
136.564  0.236395  588 4
200.75  0.248031  254 4
-237.108  0.221325  1238 4
-397.468  0.259217  868 4
-246.594  0.185819  409 4
59.734  0.374931  1811 6
260.25  0.222222  252 6
49.924  0.326695  2611 4
-358.266  0.0264901  151 4
71.812  0.384724  707 6
0.28  0.18956  364 4
-140.312  0.244275  393 4
138.126  0.214286  896 4
70.594  0.382863  922 4
175.034  0.335404  483 4
61.766  0.402191  1278 4
73.656  0.355653  911 6
182.53  0.386423  383 4
12.626  0.250549  455 6
91.5  0.268966  290 6
-127.28  0.235788  1073 4
11.562  0.199029  412 4
-212.532  0.297297  999 4
137.094  0.250567  882 4
-130.968  0.215  400 6
246  0.344086  279 6
71.408  0.366234  385 4
11.284  0.288553  1057 4
6.83  0.282898  1877 4
-17.468  0.272367  1263 4
64.17  0.360887  1488 4
-198.064  0.240076  529 4
97.158  0.22293  157 4
130.352  0  16383 6
50.256  0.33362  4649 4
-285.5  0.234332  367 6
-9.5  0.239024  205 6
3.892  0.234591  2093 6
-108  0.222411  589 6
65.966  0.371859  995 4
-78.186  0.197605  167 4
52.39  0.355562  3524 6
66.218  0.453311  589 6
81.018  0.427451  510 6
52.828  0.360424  1415 4
67.718  0.342742  248 6
109.234  0.16  200 4
55.204  0.348991  2576 6
-138.5  0.184358  179 4
-183.372  0.311377  167 4
12.748  0.260684  234 6
82.25  0.370031  654 6
7.25  0.23389  1257 4
96.188  0.346062  419 4
15.72  0.358779  262 6
10.782  0.273179  604 4
17  0.260465  215 6
12.188  0.243767  722 4
213.89  0.349412  850 6
69.016  0.370324  802 4
-294.846  0.219512  410 4
34.376  0.223301  206 6
119.454  0.34471  293 6
9.376  0.257762  2029 6
86.514  0.311953  343 6
-337.956  0.333333  369 6
-17.564  0.221344  253 6
-243.718  0.268707  294 4
-57.718  0.221591  704 4
172.408  0.339483  271 6
12.72  0.226471  340 4
256.248  0.364796  784 6
-278.562  0.214533  289 4
82.314  0.357252  655 6
-47.532  0.244813  482 4
12.816  0.255924  211 6
55.452  0.335385  1300 4
25.564  0.190821  414 6
-257.124  0.246677  677 6
-38.658  0.240122  329 6
50.282  0.332993  3919 6
129.736  0.230303  165 4
111.924  0.37709  1196 4
212.72  0.371014  345 6
15.126  0.2746  437 4
109.204  0.336735  196 4
255.08  0.400293  682 6
67.062  0.389724  798 6
9.216  0.256117  613 6
-72.89  0.232227  211 4
53.796  0.416084  858 4
10.406  0.260317  315 6
27.47  0.245771  2010 4
0.452  0.239978  1821 4
169.904  0.352246  423 6
59.86  0.395161  248 6
3.688  0.164502  231 6
12.796  0.245729  761 6
10.31  0.250883  283 6
-181.032  0.159236  314 6
167.72  0.382199  382 6
128.33  0.384793  434 4
282.626  0.2  280 6
1.04  0.259566  12910 6
33.796  0.231655  695 4
-223.234  0.282883  1665 6
103.72  0.3  430 4
-1.084  0.258373  12451 6
-205.936  0.240978  859 6
68.142  0.364706  595 6
-33.252  0.260317  315 4
-112.312  0.277338  631 6
-29.624  0.291667  192 4
193.688  0.26505  1196 4
293.096  0.2  340 6
13.156  0.169231  325 6
97.86  0.232068  474 4
72.406  0.388571  1050 6
15.11  0.258182  275 6
46.392  0.358467  2427 6
-283.814  0.286957  345 4
276.216  0.217857  840 4
16.562  0.264423  208 4
-68.47  0.308943  246 6
-3.874  0.269622  1376 6
290.75  0.222308  1291 6
14.656  0.11811  127 4
13.36  0.281106  434 6
-84.094  0.225  240 4
70.656  0.282258  248 4
13.25  0.279383  519 4
58.076  0.377871  1437 4
88.436  0.375706  708 6
254.656  0.266667  3030 6
71.236  0.264396  1615 4
-314.562  0.242188  384 4
193.436  0.255352  654 6
215.126  0.255357  560 4
108.25  0.245754  2002 4
61.216  0.38332  1247 6
198.284  0.117318  358 4
69.954  0.365217  1265 6
-21.686  0.172269  238 6
15.624  0.211009  218 4
8.014  0.243992  4369 4
275.472  0.161616  198 4
189.596  0.241228  456 6
-11.838  0.102179  16383 4
20.094  0.187773  229 6
85.158  0.367953  337 4
289.188  0.244541  1832 4
53.752  0.350788  1967 6
-127.626  0.23621  2248 4
53.108  0.363491  1879 4
298.284  0.354054  370 6
74.032  0.371707  1025 4
249.812  0.27  200 4
24.75  0.225  720 4
236.42  0.238934  2101 4
61.688  0.335789  1629 4
13.936  0.225434  173 6
-346.062  0.201327  452 4
-396.732  0.11811  127 6
-210.954  0.254167  240 6
15.812  0.126506  166 4
12.36  0.233766  693 6
53.236  0.357963  2612 6
61.328  0.365876  1096 4
8.688  0.183908  174 4
72.466  0.388563  682 4
-78.608  0.263743  1619 4
-112  0.172093  215 6
-194.438  0.272126  1209 4
57.954  0.35151  2219 6
14.08  0.278746  287 6
-109.216  0.253333  300 6
5  0.250257  971 4
-2.874  0.251346  557 4
-53.564  0.228346  254 6
71.034  0.255605  223 4
13.408  0.253807  394 6
-316.142  0.21728  1169 6
159.454  0.377025  1358 4
54.64  0.343137  612 4
4.216  0.235052  970 6
76.5  0.372368  760 6
20.752  0.179012  162 4
-20.376  0.195122  205 4
-43.438  0.219969  641 4
14.748  0.186603  418 4
16.14  0.308271  266 4
60.876  0.359393  857 6
-87.688  0.210953  493 6
-305.25  0.282555  407 6
-197.064  0.257101  3415 4
-321.844  0.395833  240 4
46.966  0.27584  1577 4
65.28  0.360727  1156 6
-105.21  0.217237  16383 6
73.374  0.267964  668 4
-260.532  0.0967742  124 4
86.156  0.246281  605 4
4.658  0.248687  3997 6
65.844  0.389796  980 6
-369.032  0.299679  624 4
-238.216  0.254178  1137 4
12.032  0.124498  249 4
71.78  0.264182  617 4
147.468  0.391304  1012 6
312.312  0.20603  597 6
10.062  0.268139  317 4
-190.53  0.247675  2043 4
62.704  0.252252  555 6
14.28  0.235714  560 4
-219.22  0.349657  2042 4
-272.344  0.256732  557 6
-39.924  0.243623  1921 4
301.28  0.176136  176 4
14.984  0.214008  257 4
12.284  0.255072  690 6
263.686  0.225532  705 4
193.158  0.336838  2568 4
14.31  0.196339  601 4
9.472  0.209968  943 4
7.904  0.219533  1157 4
43.298  0.266504  1636 6
-225.126  0.277778  162 4
-105.874  0.245989  374 4
-88.376  0.2875  160 4
295.89  0.246106  321 4
15.156  0.262799  293 6
-189.64  0.25  1708 6
15.702  0.269841  378 4
63.518  0.368534  464 4
59.06  0.140187  214 6
-216.92  0.262568  6783 6
135.092  0.363211  1495 4
-158.892  0.227848  474 4
16.78  0.190476  231 4
228.186  0.23569  594 4
16.502  0.246711  304 4
-286.58  0.237762  1144 6
60.096  0.412879  264 4
-274.89  0.237624  202 6
14.64  0.270042  237 4
212.564  0.186364  220 6
-3.532  0.255567  1976 4
146.342  0.181319  364 4
54.358  0.370244  2050 4
260.502  0.25  1300 6
210.484  0.380785  1426 4
125.154  0.322785  474 6
-231.844  0.204878  205 4
297.826  0.271084  332 4
-201.188  0.234957  349 6
-381.374  0.292428  383 4
13.032  0.234742  1065 4
-52.04  0.246887  3775 6
302.69  0.25  736 6
10.406  0.253886  2316 4
-161.03  0.1792  625 4
-365.39  0.256039  207 4
-191.97  0.25463  432 6
64.812  0.403186  816 6
250.968  0.244186  516 4
52.064  0.348035  2494 6
-375.14  0.117409  247 6
-292.608  0.258621  1566 4
-154.312  0.215232  302 6
91.954  0.288136  236 6
8.188  0.30854  363 4
208.064  0.426494  619 4
-345.47  0.244838  339 4
119.358  0.241637  3079 4
163.404  0.335135  740 6
-141.064  0.284779  611 6
32.812  0.102362  127 4
17.268  0.292683  246 4
284.002  0.376894  528 6
85.314  0.389831  767 4
60.904  0.379921  508 4
7.22  0.256231  1003 6
181.376  0.274854  342 4
13.626  0.256674  487 6
12.766  0.222408  598 6
-67.828  0.247368  1520 6
55.032  0.395923  932 6
51.594  0.349245  2849 6
12.83  0.26455  567 4
75.092  0.34456  1158 4
12.562  0.190141  142 4
-203.408  0.308271  532 4
67.298  0.365907  1842 4
239.626  0.256061  660 4
-4.688  0.246305  1218 6
12.346  0.228412  718 6
8.124  0.255422  830 6
-42.794  0.231183  186 4
82.094  0.465228  417 6
135.184  0.280899  267 6
-303.188  0.225806  217 4
-283.422  0.246614  1403 4
166.578  0.259789  1609 6
-312.872  0.248677  189 4
75.376  0.365452  851 4
199.56  0.391579  950 6
17.266  0.31405  242 4
96.904  0.3375  400 6
0.796  0.266494  1925 6
0.922  0.234947  847 4
70.124  0.369295  241 6
-67.44  0.247557  614 4
36.548  0.246935  1713 6
66.092  0.351562  1152 6
5.538  0.251076  8830 6
90.656  0.373777  511 4
-297.842  0.23385  1548 4
285.22  0.226872  454 6
13.268  0.257406  979 6
18.908  0.242242  2159 6
14.188  0.220641  281 6
55.78  0.351837  2450 4
-150.828  0.244635  233 6
70.062  0.397115  1040 4
66.032  0.379874  795 6
14.796  0.200669  299 4
57.424  0.368103  2483 4
-148.172  0.267039  895 6
-159.594  0.253859  2915 4
69.94  0.385417  576 6
-189.064  0.235294  697 4
-271.438  0.182891  339 6
85.5  0.388254  613 4
64.594  0.396667  600 6
9.624  0.301255  239 4
167.484  0.363748  811 6
55.232  0.353989  1291 6
-332.298  0.278027  223 4
-169.25  0.275862  232 6
66.436  0.376122  1114 6
283.344  0.374233  489 4
11.156  0.238806  737 6
13.938  0.316832  303 4
-125.564  0.214182  691 6
-385.592  0.25  200 4
69.428  0.169014  213 4
206.644  0.255365  466 4
38.672  0.203046  197 6
-192.548  0.257457  1911 6
10.56  0.248804  209 6
11.032  0.256536  612 6
-245.812  0.273784  1892 4
-384.108  0.283988  331 4
76.58  0.283668  349 4
64.502  0.378911  1726 6
15.31  0.285714  441 4
11.252  0.222222  567 6
13.156  0.248148  270 6
-135.658  0.252677  467 4
77.188  0.345337  1083 6
206.906  0.361576  1015 6
64.404  0.366366  333 4
-123.408  0.249468  1880 6
49.752  0.345288  3597 6
87.626  0.370098  408 4
54.528  0.345427  1323 4
281.062  0.221519  474 6
-133.874  0.261394  746 6
-184.564  0.252874  348 4
-38.312  0.205674  282 4
77.33  0.398374  738 4
-61.052  0.0374779  16383 6
68.656  0.334146  410 6
58.28  0.364263  1886 4
65.686  0.389507  629 4
13.654  0.195  200 4
181.344  0.317073  164 6
12.766  0.221494  763 4
9.908  0.241319  1728 6
285.874  0.245763  236 6
57.624  0.34709  945 4
15.736  0.212996  277 4
237.252  0.246692  2343 4
85.594  0.375  840 4
121.156  0.28866  194 4
64.032  0.365873  1260 4
251.686  0.249245  1986 6
2.032  0.220399  853 4
86.22  0.365103  682 4
27.592  0.257463  3216 6
18.796  0.233716  261 4
-139.814  0.268908  238 4
60.048  0.345779  2357 6
53.218  0.366147  1412 4
-304  0.206806  382 6
62.032  0.364833  1291 6
3.062  0.20122  164 6
298.782  0.26125  2511 4
11.78  0.22949  902 6
31.252  0.252381  210 4
19.11  0.237288  177 6
9.688  0.0344828  87 6
58.156  0.352758  2248 4
16.624  0.246862  239 4
-16.312  0.252577  194 4
261.312  0.170732  123 4
-362.14  0.208861  158 6
12.564  0.274436  266 4
-356.232  0.147368  190 4
277.282  0.277174  184 6
67.5  0.407895  836 4
0.562  0.279661  236 4
-381.25  0.235294  204 6
59.844  0.361165  1030 4
-51.656  0.233618  351 4
-70.374  0.222222  324 6
68.686  0.345506  712 4
6.72  0.23734  1639 6
11  0.189655  174 6
-389.874  0.320197  203 6
66.702  0.344937  948 4
131.374  0.231169  385 6
16.296  0.209486  253 4
-122.298  0.246407  487 4
9.626  0.126984  189 6
54  0.368734  1516 6
-5.72  0.293333  300 6
38.812  0.1893  243 4
15.252  0.0895522  201 4
73.844  0.358865  705 6
17.156  0.294686  207 6
15.64  0.221719  221 4
64.702  0.370496  1471 6
-302.312  0.2352  1250 6
11.814  0.284404  218 6
8.39  0.242973  2597 4
124.376  0.336245  229 6
71.764  0.401003  1197 4
13.596  0.112994  177 4
79.234  0.334158  404 6
-5.516  0.260845  1775 4
-306.308  0.259676  2222 6
63.688  0.388983  1779 4
235.436  0.280136  589 6
76.844  0.437673  722 4
13.53  0.26151  543 6
-325.592  0.247312  465 6
10.188  0.285714  210 4
13.906  0.235577  208 6
8.408  0.239506  810 4
53.298  0.247706  2180 4
-251.094  0.265416  746 4
-18.032  0.211538  208 6
-294.36  0.26068  2060 6
-374.204  0.186441  236 4
15.062  0.230958  407 4
73.876  0.23905  2443 4
63.764  0.342397  1986 6
49.376  0.243077  650 6
-64.002  0.257218  381 6
15.876  0.24  150 6
17.938  0.0700637  157 4
10.624  0.336406  217 6
61.094  0.382895  1789 4
4.812  0.242449  1225 4
71.36  0.380824  1116 6
58.14  0.385768  267 4
18.06  0.335227  176 6
-94.062  0.239078  824 4
131.798  0.421419  719 4
72.844  0.38101  832 6
105.562  0.381657  338 4
-209.438  0.247826  230 6
-111.376  0.261654  665 6
69.814  0.350416  1561 4
-346.25  0.216162  495 6
260.97  0.228729  905 6
174  0.425532  376 4
156.032  0.165698  344 4
71.516  0.315682  491 6
12.858  0.285266  638 4
70.342  0.382892  982 4
173.374  0.256831  183 6
119.86  0.346847  1776 6
9.748  0.23348  1362 6
131.062  0.375995  1633 4
11.124  0.249504  3527 6
61  0.368996  458 4
61.984  0.385955  1780 6
-43.018  0.244943  2719 4
44.716  0.329833  3047 6
13.28  0.217039  493 6
14.5  0.225191  524 4
-217.064  0.3  400 4
51.128  0.337945  3903 4
-316.468  0.251532  2938 6
283.888  0.26026  1925 6
-24.44  0.212121  132 4
-125.124  0.245989  187 6
60.968  0.364611  1119 4
57.752  0.216634  1034 4
295.172  0.129771  131 6
36.156  0.382775  209 4
217.876  0.374749  499 4
19.172  0.275148  338 6
-207.936  0.312102  157 4
-377.408  0.364528  1325 6
53.52  0.321046  2333 4
19.252  0.11236  89 6
294.72  0.136872  358 6
185.296  0.255917  1352 4
3.72  0.258373  209 6
69.268  0.372951  244 4
50.36  0.338424  3274 6
6.248  0.204348  920 4
78.5  0.421405  598 4
-272.28  0.247961  613 4
6.736  0.255619  2625 6
61.56  0.347553  797 6
12.312  0.282828  297 6
75.22  0.345985  685 6
-250.596  0.296117  206 6
53.248  0.388889  234 6
-394  0.215962  213 4
-182.408  0.361564  307 6
-273.124  0.264129  867 4
138.188  0.249144  1168 4
54.28  0.364012  1934 4
-46.78  0.24974  1926 6
64.42  0.344518  1669 6
106.828  0.298535  546 6
-363.956  0.203857  363 6
91.996  0.379939  329 4
69.22  0.364842  603 6
-273.924  0.254252  1176 4
-252.688  0.303957  556 4
-92.596  0.209302  258 4
208.684  0.257952  2012 6
12.816  0.330769  260 4
-233.94  0.323009  226 4
14.408  0.276231  467 4
-234.656  0.259615  1872 4
57.908  0.342583  937 6
160.844  0.283163  392 4
214.496  0.116788  137 6
184.5  0.219378  547 4
162.344  0.356153  1154 4
81.904  0.35631  943 4
203.736  0.267011  2131 6
30.328  0.247472  1879 4
83.84  0.186667  225 4
59.436  0.163934  183 6
-69.624  0.321534  339 4
11.28  0.244604  278 6
268.188  0.41048  458 4
48.376  0.331935  4290 4
-230.188  0.290653  781 4
6.468  0.264789  1065 6
14.752  0.279152  283 4
-333.78  0.259102  1181 4
-98.908  0.255479  1597 6
-97.532  0.243719  398 6
83.968  0.385027  561 4
9.22  0.207278  632 6
302.688  0.351464  478 4
-37.596  0.1875  160 4
11.908  0.260042  473 6
58.596  0.377907  516 6
14.032  0.213415  164 4
-247.312  0.244572  2257 4
-20.736  0.246531  4036 4
27.892  0.270992  262 6
-160.64  0.239662  1064 4
14.844  0.184783  276 6
158.936  0.231959  1358 6
68.64  0.365611  1611 4
9.876  0.159763  169 4
-54.56  0.195455  220 4
82.984  0.412844  545 4
77.452  0.183406  229 4
-223.612  0.242913  2293 6
272.748  0.195489  266 6
-309.248  0.275862  203 4
64.656  0.35257  1109 6
55.748  0.357326  389 6
276.732  0.338432  1046 6
57.764  0.341586  2585 4
-326.172  0.25698  1934 6
15.548  0.247273  275 4
-180.456  0.302536  552 4
-147.748  0.161074  149 4
117.032  0.375  880 4
67.752  0.349971  1703 6
12.94  0.269165  587 6
195.092  0.239203  301 6
-182  0.216931  189 6
61.124  0.374092  1652 4
-190.252  0.253165  790 6
90.844  0.247678  646 4
-3.58  0.239663  1306 4
-228.532  0.204762  210 4
-1.608  0.230248  1772 4
90.312  0.406615  514 4
55.796  0.303254  676 4
305.84  0.24097  2104 6
-196.344  0.268464  1855 4
-187.064  0.243581  1519 4
67.204  0.346307  1259 6
47.996  0.366071  1344 6
14.344  0.227848  395 6
-212.22  0.218861  562 6
5.624  0.238602  658 4
52.968  0.359551  1246 4
6.448  0.260461  3083 6
90.5  0.375576  434 6
48.972  0.234657  1662 4
289.248  0.285124  242 4
-207.14  0.236715  414 6
-110.968  0.22408  1495 4
105.436  0.239901  2030 4
10.464  0.263473  334 4
62.108  0.397667  943 4
-209.532  0.191906  16383 6
-126.304  0.251096  1597 6
32.496  0.251572  159 6
-228.844  0.305699  193 4
-310.436  0.183844  359 6
14.3  0.238754  289 4
55.424  0.339892  2592 4
-53.42  0.243469  957 6
250.204  0.211949  703 6
64.972  0.352683  2050 4
-65.78  0.212528  447 4
34.092  0.236429  829 6
15.312  0.224719  267 6
16.108  0.245665  346 4
-270.096  0.23416  1815 6
60.168  0.358003  1743 6
-396.06  0.264766  491 4
124.528  0.392623  1979 4
146.624  0.232673  202 6
-101.376  0.277035  823 4
199.424  0.302326  301 6
17.704  0.387978  183 4
201.124  0.00970874  103 4
-83.156  0.240919  1872 4
-360.748  0.284783  460 6
152.14  0.239748  634 4
12.908  0.105085  295 6
14.924  0.212707  362 6
71.344  0.327848  1580 4
14.332  0.21843  293 4
52.596  0.345097  2947 4
-171.312  0.309859  213 6
-224.656  0.209335  707 6
-362.904  0.2287  223 6
-349.176  0.194915  354 6
14.624  0.177686  242 6
86.392  0.380098  613 6
13.344  0.230909  550 6
-333.72  0.248191  1797 4
221.624  0.356742  356 4
15.936  0.284848  165 6
27.344  0.185185  162 6
17.344  0.244118  340 4
-2  0.257576  330 4
17.576  0.221053  190 6
219.064  0.382593  1103 6
13.064  0.1  160 4
-43.312  0.259067  193 4
59.608  0.388206  814 6
71.624  0.417969  512 6
84.608  0.384915  769 6
65.316  0.363263  1459 4
-229  0.271429  210 6
57.904  0.407307  739 6
42.624  0.25  168 6
-100.984  0.235174  1956 6
5.812  0.104072  221 4
216.688  0.417936  591 4
-2.092  0.262964  16295 6
131.404  0.40309  712 6
14.42  0.373134  201 6
12.284  0.236702  376 6
188.608  0.27439  1148 4
9.436  0.265572  1461 6
15.704  0.230769  273 4
228.34  0.265504  2064 6
12.252  0.317526  485 4
48.544  0.347539  2722 4
183.44  0.404067  1131 6
-44.464  0.236941  1857 6
66.252  0.376692  1330 4
12.628  0.18315  273 6
-385.36  0.248503  668 6
64.5  0.224138  174 4
154.784  0.386117  461 6
58.56  0.368283  1526 4
80.2  0.396966  791 6
16.564  0.377593  241 6
11.78  0.348739  238 6
154.188  0.438119  404 4
196.996  0.227129  317 6
8.172  0.0829518  16383 4
-69.156  0.271536  534 6
69.888  0.406337  1073 4
13.388  0.228111  434 4
57.468  0.362881  361 6
296.264  0.340098  1626 6
59.264  0.354606  1943 6
241.376  0.360406  394 4
-36.688  0.203974  755 6
148.56  0.206422  218 6
63.528  0.348063  1652 4
203.688  0.318841  276 6
280.716  0.34903  722 6
-112.42  0.235003  1617 6
69.436  0.320158  1012 6
10.376  0.222561  328 4
55.752  0.326765  609 6
15.156  0.228261  460 4
-92.22  0.227758  843 4
-1  0.207373  217 6
-209.828  0.266949  472 4
145.628  0.382102  704 4
169.252  0.111111  171 4
15.784  0.185185  378 6
293.688  0.208333  264 4
6.344  0.252252  777 4
56.78  0.353327  1984 6
97.376  0.25463  216 6
15.904  0.188366  361 6
3.596  0.257489  3305 6
58.624  0.384314  255 6
-226.028  0.264384  730 4
14.284  0.282772  534 6
154.624  0.141844  282 6
11.748  0.283237  173 6
-324.828  0.260965  456 4
64.5  0.369136  2430 4
83.468  0.244152  1368 6
158.688  0.416026  911 6
15.516  0.27193  228 4
56.376  0.363316  2557 6
7.876  0.231015  1251 4
54.704  0.28629  248 4
62.784  0.366636  1091 4
99.032  0.488636  352 4
13.312  0.193353  331 6
13.452  0.274262  237 6
16.404  0.257576  264 4
10.92  0.252546  1964 4
205.172  0.356355  1723 4
46.924  0.358299  2163 6
-0.844  0.259378  933 6
8.472  0.262894  1997 4
54.36  0.337302  3528 4
-29.108  0.265806  1550 4
312.14  0.263298  752 4
13.872  0.209974  381 4
203.72  0.251779  1124 4
255.22  0.272606  752 4
97.064  0.276836  177 4
146.468  0.387692  650 6
56.28  0.418712  652 6
13.936  0.270417  551 4
-356.22  0.2341  739 6
-317.66  0.259643  2126 4
7.092  0.255556  180 4
-269.72  0.288462  364 4
11.124  0.212571  875 4
-1.688  0.377358  318 4
17.688  0.253968  189 6
14.284  0.244123  1659 4
-91.376  0.175115  217 6
-203.752  0.260641  1715 4
11.344  0.269461  167 6
65.252  0.348811  883 6
81.408  0.24266  3338 6
-41.344  0.245847  1505 6
-201.672  0.246809  235 6
-94.376  0.254642  377 4
11.752  0.250193  1295 6
-78.472  0.268889  450 6
13.656  0.305816  533 6
-86.044  0.26474  865 4
10.092  0.264851  1212 6
54.504  0.362984  2091 4
16.904  0.235294  476 4
31.204  0.29717  212 6
-99.688  0.201429  700 4
-361.996  0.185185  135 6
14.716  0.356589  258 4
6.78  0.24952  2605 4
78.624  0.165468  139 4
-147.748  0.180723  332 6
11.752  0.245536  448 6
11.876  0.204595  914 4
11.7  0.238324  1456 4
-59.78  0.255133  13248 4
152.688  0.222656  1024 6
72.36  0.352823  496 6
13.876  0.348958  192 4
-264.72  0.236295  529 6
-39.312  0.234375  448 4
-190.688  0.269076  249 6
-204.124  0.246224  1324 6
54.856  0.34202  2763 4
-357.784  0.234973  366 6
48.032  0.35477  2348 4
16.064  0.0909091  154 6
84.404  0.428315  558 4
139.344  0.38255  1043 6
59.924  0.399254  268 6
-254.5  0.293893  524 6
12.484  0.217923  491 4
14.844  0.278607  402 6
-392.404  0.211313  937 4
184.812  0.287059  425 4
9.436  0.216374  171 6
-266  0.135484  155 6
16.78  0.259804  204 6
-323.468  0.198182  550 4
8.624  0.339934  303 6
17.048  0.0185185  108 4
290.156  0.237378  1129 4
21.128  0.321608  199 4
12.548  0.220447  313 6
131.184  0.30303  198 4
78.688  0.368732  339 6
55.36  0.389604  2020 4
10.064  0.227273  308 6
16.5  0.223938  259 6
147.72  0.401434  279 4
69.608  0.406504  246 4
12.308  0.201493  268 6
176.504  0.356815  2399 6
-185.44  0.273469  245 6
60.252  0.32853  347 4
-65.092  0.122807  171 6
6.672  0.247804  3757 4
11.232  0.256711  596 6
23.264  0.254269  527 4
111.488  0.242038  942 4
-227.064  0.251578  1109 6
55.796  0.340672  2589 4
279.312  0.261719  256 4
-310.672  0.254296  582 4
-49.312  0.266715  12384 6
-190.816  0.267477  329 4
58.904  0.362307  2462 4
-127.5  0  16383 4
-85.812  0.268595  242 4
229.436  0.2723  426 6
5.628  0.328431  204 4
-36.688  0.215074  544 6
-209.032  0.233503  788 4
74.704  0.344309  1397 4
14.88  0.236915  363 4
-316.748  0.246787  389 4
64.28  0.389277  1287 4
297.44  0.231405  726 6
-380.252  0.270953  1742 4
10.688  0.264286  420 6
16.58  0.0612245  147 4
-0.656  0.214286  336 6
-53.06  0.273399  406 4
23.984  0.322275  211 6
64.908  0.385646  1045 4
25.312  0.253049  328 4
165.456  0.383016  577 6
216.096  0.388489  417 4
9.752  0.276139  373 4
-328.092  0.156757  185 6
12.124  0.117188  128 4
14.856  0.242553  235 6
-334.844  0.236426  2026 6
64.72  0.250774  323 6
191.312  0.272727  803 6
253.876  0.236246  309 4
-248.392  0.0869565  184 4
11.188  0.241379  319 4
12.624  0.233803  355 4
11.752  0.2  475 6
-283.064  0.0645161  186 4
58.876  0.338694  2052 4
10.596  0.271186  236 6
84.592  0.170093  535 4
24.468  0.263514  148 4
-114.048  0.198238  227 6
16.408  0.322034  236 6
13.78  0.0347222  144 4
3.596  0.317181  227 6
54.984  0.352991  2357 4
36.408  0.279365  315 6
-160.516  0.196226  265 6
12.5  0.204545  264 6
309.108  0.434146  410 6
65.468  0.36194  536 6
-2.812  0.250487  1026 4
245.128  0.186813  182 6
6.672  0.245161  1550 6
74.752  0.405738  488 6
-87.844  0.258675  317 6
-114.136  0.208202  317 4
-6.656  0.257991  876 6
12.748  0.251874  667 4
58.032  0.368818  2123 4
311.016  0.314286  175 4
75.3  0.463376  628 4
261.096  0.272  375 6
14.456  0.25523  478 6
188.844  0.245455  440 4
-170.628  0.194553  257 4
68.92  0.359551  1157 6
-83.592  0.205955  403 4
-104.92  0.244877  1903 4
-156.42  0.0958904  219 4
52.576  0.348728  4244 4
-76.752  0.202216  361 4
226.408  0.282585  913 4
-192.232  0.243288  1825 6
14.248  0.240143  558 4
-172.184  0.222962  601 4
101.576  0.467442  430 6
-285.78  0.243299  1455 6
157.28  0.23277  769 6
56.044  0.352332  1351 4
-251.716  0.21978  637 6
-167.436  0.22467  227 6
62.748  0.364837  1439 6
289.216  0.35  1560 4
12.156  0.243077  325 4
9.876  0.225309  324 6
196.56  0.309524  210 6
52.376  0.351313  2095 6
15.312  0.223881  268 4
13.112  0.228457  499 6
15.016  0.277778  324 6
61.436  0.379397  796 4
76.312  0.22905  716 6
235.064  0.331984  247 4
13.78  0.147208  197 6
114.764  0.255682  2464 4
8.496  0.2375  160 6
26.44  0.266667  225 4
95.096  0.377289  1092 6
176.22  0.434243  403 6
76.312  0.422701  511 6
-124.892  0.297872  235 4
-12.404  0.253425  1022 6
-235.5  0.228883  367 6
102.264  0.239118  1723 6
-225.876  0.159722  144 4
114.188  0.28972  428 6
269.72  0.357643  1714 4
59.232  0.39479  1996 4
52.528  0.371148  2239 6
13  0.236036  555 4
-313.936  0.22052  1501 6
58.828  0.350045  2234 6
90.5  0.355301  349 4
281.016  0.245562  1014 4
-209.032  0.274627  335 4
13.128  0.264276  753 4
51.876  0.247475  396 6
-124.296  0.231369  2053 6
-249.36  0.271062  273 6
-249.628  0.255814  301 6
11.688  0.307985  263 4
9.936  0.27015  1799 4
111.488  0.391232  1209 4
-36.484  0.203297  182 4
55.812  0.410771  947 6
55.14  0.366173  1147 4
52.736  0.351931  1631 6
11.812  0.243408  493 6
-206.528  0.292835  321 4
-264.816  0.327381  168 6
11.592  0.224242  495 6
62.628  0.370898  1615 4
-280.06  0.240086  1866 4
12.124  0.234797  1184 4
11.844  0.237624  303 6
13.936  0.236111  648 4
14.28  0.263566  387 6
88.528  0.365639  227 4
14.968  0.231263  467 4
13.248  0.196911  259 4
128.872  0.394231  208 4
-113.74  0.250199  3777 6
55.312  0.360161  994 4
7.188  0.231481  432 4
14.5  0.297872  141 6
182.408  0.218935  169 6
12.716  0.306346  457 6
138.032  0.262712  590 6
-290.16  0.185185  216 6
-47.5  0.237179  312 6
56.592  0.350036  2754 6
312.468  0.254074  1350 6
183.344  0.427896  423 6
-278.5  0.305177  367 4
-137.468  0.218029  477 4
80.988  0.391253  1692 4
10.124  0.220544  331 4
80.908  0.294118  272 4
-318.248  0.243151  1168 4
-134.156  0.243351  1504 6
53.672  0.366667  1260 6
-269.596  0.243227  1661 4
51.064  0.371212  792 6
68.44  0.376361  643 4
20.968  0.293478  184 4
254.184  0.301775  169 4
-202.092  0.266867  667 6
-262.624  0.306034  696 4
268.032  0.413115  305 4
69.764  0.32657  1035 6
-108.092  0.248182  1100 4
55.28  0.364218  2655 4
-46.34  0.254151  2168 4
80.376  0.376543  648 6
-0.696  0.246921  5196 6
315.952  0.184028  288 4
58.36  0.370597  1959 6
-388.144  0.2599  1793 4
65.032  0.420467  899 6
69.876  0.347439  1347 4
-258.56  0.2  165 4
13.548  0.267296  636 6
58.86  0.341452  2053 6
10.716  0.258264  484 4
-222.124  0.130208  192 6
-207.656  0.274621  528 4
9.936  0.244083  676 4
14.248  0.159763  169 6
15.688  0.231317  281 6
60.2  0.37388  1562 6
9.064  0.217033  728 6
53.5  0.352355  1805 6
244.312  0.243731  2273 4
52.7  0.338272  2767 4
56.372  0.368056  1152 4
236.624  0.257567  1817 4
49.764  0.382327  1143 6
12.812  0.282407  216 6
85.624  0.398724  627 6
64.408  0.398936  376 4
-221.344  0.257019  926 4
61.456  0.33913  2300 6
52.956  0.359128  1331 6
73.784  0.359924  1053 4
10.808  0.219601  551 6
83.924  0.343284  536 6
-287.528  0.277778  954 4
56.28  0.341782  2525 6
12.028  0.242693  1129 4
289.908  0.244275  1310 4
218.44  0.376912  719 6
9.28  0.266234  154 4
13.436  0.241309  489 4
73.124  0.38342  386 4
229.376  0.417112  374 4
11.704  0.235644  1010 6
249.624  0.148387  155 6
57.672  0.326672  1301 6
116.624  0.306028  647 4
-31.688  0.32381  315 4
11.972  0.264574  223 6
8.624  0.052356  191 4
212.816  0.353846  1170 4
75.312  0.269547  486 6
-114.252  0.270642  218 6
-5.704  0.264605  1164 4
2.468  0.213442  1101 6
140.496  0.238095  168 6
10.124  0.229545  440 4
-124.248  0.247104  1554 6
-116.204  0.220339  413 4
114.316  0.320388  309 4
-139.94  0.233146  356 6
116.312  0.360264  1968 6
109.468  0.395833  1248 4
14.752  0.215054  186 4
13.716  0.209677  248 6
5.28  0.247126  522 6
56.28  0.360748  2833 6
228.436  0.169935  153 4
14.344  0.175066  377 4
78.032  0.36523  1369 4
83.716  0.268182  880 4
120.624  0.326923  260 4
-362.812  0.241206  199 6
75.64  0.405542  794 6
113.08  0.369258  1132 4
50.484  0.370028  2162 6
-59.876  0.2  240 4
50.892  0.333929  3360 6
134.512  0.408971  379 4
184.876  0.331288  489 6
56.344  0.340142  2399 6
10.092  0.310924  119 4
169.872  0.2512  625 4
-133.608  0.255945  1598 6
78  0.361582  354 4
20.36  0.233244  373 6
-244.624  0.263851  2581 6
-54.984  0.248108  3700 4
-54  0.198347  242 6
63.984  0.359763  845 4
2.876  0.24473  1945 4
-183.844  0.236802  1326 4
152.312  0.225  200 4
-1  0.232117  685 4
64.876  0.367491  283 4
58.312  0.358506  1258 6
41.252  0.253425  730 4
-215.608  0.244861  2238 6
10.248  0.24514  926 4
81.812  0.292079  404 4
15.952  0.243816  283 4
-103.936  0.250774  1938 4
106.436  0.261954  481 4
69.152  0.383578  816 4
175.688  0.312727  275 6
66.048  0.411159  1165 6
-66.216  0.189802  353 4
309.908  0.231959  194 6
90.252  0.395577  407 4
-163.876  0.247788  226 6
12.128  0.224742  485 6
-202.576  0.272237  371 4
16.78  0.219858  141 6
62.22  0.356477  1930 4
111.688  0.255462  1785 4
-25  0.157576  165 4
182.8  0.264506  3240 6
20.28  0.1  130 4
67  0.405772  589 6
13.816  0.311321  212 4
47.464  0.172043  279 4
15.448  0.275109  458 4
16.94  0.276364  275 6
71.988  0.439815  864 6
53.764  0.367821  2281 4
-0.312  0.240079  1008 4
156.344  0.354988  1293 4
61.844  0.391224  1618 4
16.156  0.188841  233 6
69.048  0.37868  985 4
-179.032  0.2643  507 4
-355.748  0.291339  254 6
14.344  0.362162  370 6
13.812  0.228395  486 6
106.376  0.191489  282 6
69.464  0.380478  502 4
15.388  0.376682  223 4
-317.032  0.220947  697 4
-357.624  0.233161  193 4
-146.284  0.247283  736 6
-0.628  0.25664  3238 4
-229.436  0.125  136 6
-395.216  0.241342  924 4
84.468  0.303514  313 4
166.032  0.375587  213 4
76.392  0.36  300 6
-3.36  0.265409  1590 4
79.16  0.393468  643 4
-390.752  0.236181  199 6
67.628  0.381104  942 4
37.876  0.241935  124 6
-130.328  0.187755  490 6
-316.064  0.234234  222 6
76.408  0.350515  873 6
130.856  0.247317  1957 6
53.704  0.345084  3092 4
-186.748  0.37619  210 6
13.408  0.225  240 6
41.812  0.299465  187 4
-2.436  0.303983  477 6
-151.908  0.131356  236 4
59.404  0.337872  2350 4
68.908  0.389701  1437 6
10.476  0.250065  3867 4
18.064  0.272727  418 6
11.388  0.255055  1533 6
68.248  0.329008  1310 6
9.528  0.245053  657 6
58.72  0.380117  342 6
12.232  0.216049  810 4
-173.436  0.24019  841 4
65.956  0.343348  1631 6
-34.688  0.283333  480 4
11.56  0.286501  726 6
-246.86  0.36436  1633 4
71.424  0.336874  1318 6
265.42  0.266018  1748 4
-250.404  0.387097  186 6
94.86  0.251682  1784 4
-103.472  0.156463  147 6
5.72  0.253105  3623 6
14.568  0.258865  282 4
71.796  0.373934  821 6
11.844  0.193627  408 6
54.404  0.373258  2655 4
267.248  0.428044  271 6
6.084  0.26075  14512 6
23.656  0.299435  177 4
75.876  0.380615  846 6
13.56  0.221106  398 6
150.504  0.254348  460 6
95.096  0.194667  375 4
11.968  0.202505  479 6
216.376  0.266504  818 4
-369.06  0.203046  394 4
9.012  0.221463  1025 6
19.684  0.116751  197 4
-100.124  0.160714  168 6
67.872  0.357702  383 4
-382.968  0.216405  573 4
10.156  0.265152  660 6
12.372  0.230435  230 4
9  0.2259  1722 6
316.404  0.206667  300 4
-33.316  0.242241  1321 6
12.096  0.147059  204 6
-92.624  0.263333  300 4
-1.624  0.251497  334 6
54.124  0.336469  3614 4
135.436  0.0692308  130 6
-336.096  0.289916  238 6
82.188  0.314016  742 4
-388  0.246944  409 6
-32.252  0.26  250 6
213.64  0.335298  1357 4
12.284  0.272727  451 4
3.488  0.25  4656 4
70.624  0.326693  753 4
11.188  0.263761  436 6
126.716  0.158416  202 6
-235.532  0.240437  183 6
12.848  0.244123  553 6
-287.72  0.270417  551 4
72.376  0.269036  197 4
-297.808  0.224066  723 6
143.78  0.366855  1949 6
14.032  0.232742  507 4
16.032  0.262411  141 6
18.096  0.243171  2233 6
-393.5  0.261649  1116 6
232.032  0.227334  739 4
53.94  0.371752  3002 6
81.376  0.343811  509 4
71.284  0.377693  789 6
183.828  0.256858  401 6
19.156  0.213333  150 4
12.28  0.264423  208 6
-68.156  0.251204  2906 6
-86.94  0.471698  212 4
-108.22  0.258422  2345 4
-188.608  0.253417  1756 4
-393.44  0.255814  774 6
55.704  0.327806  2352 6
-147  0.20625  480 4
162.5  0.246073  191 4
212.924  0.373832  428 4
13.14  0.244804  433 6
11.876  0.246753  231 6
68  0.2386  1886 4
59.94  0.381564  857 4
266.064  0.154362  298 4
12.344  0.252451  408 6
13  0.184615  195 6
12.564  0.231343  402 6
49.968  0.350037  4051 6
-335.344  0.247541  610 4
14  0.2325  400 6
85.528  0.39899  396 4
0.188  0.279639  776 4
52.2  0.345455  1045 6
71.752  0.330729  384 4
75.344  0.358621  725 6
39.64  0.207891  659 4
-0.608  0.2635  1537 6
46.904  0.355201  1692 4
-142.316  0.218182  220 6
11.688  0.265957  188 6
101.184  0.195584  317 6
203.032  0.364224  928 4
276.536  0.241667  480 6
13.544  0.269537  627 6
-383.472  0.278656  506 4
-95.172  0.231685  1092 6
63.048  0.375311  1207 6
-194.904  0.192683  410 6
54.548  0.349422  1989 4
83.628  0.233247  1552 6
11.592  0.269553  716 6
-12.752  0.254011  374 4
-220.752  0.243655  788 6
-212.156  0.271725  2267 4
67.016  0.366667  1290 6
92.652  0.334118  850 6
215.924  0.267647  340 4
176.524  0.0914973  16383 4
-156.472  0.135417  192 6
-252  0.279592  490 6
236.904  0.177215  158 4
45.608  0.193939  165 6
189.064  0.207715  337 6
5.44  0.26015  1330 4
-100.972  0.249049  526 6
15.688  0.113636  220 6
318.856  0.188976  127 6
71.236  0.406757  740 6
81.468  0.395522  536 4
266.064  0.355212  259 6
-207.876  0.245902  244 4
232.704  0.177632  152 6
-366.844  0.250871  287 4
19  0.291845  466 6
-203.58  0.239344  1525 4
62.328  0.398396  374 6
291.312  0.233983  359 4
-188.704  0.276873  307 4
-327.596  0.0735294  136 6
15.704  0.259398  266 6
-257.016  0.31701  388 4
-208  0.236824  1423 6
-166.408  0.252874  696 6
11.952  0.215753  292 6
10.092  0.267368  475 6
107.496  0.12987  154 6
180.904  0.265896  519 4
9.936  0.251964  1909 6
-359.532  0.370925  1135 4
76.876  0.390424  543 4
80.656  0.333333  957 6
-350.468  0.257288  789 6
67.076  0.334618  1297 4
65.408  0.374218  799 6
-0.532  0.249607  1907 4
12.608  0.253676  544 4
190.436  0.243151  292 6
53.904  0.343966  3323 4
14.844  0.230912  537 4
63.812  0.359285  1567 6
11.532  0.236776  397 4
7.28  0.268983  4346 4
-93.748  0.184874  238 6
68.56  0.36451  1144 6
12.236  0.244361  1862 4
-119.592  0.250354  707 6
-192.184  0.374514  1028 4
-52.436  0.129496  278 6
50.188  0.352144  3544 6
11.812  0.240741  162 6
13.392  0.23956  455 4
14.784  0.283333  240 6
-209.688  0.258741  286 4
264.56  0.399038  208 4
6.844  0.236778  3290 4
8.408  0.257259  4684 4
16.156  0.100671  149 4
11.812  0.169014  355 4
93.22  0.125  112 4
309.592  0.20882  771 4
70.504  0.416413  658 4
191.312  0.190045  221 6
107.064  0.205329  638 6
51.188  0.347826  368 6
-177.284  0.248638  2570 6
264.904  0.269939  163 6
49.604  0.222222  279 4
-338.236  0.416486  461 4
12.312  0.219512  287 6
-116.156  0.247534  1115 6
22.688  0.255319  188 4
73.468  0.434426  366 6
11.876  0.221212  330 6
65.12  0.391123  1442 6
-274.968  0.265343  554 4
12.08  0.264791  1031 4
204.672  0.260121  1161 6
5.752  0.242661  511 4
54.532  0.346327  1334 6
85.268  0.370675  607 4
90.784  0.274262  237 4
54.236  0.341724  2622 6
250  0.26087  299 4
-291.264  0.102041  196 6
16.316  0.264407  295 4
103.688  0.37037  243 6
21.876  0.272921  938 4
210.468  0.260618  1554 6
313.268  0.229093  1423 4
277.544  0.197802  182 4
177.628  0.166667  138 4
51.06  0.35568  2491 6
-104.968  0.223577  246 6
61.816  0.347254  2203 6
28.124  0.180723  166 4
27.864  0.197802  182 6
105.844  0.261995  1584 6
65.78  0.407975  978 6
-168.468  0.236041  394 6
-15.592  0.262758  1842 4
3.344  0.25824  2761 6
-304.372  0.319588  194 4
147.656  0.251397  179 4
109.716  0.390093  323 4
12.548  0.228933  712 4
-114.548  0.193798  129 4
8.752  0.214286  280 6
81.78  0.407025  484 4
-65.28  0.264658  1825 6
255.328  0.230108  465 6
-251.968  0.2697  901 6
-358.532  0.216981  1060 4
77.124  0.366391  726 4
-4  0.385069  509 6
-68.436  0.305556  324 4
201.732  0.212575  334 6
-206.188  0.276265  257 6
-356.596  0.257812  896 4
88.624  0.428571  588 6
75.216  0.381443  1067 6
-173.892  0.243503  1039 6
-129.436  0.28125  1312 6
-336.108  0.227758  281 4
-34.752  0.131148  244 4
9.936  0.229913  809 6
80.156  0.345178  788 4
251.56  0.219282  529 4
7.124  0.253388  6125 4
15.844  0.101382  217 4
-28.924  0.25111  2927 4
76.592  0.375706  708 6
290.936  0.10687  131 4
19.936  0.290816  196 6
15.548  0.202479  242 4
19.564  0.234612  1121 6
62.468  0.351048  1957 4
62.684  0.367701  1096 4
15.872  0.234043  282 4
66.436  0.441249  1217 6
305.672  0.236527  334 4
27.78  0.270866  635 4
9.376  0.140351  228 6
6.264  0.250091  2759 4
12.892  0.248957  719 6
-104.844  0.247475  792 6
309.752  0.242881  597 4
-242.812  0.262677  2189 6
2.016  0.22505  16383 6
2.292  0  16383 4
19.716  0.329218  243 4
9.952  0.251202  832 4
52.748  0.384981  1052 6
-210.36  0.228745  2964 6
176.328  0.36624  1327 6
63.404  0.399232  521 4
124.216  0.338624  189 4
69.816  0.359935  614 6
55.844  0.347729  2246 4
-229.596  0.259813  535 6
10.312  0.205882  408 4
54.468  0.359504  726 4
16.188  0.334802  227 4
61.968  0.35122  410 4
-314.924  0.027027  111 4
-52.216  0.216401  439 4
-0.932  0.145273  16383 4
197.968  0.255842  14122 4
57.876  0.342282  1788 6
57.532  0.339029  2575 4
-68.608  0.263023  1958 6
69.628  0.390192  469 4
52.828  0.348081  1876 6
1  0.280899  267 4
11.504  0.203488  172 6
69.472  0.34902  1275 6
6.876  0.251908  1048 4
-364.564  0.131915  235 6
0.404  0.245273  1798 4
25.812  0.163399  153 4
9.688  0.250936  267 4
11.248  0.253247  154 6
-354.504  0.23  200 6
60.936  0.372587  518 6
-22.812  0.242806  556 6
60.656  0.40501  479 4
-5.128  0.249743  973 6
16.532  0.133803  142 4
-265.688  0.231373  255 6
8.888  0.258452  2248 6
187  0.242927  1025 4
4.72  0.227338  695 4
50.64  0.326501  4147 4
12.624  0.237267  805 6
219.28  0.35641  390 4
-215.06  0.272396  1373 4
108.032  0.187215  219 6
1.344  0.227273  242 4
185  0.347418  213 4
65.424  0.360996  1205 6
68.344  0.385135  444 6
103.78  0.425466  322 6
22  0.0952381  126 6
-2.124  0.176136  352 6
17.06  0.148718  195 6
49.704  0.3559  2127 6
66.72  0.433437  323 6
-98.376  0.3125  192 6
9.624  0.277512  418 4
72.264  0.377293  1145 4
14.28  0.128049  164 4
11.436  0.243781  201 6
53.216  0.336312  3693 6
16.232  0.154255  188 6
84.06  0.378913  607 6
206.06  0.228671  1723 4
12.848  0.256494  308 6
17.344  0.162437  197 4
0.672  0.0504181  16383 4
16.844  0.281437  167 4
153.096  0.227493  1033 4
13.812  0.293436  518 4
96.14  0.216312  846 6
9.504  0.244444  2025 4
34.168  0.25452  719 6
77.096  0.405405  333 4
11.564  0.213235  272 4
72.612  0.356455  519 4
36.188  0.233108  888 6
11.532  0.275862  957 6
67.232  0.311365  1487 4
15.22  0.239382  259 4
297.812  0.146341  123 6
11.092  0.243332  1837 4
226.612  0.255474  959 6
208.748  0.142222  225 4
114.908  0.274791  837 6
-230.5  0.245552  281 4
-230.296  0.220627  766 6
13.156  0.222318  1156 4
70  0.396318  1032 6
-308.064  0.136905  168 6
54.936  0.387046  1899 6
12.312  0.227848  474 6
12.548  0.262042  519 6
-1.128  0.304348  230 4
235.968  0.374771  547 4
68.236  0.402703  740 6
272.812  0.190244  205 4
31.64  0.446903  452 4
11.56  0.247961  1226 4
13.064  0.245487  277 6
-101.752  0.314894  470 6
9.468  0.271186  767 4
13.72  0.227273  198 4
25.688  0.243781  201 4
8.252  0.209302  387 4
258.612  0.235465  344 4
50.996  0.328447  4025 4
73.72  0.391468  797 6
12.188  0.261333  750 6
68.784  0.36019  844 6
86.716  0.216049  486 6
264.376  0.113043  115 6
180.576  0.229801  1906 6
-89.156  0.25067  746 6
76.408  0.33894  1189 6
-393.56  0.266667  225 4
76.696  0.363893  709 4
84.188  0.371429  595 4
9.436  0.230366  191 6
13.752  0.186099  446 6
11.216  0.284232  482 4
56.796  0.396215  1691 4
82.292  0.377919  471 4
53.172  0.320146  2199 4
61.264  0.327245  1314 6
60.092  0.401869  321 6
57.532  0.340535  1944 6
10.096  0.248527  1018 6
-123.812  0.284464  457 4
-272.972  0.236721  866 6
114.004  0.259574  235 4
-86.344  0.246291  674 6
-118.936  0.38013  3070 6
77.496  0.350365  1370 6
72.952  0.220026  759 4
73.86  0.32197  264 4
47.732  0.244003  1459 6
-1.188  0.307937  315 6
54.984  0.355775  1723 6
15.468  0.241071  224 6
8.344  0.252651  1603 6
-318.124  0.222555  1002 4
11.436  0.262434  945 4
73.14  0.385965  285 6
9.112  0.248208  1116 6
270.86  0.254934  1824 4
101.784  0.195556  225 6
57.844  0.364801  2108 4
-247.488  0.226793  948 4
-161.536  0.236052  233 4
-154.184  0.248655  2417 6
-11.936  0.247664  214 4
15.268  0.252669  281 6
-91.576  0.242347  392 4
57.42  0.372829  1958 6
224.592  0.290541  296 4
160.64  0.248889  2475 4
-132.564  0.160839  143 6
97.34  0.360544  294 6
12.844  0.170507  434 4
150.28  0.232019  862 4
71.092  0.424074  540 4
75.984  0.361702  376 6
198.688  0.411661  566 6
-376.796  0.26203  2099 6
-363  0.238727  754 4
10.484  0.257793  2374 6
9.008  0.257053  10457 4
13.796  0.238994  159 4
11.392  0.24169  1444 4
-236.104  0.194409  16383 4
-187.596  0.282878  1612 4
181.732  0.264151  212 6
16.752  0.221429  140 6
68.436  0.347578  351 4
-39.968  0.217905  1184 6
12.752  0.210843  332 4
28.876  0.262295  244 6
37.312  0.204188  191 6
97.312  0.358333  360 6
-306.84  0.206573  213 6
10.908  0.264706  782 4
162.312  0.219072  388 6
52.936  0.340266  2933 6
11.376  0.22838  1191 4
164.796  0.390289  1071 4
-260.252  0.102804  107 4
292.188  0.232787  610 6
-323.688  0.206759  503 6
-296.184  0.195962  842 6
-230.404  0.253596  1877 4
211.72  0.228637  1299 4
104.284  0.232704  318 4
138.576  0.392593  270 6
-159.408  0.263228  1493 4
15.704  0.191057  246 6
-48.564  0.25158  791 4
-264.028  0.20297  202 4
62.092  0.373253  2146 6
35.156  0.230769  546 4
97.5  0.269231  806 6
-292.656  0.232184  435 6
55.248  0.321596  852 6
7.516  0.237257  2158 6
224.592  0.246995  915 6
75.28  0.265039  1679 4
-308.408  0.232649  1023 6
-131.564  0.169591  513 4
135  0.25136  1655 6
55.892  0.376579  2613 4
-46.064  0.25  300 4
-310.78  0.253619  1727 4
10.064  0.226601  203 4
-240.628  0.250923  271 6
12.78  0.283784  222 6
80.684  0.183575  414 4
243.844  0.234875  562 4
53.28  0.223963  1085 4
79.892  0.375  592 6
-381.28  0.246775  1783 4
141.284  0.282051  234 6
64.78  0.342105  722 6
72.152  0.36136  559 4
-162.404  0.287179  195 4
-353.844  0.22449  1372 4
-322.22  0.212938  371 4
140.908  0.34265  966 6
11.968  0.2066  697 6
-132.732  0.266075  451 6
12.124  0.268994  974 6
-290.936  0.10241  166 6
-345.5  0.26679  2710 6
69.344  0.431274  793 6
64.188  0.380216  1294 4
112.504  0.372951  1708 4
-247.22  0.277647  850 6
67.968  0.414299  1091 4
11.656  0.198611  720 6
70.904  0.231834  289 4
12.28  0.216931  756 6
13.468  0.217617  193 4
-172.624  0.225653  421 6
60.064  0.355326  1455 6
-108.592  0.28135  1244 4
-353.472  0.248927  233 6
15.78  0.253104  1047 6
24.624  0.174863  183 4
57.376  0.378619  1347 6
223.848  0.381643  828 4
54.408  0.353782  2168 6
-48.376  0.242033  1318 6
120.156  0.328767  219 6
63.296  0.351414  2157 6
179.904  0.24489  2495 4
54.376  0.377672  421 6
-329.672  0.142012  169 6
266.968  0.252226  1348 6
194.768  0.259187  2558 4
-311.844  0.250329  3040 6
11.56  0.207729  207 4
125.028  0.376635  1147 4
-248.188  0.26087  506 4
56.812  0.380819  2148 4
122.844  0.226471  340 6
11.936  0.286022  930 6
-136.968  0.225806  868 4
122.656  0.380952  273 6
-47  0.283668  349 6
12.344  0.255613  579 4
218.36  0.383879  1253 6
56.768  0.356944  2513 6
14.16  0.258065  589 6
64  0.384757  1089 4
65.44  0.372763  1285 4
-75.5  0.254455  1010 6
90.064  0.372137  524 6
12.892  0.233716  783 4
-226.94  0.235936  1191 6
19.172  0.178808  151 4
-138.252  0.233859  697 4
91.672  0.266725  1136 4
-392.156  0.272947  1656 4
88.096  0.356932  678 6
33.828  0.247126  522 4
10  0.177632  152 6
15.624  0.131579  190 6
-149.312  0.227761  2046 4
15.248  0.25  180 6
12.236  0.243759  681 4
68.58  0.376623  231 6
15.36  0.286667  300 6
66.184  0.344062  1802 6
53.94  0.329305  2979 4
-31.752  0.20438  137 6
251.564  0.279915  468 4
206.452  0.367816  261 4
10.904  0.276256  438 4
48.984  0.342646  3651 6
68.388  0.398214  560 6
54.732  0.342135  1742 6
15.968  0.239631  217 6
-197.484  0.396175  1830 4
8.56  0.149466  281 4
-313.216  0.266094  233 6
9.936  0.25  280 4
-108  0.154206  214 4
-206  0.226415  477 6
-377.188  0.234712  1112 4
-147.468  0.2325  800 6
244.232  0.248506  3513 4
-31.032  0.253846  1300 4
54.312  0.383742  1673 4
268.168  0.258123  2216 4
-238.752  0.247335  469 4
40  0.255543  857 4
52.56  0.261965  1191 4
117.44  0.292453  212 4
10.972  0.17849  437 6
-149.44  0.16568  169 6
14.516  0.272165  485 4
-121.56  0.230415  217 4
127.844  0.338972  1596 4
70.264  0.35546  1868 6
12.312  0.240404  495 6
277.128  0.171756  262 4
60.016  0.343517  2684 4
5.36  0.257926  6498 4
50.436  0.409786  654 4
234.42  0.234166  1721 4
64.316  0.375  984 4
11  0.265797  2453 4
15.764  0.236052  233 6
66.848  0.388332  1097 6
78.172  0.394604  593 6
215.656  0.369925  665 6
-92.624  0.278481  237 6
-3.624  0.244392  847 6
10.544  0.265705  971 6
122.816  0.316872  243 6
-126.124  0.174377  281 6
123.172  0.234848  264 4
-232.904  0.217608  602 6
14.548  0.22807  228 4
64.188  0.35157  987 4
-278.376  0.273693  1224 6
53.064  0.342087  2894 6
268.304  0.254089  1712 4
-99.64  0.146853  143 4
54.056  0.373245  1353 4
83.392  0.48954  239 4
66.624  0.385269  706 4
16.544  0.128866  194 6
56.872  0.376953  1536 4
62.592  0.344828  1131 6
9.344  0.205761  486 4
9.496  0.248971  2430 4
12.328  0.275811  678 6
14.72  0.254854  412 6
55.84  0.363987  2077 6
54.064  0.363905  2028 6
153.856  0.186747  332 6
36.672  0.217617  193 4
16.752  0.194915  236 4
151.624  0.344922  1093 4
-91.032  0.217293  1330 4
-65.376  0.21988  332 6
7.28  0.250923  1626 6
-20.032  0.301031  970 4
223  0.221519  158 6
5  0.239609  1636 6
230.624  0.152174  138 6
68.024  0.385911  653 4
308.304  0.284974  193 4
59  0.388169  2316 4
55.544  0.410995  382 4
211.064  0.216561  157 4
73.376  0.383333  240 6
84.328  0.363995  761 6
-336.312  0.18315  273 6
-241.936  0.202247  267 4
32.544  0.258152  368 4
-118.752  0.261242  467 6
9.904  0.251005  3235 4
51.256  0.352467  2979 6
52.656  0.377953  635 6
95.936  0.378676  272 6
-328.536  0.269715  1509 6
-62.96  0.241536  1979 6
-295.584  0.289683  252 4
17.752  0.219626  214 4
112.184  0.406877  349 4
18.408  0.239482  309 6
116.064  0.229412  170 4
100.824  0.184524  336 4
14.936  0.188854  323 4
-31.64  0.288952  353 6
-104.36  0.263021  3840 6
286.504  0.223587  1221 4
59.112  0.350738  1762 6
8.848  0.252633  6646 6
149.792  0.159624  213 4
286.392  0.421875  256 4
-248.44  0.249351  385 6
14.536  0.31441  229 6
64.384  0.411602  724 4
69.344  0.37934  1152 4
56.88  0.2  180 4
18.824  0.239766  171 6
12.864  0.244275  393 6
55.56  0.342066  2672 4
-87.496  0.261224  245 4
-208.352  0.285149  505 6
4.592  0.227011  348 6
82.816  0.409594  542 6
14.296  0.20339  472 4
10.568  0.208791  182 6
58  0.34058  1242 4
90.84  0.361305  429 6
10.848  0.227111  841 4
56.408  0.341959  1082 6
309.248  0.18125  160 6
75.792  0.358473  1074 6
186.312  0.377934  426 6
13.248  0.191406  256 6
1.488  0.240977  2743 6
15.936  0.173913  161 4
17.44  0.266821  431 6
-176.952  0.250735  1021 6
42.936  0.26087  253 6
-326.816  0.217391  230 6
-34.792  0.239915  471 6
16.2  0.282486  177 6
108.552  0.398148  540 6
173.832  0.251346  3342 4
136.672  0.25323  1548 6
14.656  0.231939  263 6
108.44  0.266075  451 6
98.248  0.35343  481 4
245.624  0.247373  1047 6
15.016  0.176101  159 6
275.992  0.172414  174 6
83.72  0.396204  843 4
11.12  0.276423  369 4
-4.72  0.281967  305 4
4.312  0.171429  175 4
153.536  0.292359  301 4
76.344  0.336449  214 6
203.632  0.260274  219 4
268.48  0.261538  260 4
54.88  0.362039  569 6
15.28  0.244792  192 4
273.248  0.25583  1415 6
23.2  0.250439  1709 4
29  0.292683  164 4
151.096  0.223118  744 4
5.792  0.249556  2817 4
57.184  0.228363  959 4
-338.824  0  16383 6
100.112  0.250951  263 4
46.456  0.332868  3581 6
-344.752  0.207547  477 4
10.256  0.205097  824 4
27.12  0.136564  227 6
73.92  0.404304  883 6
96.752  0.259436  1881 6
13.04  0.271186  354 6
7.312  0.245856  362 6
53.256  0.274549  499 6
239.344  0.216092  435 4
-60.856  0.236708  1956 4
218.048  0.284566  622 4
55.576  0.36798  2867 4
-197.056  0.251866  1608 6
-344.512  0.229279  929 6
49.52  0.358696  1932 4
13.472  0.262097  248 4
292.656  0.244626  1349 6
-169.752  0.29  200 4
11.44  0.228571  210 4
59.784  0.376888  1324 4
71.688  0.346241  439 6
-270.904  0.25978  1636 4
142.168  0.389418  945 4
56.744  0.336313  2685 4
73.472  0.398866  529 6
-66.872  0.386364  704 6
70.456  0.381636  697 4
55.936  0.33636  2753 6
17.84  0.230769  260 6
72.704  0.41954  696 4
166.08  0.305419  203 6
9.096  0.246334  341 6
212.624  0.117647  136 6
-243.616  0.182609  230 4
6.968  0.249398  830 4
66.984  0.351931  1165 4
-336.16  0.253081  1217 4
302.416  0.224321  847 4
148.376  0.354633  313 6
68.592  0.338776  490 6
123.872  0.201754  456 6
11.16  0.227451  255 6
18.568  0.263804  163 4
61.968  0.352134  1968 6
117.528  0.371681  1243 6
85.376  0.157258  248 4
299.88  0.244872  1560 6
-11.968  0.256606  8250 4
187.536  0.189873  237 4
16.368  0.0384615  156 4
78.056  0.407862  407 6
3.832  0.269327  4786 4
52.096  0.383855  1821 6
11.968  0.12963  216 4
-174.912  0.225049  511 6
-177.912  0.266667  1515 4
10.208  0.258555  1052 6
221.28  0.217391  759 6
59.984  0.381107  1535 6
14.52  0.163763  287 6
51.28  0.338684  3115 4
53.984  0.33896  2903 6
8.496  0.176471  204 4
71.096  0.415668  1085 6
-231.032  0.224138  348 4
12.688  0.272572  587 6
10.344  0.257191  591 6
-60.464  0.241248  1571 4
235.688  0.370229  1572 6
81.344  0.354298  477 6
12  0.25266  1128 4
198.784  0.22093  172 4
8.936  0.238854  628 4
9.192  0.248062  1677 4
17.488  0.0772727  220 6
64.032  0.339159  1831 6
-132.224  0.16129  186 4
103.048  0.248876  1334 4
53.312  0.358995  2429 4
-177.808  0.245136  257 6
85.408  0.380952  294 6
190.032  0.215289  641 4
-56.84  0.287958  191 4
52.624  0.353271  1605 6
-137.536  0.249017  3305 4
15.344  0.119403  134 4
-210.808  0.260652  399 6
74.968  0.371608  479 4
2.312  0.134228  149 4
238.184  0.243421  304 6
-100.512  0.243503  1770 4
-20.16  0.169463  596 6
-40.152  0.2586  5000 4
-240.352  0.247319  1585 6
7  0.255045  1784 6
15.344  0.20045  444 4
86  0.330317  221 6
-197.568  0.2375  160 4
-205.968  0.185841  339 4
-224.936  0.294906  373 6
267.376  0.249584  601 4
-310.16  0.251656  1359 4
12.744  0.242152  223 6
-263.256  0.258537  820 6
145.56  0.266864  1349 6
-105.376  0.357955  176 4
122.72  0.254613  542 6
-278.376  0.241573  356 4
-7.152  0.238372  172 6
192.464  0.257081  1377 6
-318.376  0.336207  232 6
19.64  0.271003  1107 6
235.272  0.357571  1334 6
51.048  0.388776  1960 4
-220.112  0.230916  1048 6
-64  0.171779  163 6
14.544  0.273649  296 6
77.872  0.387597  258 4
68.784  0.335616  1606 4
268.256  0.334607  1832 4
61.056  0.388923  1643 4
-28.376  0.232143  280 6
49.72  0.396423  671 6
-22.376  0.257143  210 6
299.216  0.346667  750 4
15  0.26158  367 6
-108.624  0.246032  252 6
63.248  0.326446  726 6
-297.656  0.155556  180 6
66.768  0.361792  1183 4
15.736  0.320158  253 6
9.24  0.246087  1853 6
12.44  0.272897  535 4
64.672  0.40139  1151 6
-97.56  0.230769  169 4
9.528  0.26945  1054 4
54.936  0.333596  2536 6
55.728  0.351565  2779 4
12.472  0.216088  634 6
59.248  0.427273  770 6
-60.904  0.337963  216 6
11.472  0.223881  1072 4
57.368  0.326942  991 4
-3.704  0.244328  1719 6
183.408  0.128378  148 4
17.656  0.266667  195 6
86.688  0.342105  342 6
66.152  0.380448  849 6
16.816  0.256158  203 4
13.44  0.196429  224 4
-390.288  0.241158  311 6
49.504  0.407595  395 6
234.152  0.195291  722 4
7.448  0.234463  3186 6
-0.376  0.362416  298 6
64.44  0.378431  1020 4
16.456  0.285068  221 6
23.512  0.25116  3018 4
14.264  0.271959  592 4
11.808  0.278689  183 6
76.184  0.40813  615 6
28.4  0.218954  306 4
-57.84  0.271122  793 4
63.312  0.246914  486 6
166.656  0.382625  541 4
-197.784  0.317919  519 6
137.392  0.243187  954 4
-193.656  0.152695  334 6
6.2  0.28436  211 4
63.12  0.331731  624 6
-221.624  0.212714  409 4
182.44  0.37156  218 6
10.968  0.246345  1847 4
-43.28  0.254318  1679 4
-333.752  0.2287  223 4
194.032  0.40081  247 6
11.096  0.240741  648 6
-211.84  0.250429  583 6
20.328  0.215789  190 4
-290.12  0.274752  404 4
68.264  0.199288  281 4
14.256  0.119403  134 6
12.496  0.255952  840 6
83.44  0.404878  615 6
17.376  0.174419  172 4
90.808  0.318182  242 6
183.768  0.233169  609 4
15.6  0.24911  281 6
-73.904  0.240402  1094 4
51.64  0.357492  2249 6
-116.984  0.213636  220 6
-80.312  0.346939  245 6
7.192  0.269323  2510 6
160.808  0.146853  143 4
3  0.188732  355 6
-46.44  0.252174  1725 4
69.36  0.360063  1908 4
-323.8  0.236486  1480 6
70.816  0.432117  685 4
13.984  0.277778  594 4
-76.248  0.245322  2405 6
-302.624  0.242188  256 6
151.136  0.241216  1053 4
10.824  0.243885  1390 4
-106.72  0.176471  527 6
151.16  0.40367  1308 4
59.392  0.354298  2385 6
144.504  0.39023  1699 6
57.352  0.34389  2905 6
60.624  0.388166  845 6
-179.92  0.25067  746 6
10.848  0.234192  427 4
60.904  0.357143  210 4
115.224  0.236066  305 6
25.376  0.266234  154 4
223.424  0.233309  1363 6
178.56  0.214008  771 6
8.304  0.228016  3241 6
178.88  0.358342  1013 4
69.528  0.374847  1630 4
12.856  0.270358  614 4
73.232  0.3125  480 4
15.568  0.236842  228 6
52.992  0.383157  1793 6
13.288  0.238342  386 6
10.432  0.233119  622 4
229.496  0.267414  1249 4
124.752  0.418052  421 4
54.056  0.325251  3093 6
56.088  0.351706  2286 6
12.872  0.217822  303 4
181.44  0.34464  737 4
-42.08  0.276699  412 6
15.344  0.191057  246 4
-19.432  0.3  430 4
-99.936  0.29148  223 4
-220.504  0.24424  217 4
7.888  0.238095  1134 6
71.768  0.349901  1006 6
197.912  0.305085  236 6
12.344  0.238462  260 6
49.784  0.349986  3703 4
215.504  0.143791  153 4
11.616  0.224076  839 4
2.28  0.205882  374 4
224.408  0.0588235  153 6
66.36  0.334029  479 4
-53.28  0.204126  921 6
-361.064  0.245033  1057 4
11.032  0.234375  448 6
62.496  0.350361  1664 4
60.472  0.368487  1593 6
59  0.376462  1368 4
-113.904  0.174757  206 4
66.472  0.376995  1504 6
-304.192  0.216749  203 6
61.28  0.296395  1498 4
55.048  0.368207  2208 6
-111.376  0.299492  197 4
12.848  0.20332  482 4
-7.72  0.375172  3625 4
-357.216  0.245742  822 6
8.44  0.244761  1193 4
-70.688  0.20852  446 4
-391.312  0.175214  234 4
57.968  0.364359  2138 4
2.96  0.250837  3883 4
58.472  0.400943  636 4
15.096  0.253456  434 4
155.032  0.200599  334 6
53.392  0.344369  2930 4
17.184  0.216749  203 4
11.432  0.265845  568 4
-331.128  0  16383 6
68  0.403681  815 4
138.128  0.263889  1224 6
-198.344  0.174497  149 4
155.28  0.314136  191 6
6.328  0  16383 6
-149.256  0.232704  318 6
132.6  0.237705  732 4
9.6  0.259096  2941 4
-3.376  0.2569  471 6
-2.096  0.237176  1657 6
115.688  0  16383 6
11.256  0.270408  196 6
12  0.239796  196 4
-298  0.181373  204 6
275.624  0.257048  603 4
13.432  0.242424  528 6
36.12  0.19697  462 4
111.752  0.253644  343 4
-374.936  0.351852  216 4
11.392  0.274436  798 4
10.032  0.201639  610 6
9.04  0.264879  15475 6
-168.872  0.217172  396 6
-165.808  0.304598  174 4
61.376  0.358655  803 6
5.112  0.245645  2296 6
213.576  0.259728  1028 6
133.408  0.22616  1185 6
7.888  0.261893  1997 4
194.064  0.222222  279 6
13.672  0.288026  309 4
146.608  0.241587  1664 6
19.72  0.256831  183 4
79.656  0.396694  363 4
293.912  0.355286  577 6
-58.288  0.247136  611 6
-142.416  0.277992  518 4
14.672  0.272464  345 4
12.064  0.24838  463 4
-311.056  0.247921  1323 4
153.688  0.39897  777 6
12.192  0.292835  321 6
11.376  0.218274  197 4
-212.688  0.24186  215 6
53.264  0.331195  1715 6
-202.808  0.264355  2682 4
236.408  0.376008  992 4
8.312  0.266667  270 6
-216.088  0.291277  642 6
-319.088  0.259615  936 6
-110.248  0.231111  225 6
81.688  0.409241  909 6
-277.784  0.18125  160 4
-131  0.239745  1097 6
54.344  0.356085  2769 6
52.968  0.337818  669 4
-238.016  0.253726  2818 6
17.032  0.0179641  167 4
13.464  0.244604  278 4
61.56  0.350993  302 4
13.68  0.304029  273 6
32.768  0.268058  623 4
104.248  0.292899  338 4
-265.328  0.234714  1521 4
-146.944  0.234756  328 6
-84.912  0.228261  276 4
-173.536  0.250585  854 6
180.304  0.378049  1066 6
-298.128  0.248826  213 6
36.464  0.252218  1578 6
-129.44  0.221311  244 6
56.304  0.340959  3191 4
90.808  0.190608  362 4
69.28  0.362319  1035 4
12.56  0.148936  188 4
88.88  0.325758  396 4
63.52  0.353097  2260 4
-67.856  0.23741  973 4
7.752  0.198157  217 6
23.568  0.261111  180 6
13.392  0.240964  913 4
7.248  0.184615  260 4
24.064  0.29703  505 6
255.4  0.220812  788 4
15.488  0.256906  362 4
13.344  0.260606  495 4
59.016  0.330969  2538 6
-125.936  0.273902  387 6
85  0.380165  605 4
4  0.257544  3844 4
-2.416  0.238881  3395 6
-224.848  0.266304  184 6
-9.56  0.261239  823 6
293.656  0.219224  593 4
166.688  0.33935  277 4
2.808  0.213992  243 6
17.72  0.316832  202 4
-199.624  0.206009  233 4
9.248  0.30622  209 4
12.968  0.176056  426 4
60.408  0.331343  2345 4
-267  0.139423  208 4
70.104  0.340974  349 4
70.984  0.341927  737 4
23.032  0.182857  175 6
-116.784  0.241667  1200 6
18.536  0.262857  175 6
15.088  0.237624  404 4
13.624  0.212617  428 6
12.336  0.271084  498 6
-173.216  0.156566  198 6
-158.28  0.222552  337 6
58.808  0.371536  1335 6
14.968  0.264198  405 6
-269.296  0.249147  1465 6
16.312  0.237458  299 4
60.248  0.389877  1462 4
-15.328  0.241045  1033 6
9.872  0.20339  177 6
11.128  0.319231  260 4
45.624  0.330838  1336 4
1.504  0.293103  232 4
55.144  0.383394  2204 4
15.376  0.148058  412 4
57.736  0.359434  2120 6
48.312  0.207858  789 6
59.848  0.377745  683 4
11.36  0.252478  2119 4
-281.008  0.256305  3648 6
11.84  0.25  512 6
60.624  0.4288  625 6
-182.864  0.283237  519 4
