24.501  0.30033  303 4
91.469  0.239216  510 4
271.406  0.191413  559 4
-7.594  0.218409  641 6
69.501  0.44898  392 6
58.655  0.361936  2459 6
-126.376  0.237838  185 4
-328.437  0.257042  1988 6
8.189  0.258264  484 4
-263.703  0.26226  469 6
62.845  0.361918  1481 6
54.312  0.366569  2046 6
-166.782  0.23071  1309 6
-199.812  0.302655  565 6
-270.672  0.256293  437 4
284.905  0.368208  1233 4
65.375  0.401355  1328 4
-248.437  0.282258  124 4
59.063  0.379406  1447 6
10.125  0.223464  179 6
70.157  0.36394  1198 4
13.314  0.227405  343 4
89.611  0.387833  263 6
13.248  0.173913  161 6
5.393  0.253722  6314 6
78.592  0.410929  915 4
12.11  0.260069  869 6
58.61  0.378698  338 4
12.406  0.252075  964 6
-180.313  0.278169  284 6
16.157  0.276657  347 4
15.187  0.357639  288 6
13.53  0.214442  457 6
13.593  0.215777  431 4
-87.625  0  137 4
-0.656  0.241152  1215 6
14.765  0.202279  351 4
99.046  0.24115  904 4
91.126  0.341732  635 6
188.001  0.365482  788 6
-224.75  0.147287  129 6
60.767  0.411335  547 6
8.046  0.250432  2895 4
-55.314  0.288026  618 4
-386.812  0.222722  889 6
-92.063  0.231405  242 6
67.284  0.401392  862 6
-198.968  0.249594  1847 4
-117.75  0.140523  306 4
258.001  0.273215  1863 6
54.532  0.369379  1868 4
-352.938  0.280488  246 6
-120.108  0.230073  1769 6
14.188  0.241379  493 4
-43.216  0.248485  165 4
56.843  0.351397  1790 6
58.039  0.334301  1723 4
62.811  0.311111  360 4
210.188  0.258065  186 6
68.189  0.375392  1276 4
90.28  0.2713  446 4
-73.063  0.0365854  82 4
-193.813  0.186701  391 4
170.064  0.227213  757 6
99.471  0.225641  1170 4
208.907  0.253855  843 4
12.376  0.247586  3211 6
72.438  0.421646  887 6
-363.281  0.36165  824 6
14.375  0.229565  575 4
63.844  0.34543  1488 6
93.22  0.22807  285 6
72.064  0.362884  846 4
-278.53  0.254011  374 6
-34.968  0.282927  410 4
73.533  0.356048  587 4
12.249  0.173375  323 6
-90.766  0.256225  1245 4
-383.937  0.2  210 4
-241.812  0.222874  682 6
12.014  0.241379  609 6
30.501  0.177419  186 6
112.11  0.367647  340 4
171.876  0.246747  2075 6
26.157  0.272401  279 6
57.624  0.207101  169 6
51.562  0.355259  2995 6
-165.999  0.309322  472 6
145.25  0.360399  702 6
295.282  0.385294  340 4
64.156  0.396386  830 4
-225.438  0.240191  1045 6
124.078  0.269171  639 6
-343.813  0.25784  861 6
56.531  0.350147  2716 4
64.094  0.32954  2109 6
-232.282  0.20122  328 6
204.499  0.335165  364 6
-256.563  0.216009  912 6
-181.861  0.276663  947 6
94.156  0.416988  259 4
-171.046  0.219222  926 4
15.968  0.34466  206 4
-186.578  0.399481  771 6
62.783  0.360329  852 4
10.671  0.230505  2039 4
10.626  0.225564  266 6
17.031  0.139073  151 6
-259.5  0.336683  199 4
98.501  0.26  250 6
14.342  0.190476  546 4
-279.563  0.249084  546 6
16.969  0.0633803  142 6
-32.188  0.245211  1827 4
73.954  0.369264  1373 4
-159.766  0.268575  1467 6
26.875  0.214341  1283 4
6.187  0.237266  1551 4
54.204  0.360902  2660 4
14.172  0.235908  479 4
-257.688  0.232493  357 4
59.077  0.357522  1130 4
-275.345  0.354887  1330 4
223.561  0.29313  655 4
-31.656  0.250875  857 4
68.063  0.39614  1088 4
67.158  0.213759  407 6
1.406  0.209493  611 6
193.157  0.257778  225 6
82.378  0.346575  730 6
72.735  0.37796  1098 6
261.875  0.342362  923 4
54.843  0.35651  1467 4
14.14  0.184932  292 4
8.906  0.234076  628 6
15.97  0.285714  203 4
-186.578  0.222707  229 6
-240.501  0.279661  236 6
-157.877  0.149068  161 6
250.376  0.16129  186 6
-173.906  0.233871  372 4
63.094  0.376737  1367 4
47.189  0.327995  3372 4
-271.219  0.223412  1401 4
7.47  0.234831  2670 6
155.749  0.263622  1248 4
262.127  0.332552  2559 6
-249.375  0.228571  280 6
-235.439  0.120567  282 4
140.251  0.429719  747 6
283.999  0.227533  523 4
176.531  0.271605  162 6
184.376  0.263743  1710 4
223.704  0.226667  150 4
3.016  0.260258  5118 6
245.469  0.3805  1159 4
72.204  0.362963  945 4
52.375  0.348186  3142 4
12.016  0.242647  680 6
-190.999  0.271071  1317 6
8.204  0.262933  2107 4
1.31  0.244978  1792 6
314.453  0.369955  446 4
13.749  0.193548  434 6
16.969  0.208333  168 6
67.874  0.361702  1222 4
-76.356  0.0805369  149 4
87.437  0.240541  370 6
-27.187  0.248994  1988 6
54.017  0.364743  2218 6
60.125  0.342566  686 6
64.407  0.363481  1172 6
12.703  0.265152  792 6
306.187  0.249506  2024 6
119.516  0.391837  490 6
-70.186  0.26556  482 4
67.749  0.376877  1332 6
10.751  0.18  250 6
13.375  0.287162  296 4
47.532  0.33826  3586 6
56.219  0.138889  216 4
54.625  0.382035  2594 6
259.438  0.0214286  140 4
58.406  0.280277  289 4
12  0.190476  210 4
15.156  0.157778  450 4
-350.753  0.327703  296 6
-357.873  0.208333  720 4
78.593  0.348613  829 6
15.72  0.284195  1316 6
-85.719  0.34697  660 4
15.625  0.268293  164 4
70.611  0.405372  819 6
7.564  0.270903  299 6
-43.563  0.345133  226 6
77.5  0.363636  550 4
117.374  0.407843  510 4
27.843  0.322392  1371 6
-23.78  0.249258  674 6
76.982  0.380531  678 6
-114.876  0.227633  883 4
-246.282  0.252078  361 4
8.5  0.276136  4027 4
12.281  0.227692  650 4
10.969  0.220624  417 6
-59.252  0.252809  178 4
13.405  0.257075  424 6
-375.437  0.233735  415 6
246.126  0.185714  210 6
8.438  0.190476  273 6
12.093  0.301455  481 4
8.093  0.270404  3443 4
14.108  0.227166  427 4
14.437  0.253968  189 4
0.75  0.22833  946 4
-1.938  0.20696  546 6
17.093  0.225806  217 6
58.751  0.365385  1664 6
-241.375  0.255117  2003 6
13  0.288079  604 6
-343.75  0.248384  1083 4
13.189  0.23125  480 6
77.344  0.360841  618 6
66.782  0.387141  731 6
-171.906  0.24031  258 4
15.328  0.293671  395 4
-294.249  0.234848  264 4
11.421  0.253568  911 4
14.595  0.356322  174 4
14.858  0.161616  198 6
-64.562  0.234947  847 6
-0.453  0.251985  1889 4
15.626  0.228916  332 4
65.126  0.244068  295 6
-269.8  0.249872  1953 6
12.876  0.246575  292 4
111.656  0.186691  541 6
157.688  0.256631  1395 4
7.69  0.265504  516 6
24.533  0.258772  228 6
57.703  0.358553  912 4
16.719  0.203448  290 4
13.906  0.168776  237 4
-117.64  0.271804  1674 4
16.671  0.135802  243 4
226.75  0.224919  1236 4
14.187  0.201439  139 6
-327.5  0.124324  185 6
63.718  0.34084  2309 4
230.172  0.229167  192 4
-102.188  0.192053  302 6
-8.218  0.208122  197 4
5.484  0.248919  2776 4
10.874  0.266667  810 6
-231.843  0.230769  338 6
-294.906  0.190871  241 6
53.406  0.351697  3594 4
-108.624  0.143885  139 6
-377.03  0.222222  153 4
55.75  0.371841  1385 6
-309.438  0.238095  1239 6
13.718  0.205357  224 4
41.187  0.224422  606 4
77.766  0.379032  620 4
204.406  0.454361  493 6
52.749  0.377422  2684 6
71.798  0.427739  858 6
70.25  0.38092  1478 4
10.876  0.279635  329 6
98.798  0.418953  401 6
123.25  0.221098  692 6
72.906  0.458498  253 6
12.811  0.225541  1339 4
9.266  0.252553  1077 6
-100.515  0.230564  1878 4
-69.218  0.260447  1029 6
60.437  0.349026  2464 6
-241.561  0.246753  385 4
-36.53  0.318182  198 6
12.624  0.269912  226 4
107.861  0.219672  305 4
55.844  0.355623  2303 6
253.814  0.332268  1252 4
69.578  0.372076  1368 6
52.437  0.368677  2471 6
14.313  0.212121  363 6
-325.251  0.0603448  116 6
12.234  0.230934  931 6
33.595  0.22  150 6
7.844  0.196141  622 4
84.031  0.414692  422 4
9.78  0.251524  2461 6
14.172  0.245  600 4
23.844  0.243822  1214 4
72.781  0.35852  1297 6
72.798  0.172222  180 4
26.813  0.255624  489 4
-96.968  0.230964  788 4
12  0.173653  167 6
2.188  0.0434783  161 4
-4.405  0.255509  4266 4
175.656  0.224647  779 4
-87.157  0.176282  312 6
-259.109  0.228471  569 4
140.547  0  16383 6
-34.655  0.251866  536 6
67.281  0.390681  558 4
-15.781  0.24956  1703 4
-72.937  0.213636  220 4
55.749  0.25486  463 4
6.843  0.238122  1810 6
87.156  0.382353  544 6
4.282  0.248344  302 6
52.812  0.331269  323 6
77.158  0.203704  540 4
-275.562  0.217877  179 6
16.095  0.256545  191 4
80.126  0.403002  866 6
-325.953  0.251101  227 4
16.718  0.273224  183 6
-153.75  0.255596  1921 4
-307.203  0.264925  268 4
-368.843  0.241517  1002 6
79.343  0.298419  506 6
31.936  0.266925  1034 6
103.968  0.421965  346 4
-194.376  0.230769  1820 4
-133.748  0.162791  129 4
255.219  0.375421  1188 6
12.861  0.269231  390 6
-34.64  0.258621  348 4
62.813  0.356306  1451 4
51.187  0.342368  2804 4
11.875  0.231343  1072 6
14.844  0.170984  193 6
67.593  0.358882  1109 6
-44.421  0.240269  2081 4
3.343  0.228995  607 6
-83.065  0.247984  3597 6
-187.468  0.25498  1004 6
51.939  0.350722  1246 4
109.173  0.248945  237 4
9.249  0.23913  184 6
14.374  0.264851  404 6
102.126  0.391473  258 6
54.657  0.350987  1926 4
22.454  0.136095  169 4
87.062  0.309042  741 6
-47.999  0.238693  398 6
17.189  0.247541  1830 4
240.75  0.220217  831 6
54.094  0.354359  3028 4
263.281  0.242574  3838 6
186.282  0.258881  1858 4
54.969  0.360084  2380 6
32.842  0.208163  490 4
-0.564  0.267139  423 6
9.624  0.310976  820 6
-107.124  0.245514  1226 6
-174.562  0.22179  771 6
-75.625  0.231481  972 6
-35.562  0.239865  888 6
-51.235  0.23659  1044 6
68.203  0.350465  1829 4
45.483  0.149533  214 6
89.265  0.224719  178 4
288.094  0.379798  495 6
11.422  0.230769  1170 4
-82.375  0.245421  273 6
108.75  0.287938  257 6
3.345  0.254444  1969 6
14.282  0.194175  309 6
223.531  0.143646  181 6
13.468  0.130631  222 6
6.782  0.263794  6289 4
273.685  0.220657  213 6
13.344  0.234303  653 6
232.905  0.285714  196 4
55.592  0.383799  1037 4
220.061  0.232906  468 6
-359.064  0.244323  1101 4
14.157  0.17096  427 6
55.391  0.338899  1617 6
22.812  0.263415  205 4
120.952  0.215479  1137 6
17.124  0.183962  212 6
-134.688  0.268657  536 6
-44.438  0.306383  235 6
256.781  0.364676  787 4
69.875  0.203358  536 6
59.422  0.344795  1047 6
13.749  0.281369  526 4
266.124  0.18408  201 4
11.624  0.219144  794 6
139.281  0.390892  527 4
-92.156  0.279037  706 6
51.36  0.347107  3025 6
67.062  0.374456  689 4
51.626  0.35336  2530 6
15.156  0.28  150 6
-44.734  0.247531  3341 6
-266  0.258537  205 6
184.265  0.246353  1234 4
-18.437  0.251799  973 4
-141  0.222603  584 4
65.875  0.383513  837 6
2.717  0.263662  13468 6
62.594  0.371092  2207 6
11.781  0.232759  348 4
8.516  0.25  1044 6
-325.343  0.233813  556 4
-328.314  0.254408  397 4
63.064  0.296875  256 6
4.454  0.249042  3654 6
-59.97  0.227559  1270 4
281.202  0.228512  1908 4
59.718  0.388298  564 4
-255.311  0.218837  361 6
54.296  0.316005  3174 6
12.656  0.263941  269 4
86.157  0.36035  913 6
13.048  0.237915  1055 4
-229.408  0.148387  155 6
-319.624  0.330739  257 6
-206.844  0.260184  761 6
51.454  0.332224  3305 6
65.155  0.352809  1780 4
12.78  0.228571  210 4
-198.218  0.239301  1145 6
14.843  0.253846  260 4
65.156  0.344877  2079 4
-317.969  0.267139  3107 6
-347  0.31761  318 4
11.064  0.289528  487 4
43.077  0.324214  3911 6
-125.219  0.315271  203 6
211.093  0.275542  646 6
-233.594  0.306569  274 6
198.063  0.293269  208 4
-261.413  0.242127  3874 6
285.156  0.233193  476 6
-158.282  0.272031  261 6
120.032  0.264706  646 6
-298.595  0.383721  344 4
148.063  0.295455  440 6
-55.562  0.259921  1512 4
-352.594  0.248224  2252 6
13.656  0.328302  265 4
-326.813  0.231672  341 4
9.218  0.188  250 6
-349.703  0.222222  207 6
53.999  0.333333  2490 4
-43.781  0.354081  2426 6
-370.406  0.240072  554 4
211.155  0.291892  185 4
92.594  0.224675  770 6
60.062  0.383975  961 4
-319.259  0.219917  241 4
8.859  0.251552  3061 6
14.937  0.0851064  141 4
18.063  0.217647  170 6
8.875  0.267834  3827 6
-183.499  0.298755  241 4
15.844  0.195652  138 4
13.782  0.166667  450 4
-73.562  0.220418  431 4
86.437  0.285526  760 6
65.969  0.398414  1009 4
-51.5  0.291852  675 4
74.971  0.369565  230 6
-291.811  0.216374  171 4
1.834  0.254139  13953 4
183.249  0.163507  844 6
17.874  0.189744  195 4
13.061  0.220141  427 6
13.158  0.209607  229 4
269.297  0.258278  151 6
-372.375  0.248927  233 6
-255.5  0.208333  312 4
18.001  0.269663  534 4
15.97  0.257246  276 4
220.843  0.246429  280 6
15.609  0.184358  179 6
71.749  0.382979  611 4
15.876  0.100671  149 4
34.438  0.0222222  135 4
-224.264  0.344926  1754 4
-333.5  0.264402  677 6
63.282  0.337069  2231 4
113.782  0.366591  1323 6
182.813  0.425447  1006 4
-51.312  0.253968  252 6
53.468  0.347826  2277 4
-181.422  0.248731  1379 4
-131.86  0.249812  1329 4
10.155  0.241564  1304 4
231.811  0.244826  1691 6
-48.498  0.333333  183 6
78.468  0.244533  503 4
155.313  0.228188  298 4
95.985  0.410122  573 6
70.345  0.303738  428 6
75.519  0.378472  288 6
-188.626  0.226601  203 4
160.139  0.397163  846 4
-346  0.235741  263 6
24.686  0.246341  410 6
-28.907  0.236692  1052 6
-195.25  0.238095  567 6
68.532  0.390819  806 4
16.312  0.25731  171 4
15.017  0.190349  373 4
268.814  0.229282  362 4
64.436  0.346667  1575 4
56.187  0.347598  2290 4
163.344  0.251341  1305 6
14.25  0.241636  538 4
57.218  0.36907  2108 6
-198.126  0.242138  318 4
20.719  0.133758  157 4
148.499  0.346614  251 6
-73.999  0.153846  143 4
-11.626  0.238636  176 4
177.373  0.414716  299 4
13.313  0.258993  556 6
14.812  0.208955  268 4
-247.625  0.191697  819 4
190.501  0.232234  788 4
21.313  0.226006  323 6
161.218  0.244147  299 4
11.314  0.22561  164 6
-269.905  0.315678  472 6
270.968  0.365101  745 4
234.078  0.261787  806 6
7.234  0.215665  932 4
77.5  0.425308  569 6
5.766  0.247305  4545 4
-328.719  0.261092  586 4
-357.937  0.271501  593 4
13.328  0.237136  447 6
12.251  0.241706  211 4
-188.126  0.254658  161 4
64.984  0.274611  386 6
245.749  0.392262  1680 6
-56.438  0.246334  341 4
78.453  0.385135  592 6
-254.531  0.241007  278 6
63.282  0.359511  1146 4
14.905  0.223464  358 6
53.452  0.353338  1333 4
-88.266  0.347879  825 6
12.921  0.273684  285 6
66.923  0.335338  1330 6
53.672  0.378972  3053 4
235.999  0.407125  786 6
-143.25  0.281553  206 4
9.922  0.237313  1340 6
266.75  0.261157  605 6
16.688  0.307692  208 4
192.547  0.349622  1719 6
-349.78  0.215649  524 6
195.968  0.244141  512 4
10.783  0.28381  525 4
-209.314  0.247599  937 4
15.718  0.276978  278 6
75.625  0.379962  529 6
11.439  0.104651  172 6
11.187  0.275229  218 6
8.563  0.236911  764 6
-204.312  0.25  216 4
-193.844  0.214286  574 6
64.422  0.371069  636 6
195.063  0.254682  267 4
7.58  0.251226  6731 4
18.625  0.129213  178 4
6.579  0.231305  2153 6
186.499  0.22242  562 6
-306.938  0.252226  337 6
-32.999  0.262617  1070 6
28.595  0.281469  572 6
-144.189  0.245033  302 6
13.312  0.25192  651 6
-78.749  0.282895  304 4
56.468  0.361686  1305 6
234.188  0.249275  345 4
84.827  0.237864  618 4
149.407  0.220947  697 6
55.235  0.377009  1618 4
15.047  0.118881  286 6
10.686  0.243103  580 4
-352.5  0.252236  559 6
-328.812  0.0952381  147 6
62.392  0.416481  449 4
-319.187  0.307971  276 6
295.031  0.285068  221 4
75.315  0.427632  304 6
171.484  0.245941  1663 6
222.155  0.282178  202 4
-24.22  0.224409  508 6
-221.359  0.288326  711 6
11.687  0.256818  440 4
9.907  0.265144  1007 4
123.405  0.374443  1346 4
61.531  0.367816  696 4
12.784  0.257965  1946 4
15.079  0.196721  183 6
94.405  0.324257  404 4
229.062  0.353425  365 4
0.939  0.203125  512 6
186.188  0.262087  393 6
8  0.206186  388 6
63.594  0.343115  443 4
1.704  0.244637  2890 6
-290.562  0.267726  818 4
-152.953  0.247253  1820 6
62.875  0.371569  1020 4
-285.218  0.270492  244 6
-262.438  0.262311  3168 6
101.656  0.241758  364 6
113.048  0.251777  1688 6
87.219  0.413445  595 4
63.189  0.180233  172 6
38.531  0.191057  246 4
98.844  0.248826  426 4
-209.969  0.218905  201 4
93.812  0.192547  161 6
-163.22  0.174468  235 6
-200  0.251091  10315 6
90.001  0.294872  234 4
-172.737  0.271493  884 4
12.343  0.216606  554 4
60.563  0.330879  2173 4
-87.656  0.275488  461 6
115.501  0.338235  748 6
75.218  0.362712  590 4
11.905  0.215753  292 6
-21.468  0.235395  582 4
-385.376  0.144737  152 4
-245.186  0.196581  234 4
14.048  0.259494  474 4
73.517  0.385915  1065 6
272.313  0.251142  219 4
15.498  0.254167  240 6
-238.281  0.267164  1340 6
-288.875  0.222222  207 4
166.517  0.410058  517 4
12.344  0.137255  204 6
8.532  0.25394  5076 4
140.344  0.185915  355 6
11.28  0.271987  614 4
-374.126  0.130435  161 4
60.108  0.364935  770 4
-28.843  0.25182  687 6
216.343  0.237179  468 6
-106.249  0.346256  2631 4
11.907  0.27234  235 6
71.844  0.372785  1580 6
69.414  0.24263  3528 6
103.814  0.342995  207 6
14.17  0.234615  520 4
82.031  0.244635  233 6
307.218  0.250646  387 4
120.11  0.142857  252 4
-213.218  0.240614  586 4
-292.217  0.283063  431 4
9.5  0.148438  512 6
54.468  0.389619  1522 4
-54.508  0.212766  188 4
59  0.35643  1703 4
-331.766  0.275455  1100 4
102.251  0.450758  264 4
62.876  0.342949  1872 6
77.016  0.39239  841 4
9.876  0.325359  209 6
79.688  0.374723  902 4
51.328  0.381567  2246 6
-86.28  0.255865  1364 4
11.906  0.292994  314 6
62.748  0.418018  555 4
52.218  0.310167  4072 4
14.84  0.263158  380 4
14.594  0.141975  162 4
17.344  0.325103  243 4
8.53  0.258908  6118 6
9.686  0.195489  266 6
38.53  0.254682  267 6
4.344  0.255834  5742 4
-268.468  0.25  560 4
204.952  0.233533  167 6
-112.032  0.264227  3989 6
-85.08  0.256387  1096 6
11.768  0.241542  1271 4
229  0.202312  173 6
15.456  0.244776  335 4
15.14  0.234528  307 6
82.656  0.455115  479 4
12.53  0.256837  841 4
224.408  0.225904  664 4
2.154  0.262943  2202 4
15.344  0.270903  299 4
70.702  0.231034  290 4
14.658  0.278509  456 4
62.736  0.35052  2308 6
11.656  0.227092  251 6
12.436  0.195122  164 6
49.376  0.202643  454 6
-318.81  0.240343  233 4
66.22  0.253497  572 4
246.158  0.248303  1031 4
-378.128  0.259303  1693 6
-347.764  0.240951  1851 6
-1.248  0.205761  243 6
61.532  0.37918  1854 6
-78.842  0.244253  348 6
315.704  0.263033  1266 4
63.904  0.323836  1439 4
12.968  0.257709  454 6
11.874  0.273418  790 6
54.438  0.351529  2125 6
-302.718  0.295082  427 4
9.624  0.25788  349 6
82.124  0.252555  685 4
-63.372  0.239819  221 4
74.096  0.34292  904 4
-207.684  0.258264  968 4
-153.5  0.212766  141 6
-147.28  0.386545  877 4
69.5  0.385797  1563 6
17.06  0.185567  388 4
-7.662  0.258961  10797 4
13.594  0.247019  587 6
-155.032  0.248013  1887 4
-84.094  0.380223  1436 4
67.84  0.361851  1426 4
82.564  0.372671  805 4
13.516  0.219858  423 6
14.844  0.149701  167 6
51.532  0.338655  2380 4
8.046  0.241486  1292 6
-258.468  0.348768  1339 4
-335.25  0.307018  228 4
199.124  0.229249  253 4
75.656  0.350649  308 4
19.564  0.227053  414 4
12  0.195531  179 4
12.53  0.119149  235 6
-49.938  0.211429  175 6
71.624  0.379562  548 4
16.532  0.29668  482 4
11.47  0.272727  275 4
308.002  0.242647  680 4
-25.75  0.258151  1871 6
63.53  0.36224  1107 4
58.252  0.326829  410 6
194.154  0.267529  2011 4
16.452  0.221215  1103 4
-74.438  0.234273  461 4
1.688  0.165254  236 4
5.22  0.265147  1535 6
9.5  0.241546  207 6
-293.484  0.204204  333 6
14.252  0.225207  484 6
11.61  0.294179  962 4
91.468  0.410208  529 4
-329.644  0.282486  177 4
75.358  0.356812  1079 4
14.782  0.192029  276 6
4.592  0.253472  4896 6
66.532  0.388542  960 4
70.968  0.383838  495 6
52.188  0.410354  792 6
171.108  0.237982  1685 6
-7.796  0.219178  1241 6
10.716  0.164634  328 6
124.768  0.265224  2496 6
81.374  0.383313  827 4
200.828  0.256628  943 6
13.656  0.184426  244 6
174.984  0.36129  310 4
54.984  0.355765  2333 6
49.906  0.345439  2313 6
84.376  0.222222  549 4
-306.72  0.388664  247 6
9.188  0.28135  622 6
13.436  0.167109  377 6
13.28  0.294737  570 6
-344  0.279121  910 6
86.016  0.348609  611 6
-26.798  0.235  400 6
73.438  0.350515  291 4
62.828  0.357367  957 4
8.36  0.264578  2298 6
105.686  0.195219  251 4
-49.876  0.228571  140 4
12.592  0.313253  249 6
14.72  0.227027  370 4
-195.972  0.2397  267 6
74.076  0.383525  1481 6
49.374  0.357798  981 4
-88.266  0.254602  2553 4
60.5  0.380223  718 4
7.516  0.253212  2413 4
187.53  0.327766  479 4
13.048  0.26556  241 4
-358  0.222222  144 4
66.688  0.350877  399 4
58.5  0.328715  2887 4
67  0.376321  946 6
199.592  0.272727  924 6
52.764  0.214706  1020 4
59.656  0.378004  1373 6
-47.112  0.226519  905 6
198.034  0.194118  170 4
9.56  0.261905  210 6
-240.048  0.259517  3021 4
173.108  0.215116  516 4
61.748  0.350453  993 6
245.872  0.223684  152 4
6.72  0.269565  1495 4
13.766  0.275424  472 6
78.892  0.399682  628 4
14.842  0.21611  509 4
73.44  0.360215  372 4
-11.594  0.227309  1267 4
-275.672  0.250408  1837 4
12.34  0.250859  291 4
64.064  0.374031  516 4
14.234  0.222494  409 4
211.392  0.230263  152 6
181.922  0.336245  458 6
49.47  0.366565  1645 4
30.44  0.216374  171 6
-12.236  0.255087  4030 4
58.938  0.351679  2144 6
311.376  0.421652  702 6
8.124  0.274194  806 4
76.142  0.254155  1865 6
9.312  0.253595  765 6
24.046  0.253314  679 4
11.236  0.247115  1040 6
-301.908  0.221739  460 4
187.03  0.373626  455 6
91.406  0.242424  594 4
283.658  0.273371  706 6
16.484  0.229592  196 6
56.312  0.331976  2702 4
306.812  0.237681  690 4
198.734  0.369844  703 6
9.75  0.242589  2024 4
161.282  0.216023  699 4
-81.374  0.253086  324 4
103.748  0.443966  464 6
221.564  0.262925  2940 6
12.08  0.234206  649 6
-25.25  0.146067  178 4
12.126  0.192308  234 4
72.252  0.340304  1052 4
9.25  0.174419  172 6
9.502  0.231189  917 4
-52.812  0.272152  316 4
-179.874  0.193853  423 4
-164.654  0.327206  272 6
57.296  0.386493  1762 4
141.812  0.279898  393 4
10.062  0.274272  412 6
80.562  0.373698  768 4
1.28  0.166667  192 6
12.156  0.0966184  207 6
197.812  0.18609  532 6
204.126  0.247886  1892 6
230.016  0.245841  1082 4
-251.124  0.126904  197 6
56.844  0.365854  820 6
-177.202  0.237589  1128 6
166.626  0.251566  2075 6
-177.688  0.254777  157 4
-39.626  0.151042  192 4
2.374  0.207493  347 4
14.252  0.277228  202 6
18.876  0.0517241  116 6
313.844  0.331717  1444 4
80.58  0.100503  199 4
38.656  0.273056  1106 6
13.22  0.248466  326 4
-337.312  0.243014  1181 6
5.812  0.305556  252 6
-363.874  0.197368  152 6
55.296  0.322005  1177 6
15.156  0.205479  219 6
125.438  0.292208  308 6
13.608  0.295455  484 4
8.128  0.344538  357 6
14.594  0.272109  294 4
100.344  0.429032  310 4
118  0.215962  426 4
317.188  0.143382  272 4
208.876  0.409972  361 6
10.248  0.267677  198 4
62.486  0.325219  1027 6
13.204  0.23825  617 4
17.188  0.186916  214 4
60.796  0.387937  1343 4
10.156  0.243902  1640 4
-339.518  0.253313  1283 6
-304.78  0.191617  167 6
128.72  0.247934  1210 6
64.078  0.407733  569 6
58.718  0.391095  831 6
96.998  0.412817  671 4
305.012  0.252669  1124 4
-374.312  0.25974  231 4
6.654  0.256662  713 6
79.554  0.362069  464 6
-27.844  0.233422  377 6
6.328  0.263258  3168 6
78.956  0.366412  262 4
243.562  0.212698  315 6
10  0.264706  170 6
15.032  0.128655  171 4
-148.72  0.264605  582 6
15.72  0.274611  193 4
55.94  0.399645  563 4
16.188  0.227799  259 4
-377.592  0.137255  306 6
209.438  0.313869  274 4
50.748  0.356884  2208 6
55.938  0.347615  2474 6
80.592  0.318891  577 6
174.124  0.242586  1686 6
-3.234  0.262111  11106 4
12.718  0.202643  227 4
-352.812  0.204969  161 6
57.032  0.345074  2101 6
64.076  0.334858  1093 6
67.218  0.378731  536 6
82.782  0.271277  188 6
11.28  0.295387  1344 4
15.016  0.254237  413 4
-27.562  0.247253  364 4
-238.53  0.322981  161 4
-77.904  0.262429  1589 6
-340.782  0.268026  2011 4
57.28  0.358599  1570 4
64.376  0.376355  2030 6
71.064  0.375  736 4
294.72  0.232064  1129 6
70  0.37061  1082 4
197.75  0.104895  143 6
59.688  0.211356  634 4
12.03  0.191667  240 6
67.156  0.155914  186 4
-315.28  0.253983  1067 6
181.282  0.236697  1635 6
-51.796  0.281469  572 6
-126.404  0.322314  242 6
-55.186  0.379801  703 6
-1.936  0.234043  235 6
53.248  0.371297  1519 6
70.904  0.27845  413 4
-170.86  0.249445  2253 6
62.156  0.306977  215 4
73.58  0.325843  623 6
77.344  0.346369  1074 6
85.876  0.443627  408 6
60.972  0.395161  1116 6
77.936  0.425208  722 6
56.876  0.333123  1582 6
9.188  0.247855  1981 6
33  0.272973  370 6
-235.03  0.250489  511 6
-28.234  0.210843  996 4
-185.906  0.118056  144 6
14.186  0.257576  198 6
21.75  0.201493  134 4
62.124  0.28483  323 4
-256.188  0.215031  479 6
150.124  0.13245  151 6
18.062  0.141176  170 4
16.374  0.27  200 4
69.968  0.348031  1701 4
85.298  0.190871  241 6
78.844  0.419431  844 4
-283.158  0.385787  197 6
16.064  0.244444  270 4
103.124  0.155125  361 4
13.828  0.263934  610 6
83.844  0.377635  1091 4
-38.126  0.277635  1167 4
10.624  0.235714  280 4
-279.672  0.262745  510 4
-15.748  0.25969  258 4
-320.406  0.376218  1539 4
58.186  0.360779  1591 6
12.314  0.249446  902 4
-68.124  0.258242  364 6
46.03  0.341051  3844 4
-229.468  0.213636  220 4
-359.312  0.213198  197 6
10.248  0.283505  388 6
206.704  0.340515  2135 6
-221.516  0.264055  1761 4
213.64  0.344105  2909 4
13.578  0.217742  248 6
7.264  0.248237  2127 6
59.564  0.402105  475 6
12.718  0.286195  297 4
-40.44  0.219298  342 6
-259.248  0.209402  234 6
-339.658  0.238434  281 4
11.562  0.323529  306 4
11.36  0.236311  694 6
10.108  0.259031  3239 6
20.468  0.234043  940 4
8.532  0.260457  3586 4
2.818  0.246894  10462 6
156.718  0.364573  971 6
-221.842  0.238281  256 6
65.22  0.216279  860 4
-308.656  0.215385  195 4
-156.156  0.276627  676 4
58.422  0.326099  1751 4
-192.064  0.196507  229 6
10.188  0.262136  1133 6
-201.216  0.215569  167 6
-366.626  0.235028  885 6
136.218  0.261816  1883 6
71.248  0.251724  870 6
-45.748  0.221488  2420 6
10.656  0.252193  456 6
8.002  0.259414  1195 4
-258.53  0.244248  565 6
-250.452  0.229167  144 6
55.358  0.354228  2696 4
17.656  0.0969697  165 4
-215.188  0.344633  354 6
13.53  0.327189  217 4
144.596  0.361796  1136 4
51.088  0.32756  3233 4
17.844  0.0671141  149 4
-304.376  0.157407  216 6
-364.344  0.257302  719 6
92.126  0.301802  222 6
14.188  0.210654  413 4
-194.968  0.246094  256 6
53.97  0.406711  745 4
15.376  0.286996  223 4
13.872  0.277635  389 6
70.518  0.364512  727 4
14.716  0.264463  363 4
10.564  0.28022  182 4
64.408  0.367188  256 4
8.062  0.242297  2142 4
-242.408  0.227273  418 4
12.812  0.131707  205 6
85.376  0.357504  593 6
58.828  0.338673  2622 6
198.452  0.206946  691 4
57.798  0.370504  2224 4
14.812  0.256167  527 4
-67.766  0.253309  1662 4
-353.968  0.262488  1021 6
213.438  0.369412  850 4
70.184  0.348813  969 6
54.624  0.360809  2669 6
-289.592  0.240786  407 4
-389.564  0.149254  134 4
52.876  0.170604  381 6
-347.47  0.231087  727 4
284.656  0.242704  651 6
294.032  0.389082  861 4
51.626  0.350127  1965 4
58.78  0.356444  2351 4
-154.688  0.261307  199 6
229.596  0.231928  332 4
-34.124  0.231959  776 4
48.75  0.104348  115 4
-382.31  0.204545  176 4
160.784  0.245083  661 6
-48.156  0.241966  529 4
120.812  0.274678  233 4
184.736  0.203966  353 6
-69.624  0.270769  325 4
70.016  0.318956  1762 4
123.814  0.25  532 6
13.064  0.206612  726 4
206.796  0.255219  1916 4
169.616  0.243386  3780 6
-375.952  0.220588  204 6
11.64  0.259096  907 6
114.58  0.352404  2080 4
4.83  0.256184  1132 4
15.226  0.212766  329 4
315.39  0.265116  430 6
52.516  0.341251  2989 4
-373.936  0.213483  178 6
64.686  0.380658  972 4
13.5  0.224599  748 4
89.186  0.424028  566 6
-130.564  0.259855  1928 6
251.876  0.244898  147 4
287.812  0.326144  2272 6
23  0.292373  236 6
54.218  0.362028  2091 6
8.75  0.272203  2601 6
7.392  0.238567  1312 4
-312.562  0.252654  1413 4
70.424  0.373669  1033 4
171.502  0.251261  1982 6
-2.094  0.219582  1389 6
-61.844  0.249553  1118 4
70.984  0.388889  1548 4
16.28  0.191964  224 6
61.812  0.347664  535 6
-225.126  0.102857  175 6
-49.314  0.189542  306 6
14.36  0.270833  432 4
12.626  0.263566  516 6
129.748  0.308605  337 4
-183.3  0.240891  494 6
193.906  0.272418  881 6
-81.688  0.280294  817 6
13.924  0.213115  305 6
70.436  0.363008  1303 6
8.438  0.229598  1642 6
127.906  0.330653  995 4
-172.72  0.299835  607 4
15.156  0.303867  362 4
69.952  0.355243  639 6
70.46  0.353548  775 4
6.656  0.249637  3441 4
11.876  0.294521  292 4
94.468  0.265325  1093 4
233.188  0.308411  214 6
273.732  0.373134  201 6
61.676  0.342487  1930 6
151.064  0.279412  408 4
-159.468  0.234637  179 6
-168.968  0.262475  2465 4
59.326  0.343803  1178 4
11.594  0.205782  588 6
15.22  0.29316  307 4
12.234  0.250671  1117 4
112.548  0.337646  2319 4
-307.248  0.257732  1164 4
235.658  0.252619  859 6
-214.562  0.251572  795 6
-0.772  0.253717  6456 6
51.782  0.344706  3400 6
47.156  0.224664  819 6
88.25  0.329289  577 4
144.014  0.246014  439 6
11.784  0.245257  738 4
13.906  0.151261  357 6
191.124  0.261768  2082 4
11.406  0.0492958  142 6
28.782  0.300872  688 4
146.862  0.260442  3256 4
190.342  0.338983  236 6
53.716  0.441971  629 6
-363.954  0.240876  685 4
55.906  0.360592  2568 4
13.736  0.221843  293 4
49.874  0.340317  2148 6
98.812  0.255193  1011 4
224.312  0.385185  405 4
248.328  0.270413  2082 4
-41.922  0.28012  332 6
145.75  0.20229  262 6
70.656  0.426667  825 6
-104.684  0.304192  835 4
58.218  0.366126  986 6
-313.388  0.257485  835 6
-232.498  0.27972  429 6
74.812  0.189033  693 6
12.688  0.175532  188 4
103.032  0.307143  280 4
15.376  0.0888889  135 4
152.316  0.408642  810 4
194.716  0.397351  453 6
-43.422  0.256971  1829 6
87.078  0.381786  571 4
-69.938  0.120482  166 6
21.034  0.17341  173 4
13.562  0.325792  221 6
-115.344  0.173228  254 6
10.89  0.291667  408 6
9.628  0.19774  177 6
-275.22  0.249541  1635 4
243.626  0.296089  179 6
10.718  0.272138  463 6
15.248  0.249448  453 4
71.422  0.393557  714 4
109  0.264368  174 6
10.064  0.248344  302 4
57.342  0.361244  1254 6
12.78  0.264789  355 6
16.75  0.264151  212 4
59.11  0.335153  2748 4
68.686  0.34981  263 6
71.642  0.347896  1236 6
161.312  0.231868  910 4
56.81  0.349432  1408 6
-95.72  0.233429  1388 6
44.28  0.273312  622 4
115.064  0.380328  305 4
-5.564  0.252219  1915 6
165.048  0.238958  1766 6
11.968  0.297071  239 6
12.53  0.202667  375 4
227.53  0.171285  397 6
206.64  0.34613  1641 4
-328.372  0.274359  390 4
-372.502  0.147959  196 4
14.876  0.291751  497 4
3.876  0.221053  285 4
-25  0.272727  517 6
15.032  0.107759  232 6
227.422  0.286667  600 4
12.844  0.199134  231 6
58.594  0.342857  350 6
-51.998  0.260116  173 6
17.064  0.106383  141 4
10.36  0.217355  1210 6
13.36  0.25  328 6
179.438  0.26958  1213 6
14.608  0.244275  524 4
12.784  0.197368  228 4
52.032  0.319291  3442 4
76.406  0.386254  1033 6
269.14  0.223368  291 6
-4.186  0.229658  2077 4
-26.94  0.129032  186 4
16.282  0.24375  160 4
221.53  0.210832  517 6
241.796  0.28022  364 6
-124.122  0.245393  1031 4
61.624  0.38355  1228 6
-247.906  0.244338  839 4
-243.282  0.176136  176 6
-115.314  0.241431  671 6
-167.624  0.265583  369 4
1.54  0.258898  9525 4
-212.688  0.219693  1757 4
224.468  0.309309  333 6
227.81  0.252688  186 6
17.436  0.276817  289 6
48.874  0.250125  2003 4
66.204  0.329609  537 6
51.844  0.346479  1065 6
53.514  0.363772  2672 4
7.172  0.228387  1550 6
12.124  0.251979  758 6
60.732  0.325058  1732 4
66.266  0.349624  1064 6
103.126  0.239837  246 4
12.124  0.199656  581 4
-381.452  0.261628  344 6
52.502  0.35451  1275 4
-116.406  0.204589  523 4
14.282  0.152866  157 4
71.904  0.351544  842 4
55.404  0.376323  1512 4
16.078  0.0214286  140 6
62.126  0.364651  2150 6
12.248  0.257353  272 4
11.906  0.287356  261 6
32.064  0.175141  177 6
13.656  0.163866  238 4
76.86  0.34963  675 6
76.782  0.169014  284 4
54.218  0.345703  512 4
138.718  0.263309  2085 4
281.376  0.240412  1747 4
11.312  0.280899  267 6
203.124  0.263598  717 4
-352.936  0.270463  281 6
58.264  0.332902  3094 6
59.264  0.337946  1879 4
69.218  0.36789  1090 4
-306.812  0.265766  222 6
-148.952  0.220779  770 6
58.22  0.368034  1902 4
252.048  0.244298  1973 4
-200.374  0.125  120 6
15.202  0.231544  298 6
11.124  0.247392  671 4
304.498  0.209257  1037 4
56.062  0.329412  3145 4
178.718  0.326761  710 4
59.064  0.340996  1044 6
69.438  0.322248  872 6
66.516  0.383817  964 4
-0.906  0.274797  615 4
-277.94  0.272973  370 4
13.594  0.214971  521 4
60.438  0.325817  1774 6
-20.592  0.257841  4623 6
184.282  0.351621  802 4
113.28  0.396514  1377 6
55.018  0.369732  2088 6
15.972  0.0155039  129 4
-253.656  0.249775  1109 6
-122.812  0.320261  306 4
-398.11  0.212025  316 4
-28.748  0.152074  217 6
13.498  0.229075  227 4
66.968  0.32438  484 4
13.22  0.121212  165 6
16.376  0.168317  202 4
12.374  0.0622222  225 6
11.828  0.228731  717 4
-79.236  0.242798  243 4
58.844  0.35603  2438 4
-3.342  0.275572  831 6
154.97  0.459402  468 6
16.562  0.176471  204 4
296.562  0.267485  815 6
-325.296  0.239855  1651 4
81.028  0.377163  867 6
145.748  0.294258  418 4
304.234  0.205941  505 6
16.796  0.279661  236 6
65.842  0.346243  1291 4
68.656  0.231818  220 6
-172.188  0.304965  282 6
-0.336  0.169017  16383 6
2.844  0.245614  228 6
55.564  0.317073  287 6
-177.752  0.26768  1513 6
63.282  0.388664  741 6
69.22  0.251337  187 4
49.28  0.378132  2634 6
5.406  0.248166  1636 6
15.358  0.256917  253 4
-58.688  0.265469  1002 6
59.716  0.399031  619 6
-384.938  0.265403  211 6
59.516  0.376451  603 4
296.626  0.376682  223 4
-313.36  0.257516  1530 6
44.078  0.276488  1378 6
-392  0.231317  562 6
8.704  0.214537  853 6
131.876  0.20915  306 6
15.234  0.230047  426 4
-58.796  0.254027  2173 6
-64.126  0.233246  1522 4
110.908  0.359606  406 6
12.718  0.188406  276 4
69.486  0.367658  1311 4
303.186  0.361868  257 4
3  0.259083  4624 4
82.906  0.337209  344 4
68.14  0.332569  436 6
105.782  0.363636  341 6
64.56  0.244415  761 6
-286.718  0.117622  16383 6
62.312  0.344461  659 6
16.154  0.26129  310 4
-176.672  0.24392  1357 4
86.218  0.230126  239 4
11.936  0.208333  384 6
79.126  0.357451  926 4
72.624  0.372155  747 4
59.124  0.370773  2484 4
60.344  0.336186  818 6
10.748  0.364372  247 6
230.25  0.337884  293 6
59.544  0.275953  1888 4
278.532  0.240787  1981 4
8.028  0.271368  468 6
61.656  0.382208  1821 6
79.94  0.364238  604 6
126.064  0.139896  193 6
-52.812  0.299145  351 6
15.94  0.186335  161 4
13.892  0.216549  568 4
4.124  0.244726  237 4
13.56  0.273063  271 4
16.312  0.109756  164 6
18.688  0.0756303  119 6
289.752  0.317204  186 4
12.344  0.159836  244 6
19.752  0.0902256  133 4
-169.78  0.238095  147 6
267.704  0.307241  511 6
156.108  0.285319  361 4
15.56  0.169312  189 6
-1.156  0.221024  371 4
271  0.253054  573 6
10.72  0.239324  1124 4
14.936  0.309045  398 6
71.56  0.407547  265 6
56.64  0.353782  1190 6
-45.096  0.323432  303 6
-1.468  0.225904  332 4
14.028  0.233677  291 6
14.536  0.311377  501 6
58.876  0.197691  693 6
318.356  0.262751  647 4
81.296  0.239939  1963 6
-324.936  0.212996  554 6
-7.296  0.285437  515 4
64.44  0.367385  1067 4
66.544  0.341292  1424 4
13.504  0.228739  682 6
10.312  0.246843  871 6
-18.152  0.142857  217 6
189.284  0.221662  397 6
194.248  0.238298  470 6
-83.36  0.242759  1899 4
11.032  0.278932  1011 4
13.076  0.241636  538 6
141.28  0.168033  244 4
-39.872  0.238462  520 4
209.5  0.23086  849 6
72.032  0.37858  803 4
8.16  0.238644  3126 4
-92.06  0.168022  369 6
12.688  0.247059  170 6
-297.924  0.246575  219 4
-310.184  0.152778  144 4
-1.312  0.286325  936 6
65.128  0.410417  960 6
64.528  0.359865  1784 4
6.156  0.25495  2879 4
8.752  0.263366  505 6
14.216  0.251055  474 4
-312  0.275943  424 6
-34.34  0.256684  1496 6
11.984  0.191441  888 4
152.092  0.41471  1278 4
94.968  0.256766  1441 4
59.704  0.348548  964 6
250.188  0.281395  430 4
12.124  0.268319  928 4
4  0.141243  177 6
6.092  0.26378  508 4
48.984  0.345996  2922 6
33.14  0.165217  115 6
9.984  0.277628  1484 4
203.064  0.286052  423 6
57.548  0.334613  1823 4
8.06  0.292969  256 6
13.156  0.25  788 6
72.44  0.379556  1125 6
14.624  0.273764  526 4
143.936  0.265625  256 6
13.268  0.282369  726 6
239.892  0.250476  1050 4
19.596  0.248387  620 4
101.72  0.399204  1508 6
73.8  0.282723  191 4
15.356  0.0828025  157 6
95.34  0.270017  1174 6
5.312  0.20625  160 4
63.004  0.373118  1860 6
-249.312  0.295539  538 4
-99.5  0.2  170 6
-50.748  0.174041  339 4
-224.016  0.183381  349 6
179.36  0.276408  568 6
108.596  0.246212  264 6
13.504  0.167785  149 6
12.468  0.208633  278 6
9.096  0.256367  4162 6
25.42  0.219811  1060 6
212.688  0.192982  228 6
-294.284  0.213938  617 6
-170.344  0.260305  1310 6
-271.872  0.250892  841 6
180.344  0.264414  1006 6
63.048  0.362117  1077 6
56.22  0.240385  1560 4
12.784  0.248826  426 4
67.472  0.41219  968 6
-77.596  0.214602  452 6
15.624  0.0932203  118 4
8.088  0.257809  7203 4
8.624  0.0903614  166 6
57.344  0.333333  453 6
-284.72  0.254938  1620 4
-226.28  0.251572  159 6
204.408  0.224678  543 4
68.876  0.352837  1128 4
16.78  0.269767  215 4
14.732  0.181818  429 4
15.468  0.262181  431 4
78  0.343001  793 6
75.28  0.21791  670 6
101.472  0.24854  1199 6
-23.092  0.193841  552 6
-187.424  0.263158  1672 6
-65.032  0.247059  255 4
-367.56  0.264591  257 4
-43.796  0.245833  240 6
58.532  0.373324  1417 4
260.376  0.274576  590 6
52.188  0.330789  3930 4
7.376  0.21978  273 4
15.252  0.111111  207 4
59.548  0.333136  1693 4
58.748  0.362039  1138 4
277.344  0.24653  1801 6
253.44  0.204453  494 4
210.048  0.381466  464 4
-350.624  0.165775  187 4
-157.86  0.260152  1576 6
191.344  0.387283  692 4
-336.656  0.32793  802 4
15.092  0.247059  170 4
55.064  0.37123  862 4
114.048  0.293333  225 6
2.656  0.163551  428 4
11.248  0.262032  374 6
-7.596  0.276579  1251 4
6.968  0.236012  1966 4
-113.628  0.233766  385 4
-101.032  0.248756  804 6
294.624  0.227273  528 4
89.768  0.186747  166 4
162.12  0.274242  660 6
12.564  0.278182  550 6
-327.328  0.26465  1058 6
118.12  0.336788  193 4
244.312  0.259259  162 6
-123.596  0.226244  221 6
213.592  0.229826  979 6
12.376  0.188192  271 4
-178.128  0.187919  149 4
-313.156  0.247967  246 4
7.624  0.258648  7025 4
11.188  0.217235  557 6
-235.312  0.290456  241 6
140.188  0.312081  298 6
154.876  0.139037  187 4
52.044  0.336342  1662 6
13.688  0.188312  154 4
-174.564  0.219807  414 6
-287.44  0.237593  1612 4
183  0.353535  198 4
77.924  0.331395  344 6
-134.936  0.244476  2082 6
71.56  0.435374  294 4
-48.876  0.371007  407 4
15.904  0.254545  330 4
128.876  0.411429  350 6
16.532  0.136364  154 6
-95.156  0.238298  705 4
-192.064  0.199612  516 4
15.468  0.143498  223 4
17.812  0.176829  164 4
60.124  0.356299  2032 4
12.184  0.271702  887 4
-315.048  0.25746  1441 4
115.404  0.276435  662 4
105.564  0.253568  1191 4
12.968  0.240964  498 4
76.956  0.256075  535 6
-35.316  0.203704  486 4
-158.296  0.123457  162 6
-17.876  0.208925  493 6
63.344  0.339364  2045 6
14.84  0.266917  266 4
11.204  0.268855  1432 6
71.732  0.204545  792 4
105.16  0.400485  412 4
-179.064  0.255043  694 4
138.888  0.35119  1344 6
264.064  0.181818  308 4
65.56  0.401662  361 4
-0.752  0.179916  478 6
58.28  0.357781  1568 4
95.264  0.244024  1004 4
13.736  0.303448  290 6
6.408  0.282655  467 6
106.468  0.428934  394 4
9.78  0.231156  796 4
245.216  0.273006  1956 4
46.376  0.214533  289 6
87.076  0.390152  528 4
66.044  0.337137  964 6
275.16  0.205882  204 6
-164.716  0.260442  407 6
-220.468  0.240389  2367 6
16.752  0.327434  226 6
12.716  0.297521  363 4
-99.312  0.252242  1784 4
-214.184  0.216292  1424 4
75.904  0.217886  615 4
164.904  0.397196  214 4
12.592  0.217731  767 6
-377.376  0.158879  214 6
-240.688  0.253945  697 4
-1.656  0.242395  1019 4
222.188  0.21875  416 4
11.128  0.254421  2488 4
175.188  0.376506  332 6
-337.828  0.241583  1693 6
-358.844  0.235821  670 4
20.372  0.189474  190 6
106.408  0.143836  146 6
-148.78  0.201859  753 6
175.784  0.348984  1427 4
15.468  0.241877  277 4
12.872  0.194444  396 4
117.404  0.377698  278 6
9.248  0.309524  210 4
52.528  0.352183  2794 6
12.252  0.228571  175 4
3.848  0.268293  205 6
20.096  0.266667  195 4
125.956  0.247517  1208 6
40.624  0.239044  1506 4
66.284  0.366205  1876 4
10.688  0.294118  255 4
65.624  0.292627  434 4
-253.56  0.232394  426 6
-164.5  0.255061  247 4
11.94  0.319218  307 6
153.78  0.338993  1767 6
72.768  0.371293  843 4
12.252  0.240449  445 6
186.972  0.253571  280 6
-333.748  0.19544  307 4
17.004  0.297872  235 4
89.408  0.271111  225 4
13.596  0.206731  208 4
-12.5  0.0188679  159 6
9.968  0.241473  1847 6
-393.628  0.301282  156 4
16.312  0.298942  378 4
54.372  0.344648  1149 4
-347.124  0.207207  222 4
14.328  0.224215  223 4
94.908  0.388554  332 4
-178.376  0.311321  212 6
16.968  0.275362  207 6
99.736  0.219015  589 4
-6.012  0.262376  1818 6
271.016  0.246464  1838 6
68.436  0.382459  1106 6
-237.924  0.200581  688 6
-191.248  0.285714  189 6
63.372  0.408867  812 4
141.308  0.381423  506 6
13.376  0.225981  739 6
-226.528  0.323529  306 6
199.844  0.221902  694 4
161.064  0.248092  524 4
188.436  0.125  152 4
8.376  0.255137  7008 4
11.808  0.251874  667 4
10.468  0.182773  476 6
249.236  0.0223881  134 4
-341.28  0.271242  306 4
-1.684  0.293651  378 4
69.672  0.410256  273 4
-285.372  0.188679  212 4
60.988  0.339332  389 4
54.832  0.346447  1703 6
308.532  0.238609  834 4
284.376  0.26615  387 6
120.532  0.221843  879 4
72.624  0.40457  744 4
14.908  0.253521  497 4
28.188  0.237624  202 4
12.06  0.234721  1129 4
-383.812  0.182186  247 4
-5.2  0.229404  789 4
-3.78  0.250253  1974 6
11.248  0.235088  285 6
13.596  0.119565  184 6
17.996  0.340517  232 4
9.72  0.253004  1498 6
-245.92  0.244706  1275 4
69.404  0.364247  744 4
-291.668  0.24653  1801 4
66.512  0.407266  523 6
68  0.35452  708 6
133.064  0.261857  5461 4
58.16  0.37832  1845 6
254.624  0.354978  231 6
59.092  0.372861  1695 4
12.468  0.268148  675 4
82.28  0.325942  451 4
-263.592  0.257859  2513 4
93.72  0.36673  529 4
135.5  0.230574  1184 6
60.096  0.338684  623 4
157.452  0.363938  904 4
149.188  0.426829  492 6
-222.972  0.256344  3113 6
14.828  0.285412  473 4
84.216  0.36  725 4
209.816  0.248462  813 4
15.532  0.301887  371 6
284.264  0.357988  676 6
103.004  0.468468  333 4
60.688  0.34641  1351 4
308.608  0.348008  954 4
11.688  0.239437  213 4
-220.704  0.246193  1182 4
87.312  0.393352  361 4
121.004  0.27476  313 4
13.532  0.291028  457 4
-289.188  0.200772  259 6
-173.872  0.153374  163 4
197.968  0.281809  951 4
149  0.236542  613 6
10.752  0.229358  1744 4
56.312  0.431306  888 6
76.844  0.335982  881 6
205.812  0.209125  263 6
125.124  0.266234  308 4
16.688  0.20442  181 6
-220.032  0.275081  1236 4
34.856  0.212698  315 4
-377.812  0.246835  316 6
71.296  0.389447  796 6
52.812  0.321309  2994 4
-105.184  0.258883  197 4
11.188  0.384615  169 6
-82.188  0.183168  202 6
60.904  0.418827  1466 6
313.564  0.265625  256 6
-208.68  0.207593  16383 6
54.908  0.364399  1073 4
115.344  0.210169  590 6
12.312  0.241379  232 4
58.468  0.37987  1540 4
120.5  0.364835  455 4
263.94  0.285714  553 6
56.44  0.269977  1752 4
-130.16  0.13879  281 6
66.44  0.397295  1183 4
-173.468  0.157676  241 4
83.808  0.401899  316 4
-143.296  0.24878  410 6
11.204  0.243902  533 6
86.064  0.410302  563 6
196.876  0.412621  412 6
-84.86  0.24188  1170 4
20.548  0.196162  469 4
15.076  0.221893  338 4
17.936  0.228571  140 6
67.284  0.361154  1282 4
141.372  0.331797  217 4
5.768  0.250251  1994 6
56  0.382619  886 4
6.296  0.251416  2295 6
7.844  0.255138  1411 6
12.484  0.224299  535 6
13.688  0.229814  322 6
220.688  0.293578  545 6
-119.468  0.276968  343 6
6.892  0.222132  1238 4
13.8  0.205021  239 6
62.972  0.41129  496 6
9.624  0.244104  1696 6
56.436  0.337546  3007 6
-92.564  0.271242  918 4
66.644  0.340659  364 6
60.452  0.353012  1660 4
68.812  0.408184  1002 4
67.812  0.375657  1331 6
-232.212  0.255814  16383 6
131.124  0.198225  338 6
125.22  0.236057  771 4
-285.784  0.349462  186 4
-290.564  0.289655  290 4
306.984  0.403846  208 6
85.248  0.368421  551 6
-325.252  0.261062  226 6
56.436  0.223529  170 4
146.408  0.337705  305 6
14.888  0.2397  267 6
16.704  0.26383  235 6
-225.248  0.235897  585 6
10.436  0.298913  184 6
66.328  0.252809  534 6
-329.72  0.271713  1255 6
-359.924  0.313131  198 4
-352.748  0.254717  212 4
134.72  0.36253  411 6
15.372  0.312195  205 6
-107.096  0.265568  1092 6
-312.564  0.219788  1415 6
-6.596  0.25627  917 6
-189.032  0.273526  797 6
48.28  0.358581  2086 6
-44.156  0.229202  589 6
57.14  0.353739  2434 4
57.112  0.387268  1508 6
65.752  0.342663  1322 4
11.688  0.193548  155 4
16.42  0.130841  214 6
241.356  0.39916  238 6
-329.284  0.209677  310 4
-200.312  0.238166  676 4
310.204  0.279879  661 4
160.344  0.416828  1034 4
14.344  0.246622  296 6
158.468  0.312704  307 4
13.972  0.229167  432 6
14.452  0.232843  408 6
139.972  0.180556  216 6
90.936  0.245922  797 4
50.376  0.376723  2612 6
13.656  0.270563  462 6
-137.952  0.254464  448 4
62.608  0.438389  422 4
59.152  0.351412  1346 4
60.78  0.372694  1084 6
116.532  0.372075  1282 4
3.78  0.259546  1938 6
11.312  0.13253  166 6
181.72  0.152941  170 4
-389.124  0.238981  1021 4
62.596  0.359314  1283 6
14.372  0.186495  622 4
16.968  0.274648  1420 6
-4.096  0.273063  542 6
-128.312  0.188482  191 4
305.296  0.232323  198 4
-149.156  0.331707  205 4
-189.252  0.253704  540 4
-328.408  0.241316  547 6
13.704  0.197895  475 6
88.332  0.380952  567 4
15.124  0.341121  214 6
10.564  0.333333  204 6
-379.56  0.0893617  235 6
14.592  0.155224  335 6
55.624  0.399376  641 6
-51.516  0.182648  219 6
-13.516  0.250319  1566 6
-341.564  0.349727  366 6
1.184  0.229885  1044 4
45.22  0.259358  1122 6
-11.28  0.264069  462 4
284.14  0.215457  427 4
-232.096  0.315789  209 6
13.64  0.183374  409 4
-8.86  0.188312  154 4
-13.312  0.247892  593 4
15.156  0.172414  174 6
-123.14  0.241714  1750 4
17.3  0.184524  168 4
81.28  0.337023  813 4
12.496  0.255285  615 6
13.14  0.252874  783 4
10.624  0.262467  381 6
251.64  0.237509  3983 6
8.188  0.232982  1425 6
54.752  0.395466  1588 4
52.048  0.357583  3244 6
136.092  0.228856  201 6
12  0.148649  222 6
113.548  0.205279  341 4
177.544  0.292776  263 6
69.5  0.391714  1062 4
68.592  0.313462  520 4
132.3  0.228407  1042 4
-2.252  0.253211  545 6
-236.388  0.29304  273 6
11.376  0.250489  511 4
8.828  0.257977  1849 6
14.092  0.254408  794 4
265  0.166667  156 4
258.436  0.39403  335 4
55.092  0.405063  474 6
-205.312  0.184  250 4
9.5  0.285294  340 6
71.876  0.356456  1456 6
67.376  0.25908  413 4
231.34  0.345109  368 6
256.188  0.162162  222 6
284.596  0.335423  319 6
-270.624  0.206186  582 6
12.72  0.35082  305 6
1.156  0.229581  453 6
11.404  0.238411  302 4
-340.44  0.252661  1785 6
137.16  0.242503  767 4
-198.676  0.232558  258 4
59.408  0.445312  384 4
58.704  0.342349  1405 4
233.344  0.244817  1013 4
-291.748  0.309623  239 4
-395.532  0.266284  1044 6
52.388  0.331262  2575 4
16.032  0.332155  283 4
-191.5  0.19863  146 4
70.72  0.394619  223 4
244.624  0.265306  196 6
-352.468  0.268908  238 4
55.78  0.369718  1704 6
192.876  0.427397  730 4
64.188  0.349894  946 6
72.608  0.381557  1182 4
3.876  0.262385  1090 4
68.528  0.367143  700 4
105.58  0.434659  352 4
51.684  0.354175  2383 6
-219.436  0.207921  202 4
9.372  0.251183  5916 6
66.908  0.366131  1057 4
6.72  0.244945  5589 6
-389.064  0.276316  228 6
53.096  0.332238  3347 4
60.376  0.386905  504 6
57.704  0.338873  3069 4
55.456  0.358432  2271 4
-193.592  0.336918  2511 6
296.512  0.178161  522 4
-366.248  0.220339  295 4
98  0.344898  490 6
-2.952  0.253453  1665 6
9.688  0.261538  910 6
15.656  0.255556  270 4
11.736  0.252336  856 4
57.3  0.354446  821 6
295.22  0.238971  816 6
-377.532  0.248299  882 6
-30.188  0.265656  1517 4
263.56  0.225806  372 6
15.504  0.276151  239 6
61.328  0.348688  1715 6
13.124  0.171642  134 6
284.156  0.383081  1454 6
176.468  0.246744  1459 4
77.908  0.172932  133 4
7.156  0.243603  977 4
15.988  0.102564  234 4
8  0.240275  1748 6
83.284  0.407042  710 6
185.032  0.357283  4078 6
11.156  0.243086  687 6
58.14  0.388102  706 6
11.968  0.282738  336 6
16.592  0.248428  318 4
72.044  0.340555  1154 4
-313.016  0.264977  434 6
9.14  0.257908  2877 6
-197.06  0.251487  1177 4
-191.908  0.22357  577 6
-159.564  0.319149  188 4
85.532  0.373967  484 4
59.532  0.248941  2125 6
14.452  0.213889  360 6
167.952  0.394521  365 4
-86.184  0.118519  135 6
10.768  0.23741  1112 4
7.772  0.253462  15383 6
-284.732  0.278302  212 4
25.94  0.199074  216 6
12.968  0.187251  251 6
8.94  0.3  310 4
222.628  0.248013  629 4
0.936  0.22327  318 4
13.468  0.150442  226 4
-118.844  0.258462  325 6
143.184  0.363255  1192 4
-197.736  0.252604  1152 4
-104.592  0.26259  556 6
14.468  0.274194  186 4
66.252  0.4  330 6
-22.032  0.244879  1074 6
13.78  0.261044  498 6
-340.78  0.213483  445 4
70.576  0.359459  1480 6
68.532  0.35779  1104 4
61.796  0.320883  589 4
11.752  0.264535  1032 4
-214.152  0.267717  1905 6
12.784  0.217489  446 6
22.776  0.331269  323 6
-10.796  0.173469  294 4
-151.94  0.283784  370 6
13.216  0.308594  256 4
63.528  0.343685  966 4
13.532  0.245077  457 4
13.936  0.251685  445 6
70.548  0.400763  786 6
10.748  0.181818  231 6
-370.312  0.268783  3780 6
19.092  0.274678  233 6
-302.404  0.264599  548 6
114.564  0.339483  271 4
60.064  0.361463  1422 6
89.908  0.396514  459 6
59.168  0.348485  2244 4
-314.408  0.270103  485 4
15.484  0.264214  299 4
-222.064  0.261301  2721 4
-375.748  0.233449  574 4
14.636  0.0757576  198 6
85.22  0.454802  354 6
13.5  0.196759  432 6
-24.404  0.25446  3195 6
137.72  0.364458  664 4
61.72  0.371875  320 6
297.58  0.164557  158 4
153.152  0.367829  889 4
84.22  0.387646  939 6
171.156  0.262147  885 4
13.656  0.314655  232 4
6.876  0.248012  1383 4
-343.16  0.231788  906 4
-120.624  0.220884  249 6
9.376  0.270108  833 4
171.956  0.261278  532 4
-202.092  0.274403  922 4
51.752  0.354355  3203 6
15.176  0.205674  282 4
195.672  0.399129  689 6
-328.184  0.234043  1316 4
118.532  0.145455  165 6
52.392  0.335899  2209 6
56.968  0.371717  990 6
13.328  0.294545  275 6
54.36  0.353132  2778 4
136.704  0.251848  1759 4
12.72  0.263598  239 6
16.952  0.335745  4009 6
14.22  0.262204  717 4
9.372  0.262548  777 4
56.736  0.380556  1080 4
250.924  0.262346  1296 6
117.388  0.254294  3610 6
10.064  0.247664  214 4
-366.204  0.244604  417 4
56.296  0.345465  1676 4
-381.876  0.251121  223 6
99.592  0.372168  309 6
13.22  0.241329  692 6
9.796  0.269595  2641 4
9.672  0.256617  2229 4
-118.5  0.274336  226 6
14.736  0.253444  363 6
-219.108  0.244748  1904 4
-229.564  0.256545  191 4
204.78  0.36801  769 6
-205.156  0.175772  421 6
14.888  0.250704  355 6
52.892  0.333064  3708 6
13.344  0.219608  510 4
62.044  0.404494  623 4
-170.376  0.221519  474 6
-168.06  0.255156  3394 6
18.624  0.187879  165 4
314.376  0.47793  657 6
310.876  0.534794  776 6
104.44  0.396226  424 4
10.312  0.225  440 4
-251.956  0.358531  926 6
254.528  0.230665  737 4
118.42  0.246631  742 6
91.56  0.325758  264 6
158.44  0.313808  239 4
-88.16  0.260181  442 6
8.532  0.233165  1188 6
10.624  0.0843373  166 4
14.656  0.240816  245 6
15.452  0.241176  340 4
48.672  0.275  200 4
-156.14  0.265353  1319 4
12.844  0.242126  508 4
12.372  0.24  150 6
8.936  0.225177  564 6
85.592  0.423313  326 6
191.816  0.362687  670 6
180.312  0.306818  176 6
64.704  0.359686  1910 4
198.188  0.234667  750 6
10.124  0.257175  1777 6
67.952  0.404159  1106 4
-211.812  0.233607  244 6
-246.656  0.282421  347 6
52.752  0.186957  230 6
17.5  0.233333  210 6
58.764  0.369465  1513 4
10.376  0.233199  1488 4
227.376  0.273438  256 6
12.42  0.288413  794 6
14.484  0.218531  572 4
-361.736  0.236208  1287 4
-259.66  0.204327  416 4
124.892  0.265998  2094 6
-145.812  0.267709  1087 4
-275.86  0.200637  314 4
60.156  0.339072  2672 6
-206.716  0.258278  151 6
84  0.357735  2172 4
8.404  0.251799  2919 4
-123.5  0.242138  3816 4
271.252  0.272589  3287 4
-187.864  0.165468  139 4
254.36  0.230216  417 4
8.56  0.253726  2751 4
42.856  0.101587  315 4
-247.216  0.191919  396 4
47.676  0.369287  2735 6
168.972  0.341317  334 4
60.624  0.340843  1376 6
-89.408  0.223325  403 4
10.012  0.269163  1709 6
16.624  0.22561  164 4
15.124  0.220779  154 6
59.548  0.372855  1923 6
8.344  0.2554  787 6
65.532  0.359469  829 6
30.344  0.25  140 6
102.64  0.245283  1007 6
-259.812  0.215041  851 4
15.156  0.20603  199 4
7.624  0.283215  1829 6
13.256  0.234754  3706 4
-160.656  0.248878  2897 4
-341.032  0.241776  608 6
55.532  0.355471  1581 6
-297.596  0.250261  959 6
58.92  0.385915  355 6
274.94  0.230392  204 6
168.844  0.188153  287 6
72.232  0.376997  939 6
-121.796  0.266359  1299 6
152.328  0.380818  709 6
67.236  0.349004  1255 4
64.032  0.408369  693 4
81.516  0.36129  620 6
177.468  0.343109  341 6
73.656  0.38574  1094 4
103.452  0.233831  201 4
-261.22  0.278626  262 4
252.312  0.331343  335 6
41.716  0.23301  206 4
3.156  0.0462428  173 6
69.316  0.316017  924 6
15.08  0.221884  329 6
229.908  0.207645  968 4
53.5  0.368082  1861 4
286.72  0.236271  783 4
67.656  0.227642  246 4
-346.936  0.331646  395 6
-198.748  0.21813  353 6
49.848  0.314456  3196 6
54.72  0.372855  641 6
-152.252  0.20944  678 6
117.812  0.441176  340 6
-262.436  0.239777  538 4
20.736  0.238573  897 6
67.892  0.380159  1260 4
76  0.412804  453 4
87.956  0.373444  482 6
15.372  0.336364  220 6
-181.236  0.244353  1948 6
211.188  0.253086  162 4
-343.72  0.229885  522 4
11.108  0.250838  1790 6
-158.624  0.282209  163 4
11.56  0.236364  220 4
-0.94  0.227405  343 6
57.312  0.33094  1393 6
-150.22  0.0526316  247 6
12.124  0.2375  1040 4
10.888  0.202783  503 6
-132.936  0.243976  332 4
-251.124  0.108333  120 4
55.204  0.354159  2801 4
1.424  0.246445  633 6
-86.128  0.284091  528 4
13.2  0.25  748 4
3.4  0  16383 4
278.408  0.196172  209 6
171.468  0.205056  356 4
-184.372  0.199519  416 6
75.124  0.364749  817 6
49.704  0.349872  1169 4
17.124  0.311653  369 4
69.376  0.340893  1455 6
10.748  0.235443  395 6
-42.312  0.329317  249 4
95.596  0.387295  488 4
14.908  0.256944  288 4
77.876  0.360753  1009 4
-9.872  0.260383  1252 6
56.544  0.330925  2907 4
13.092  0.226872  454 4
70.876  0.411215  321 4
11.716  0.214706  680 6
-369  0.22549  204 4
-38.968  0.254015  685 4
9.376  0.269071  721 6
51.72  0.354647  1517 4
62.62  0.393231  1241 4
14.22  0.234637  179 4
-246.66  0.234091  880 4
-1.908  0.231768  1001 6
15.404  0.262857  350 4
15.28  0.293578  327 6
0.344  0.289593  221 6
278.06  0.182432  296 6
-210.688  0.299578  237 6
232.78  0.352941  765 4
-59.652  0.147773  494 6
62.408  0.228448  464 6
150.72  0.215983  926 4
61.872  0.412301  439 4
-61.376  0.321918  292 6
11.06  0.301746  401 4
-104.596  0.243697  1190 6
11.516  0.256485  2737 4
-332.844  0.28638  859 4
-58.128  0.238806  268 4
100.984  0.347107  242 6
16.344  0.305556  216 4
23.44  0.263158  190 4
54.452  0.290102  293 6
12.564  0.240506  395 6
137.248  0.364829  381 4
152.312  0.246044  2528 4
49.396  0.251166  6649 4
-2.344  0.251285  3307 6
46.016  0.258512  8077 6
44.084  0.245459  4404 6
65.576  0.343254  2016 6
57.748  0.389474  380 6
274.952  0.398243  683 6
78.42  0.409222  694 4
65.488  0.229268  2255 4
132.156  0.247987  621 4
-364.656  0.230159  126 6
63.296  0.32844  545 4
15.936  0.345361  194 4
10.876  0.248687  1142 6
60.812  0.361024  1601 4
-191.688  0.262469  1985 6
52.892  0.357319  1626 6
14.372  0.227068  665 4
14.22  0.198238  227 6
94.016  0.376582  316 6
55.608  0.337621  2799 4
14.264  0.232687  361 6
9.828  0.25805  2174 4
109.028  0.290323  682 4
61.72  0.311284  257 6
57.344  0.351732  2627 4
15.032  0.281314  487 4
222.528  0.279855  829 6
9.54  0.253282  5942 4
13.656  0.172727  330 6
55.472  0.39786  1028 4
-317.376  0.24477  478 6
58.876  0.261108  1643 4
14.344  0.122093  172 4
27.596  0.292  250 6
59.78  0.348348  2664 6
12.076  0.234483  580 6
-123.936  0.216467  753 6
193.936  0.240654  428 4
-229.512  0.22327  318 4
13.784  0.247768  448 6
13.048  0.2457  407 4
80.816  0.242188  256 6
-310.876  0.469613  181 6
13.872  0.234375  512 4
210.816  0.394472  796 4
14.296  0.221088  294 4
10.468  0.2494  1668 4
12.812  0.198556  277 6
187  0.2  275 4
66.592  0.36087  230 6
218.064  0.235012  2085 4
45.528  0.190972  288 6
13.452  0.249377  401 4
14.048  0.271084  332 4
289.064  0.20614  228 4
13.172  0.275049  509 4
142.656  0.272498  1189 4
260.328  0.243201  1912 6
141.84  0.131313  297 6
286.624  0.262381  949 6
49.124  0.258065  1860 4
170.72  0.397213  861 6
79.624  0.407155  587 6
15.42  0.205047  317 4
18.452  0.265957  188 4
-2.208  0.100409  16383 4
-233.496  0.252912  601 6
-332.536  0.227437  277 4
81.548  0.273196  194 4
-305.468  0.208333  168 4
-16.94  0.276732  13916 6
-92.516  0.275645  1745 6
-1.232  0.21606  1208 4
135.08  0.252478  14932 6
260.064  0.266366  443 4
69.14  0.329925  1467 4
-239.692  0.316206  253 4
207.72  0.26087  207 6
108.972  0.374558  283 6
-134.716  0.235821  670 4
51.5  0.351602  2591 6
11.064  0.273196  194 6
-293.876  0.272206  349 6
-86  0.116505  103 6
83.44  0.320408  980 4
14.124  0.214286  462 4
10.908  0.246316  475 6
88.036  0.383308  647 4
6.032  0.24026  462 6
12.156  0.202572  311 4
11.888  0.214724  489 6
5.36  0.262504  11356 4
-294.892  0.258856  1101 4
215.876  0.231651  872 4
303.436  0.235294  340 4
60.564  0.359375  704 4
4.78  0.253713  4040 6
248.624  0.114286  175 4
231.016  0.172161  273 4
63.936  0.30198  202 4
72.924  0.352135  1241 6
213.92  0.452214  429 4
17.452  0.152672  131 6
15.388  0.167347  245 6
229.472  0.222571  638 6
210.56  0.258667  750 4
48.908  0.338318  2140 6
89.36  0.27686  242 6
87.812  0.407609  736 6
28.844  0.265162  709 4
17.936  0.188406  345 6
12.004  0.226994  163 4
145.656  0.419708  548 6
60.512  0.357414  1841 6
-167.268  0.221557  334 4
-55.436  0.20283  212 4
58.344  0.331507  365 4
87.848  0.37971  345 4
-218.176  0.186207  290 4
54.092  0.298137  483 6
2.592  0.247899  4760 4
3.156  0.242015  4070 4
234.312  0.377188  1771 6
21.764  0.237864  412 4
50.5  0.367572  1178 6
9.656  0.271047  487 6
-332.748  0.236287  237 4
71.56  0.36169  1728 4
168.344  0.260379  1951 6
-21.58  0.239546  1937 6
-291.564  0.283333  540 6
154.532  0.0839161  143 6
229.28  0.282805  442 6
14.092  0.288591  298 6
24.784  0.251996  1127 6
-201.14  0.220096  209 6
11.096  0.314176  261 4
62.764  0.333991  2027 4
-236.716  0.224568  521 6
144.252  0.13089  191 4
-48.892  0.238819  1118 4
256.092  0.324201  219 4
-77.872  0.292553  188 6
64.436  0.377976  336 4
5.94  0.204545  396 6
-3.592  0.287975  632 6
282.28  0.29156  391 4
69.144  0.364532  406 4
12.124  0.316265  664 6
11.128  0.183007  153 6
-76.216  0.264416  711 4
8.564  0.260328  2808 4
74.44  0.368259  1298 6
76.284  0.379545  440 4
66.408  0.338323  1336 6
9.688  0.238426  432 4
13.684  0.259459  185 6
66.188  0.357435  733 4
-330.844  0.308824  204 4
279.22  0.363636  341 4
74.076  0.359684  759 4
317.504  0.247978  371 6
17.468  0.232258  155 4
-170.624  0.223129  735 6
171.184  0.371429  910 4
61.484  0.349159  1664 4
3.844  0.269542  1113 4
-360.216  0.253  1000 4
-276.44  0.249438  445 6
229.812  0.372444  1125 4
53.864  0.335853  926 6
12.656  0.229543  941 6
45.968  0.224242  330 6
71.216  0.426367  713 4
8.312  0.252558  1564 6
-353.908  0.235728  2032 4
-256.388  0.310811  296 6
126  0.349436  1242 4
17.248  0.218894  434 4
53.828  0.34563  1762 4
12.84  0.226766  538 6
219.22  0.373518  506 4
16.656  0.201149  174 4
-367.532  0.224556  619 6
85.784  0.36383  470 4
-301.716  0.177143  175 6
45.156  0.284464  457 4
10.564  0.274194  1426 4
67.108  0.369786  1774 6
-121.828  0.293568  964 6
12.624  0.258197  244 6
-261.076  0.254162  1802 4
68.344  0.239234  836 6
13.596  0.246479  284 6
98.188  0.275563  577 4
-16.436  0.273356  289 4
-218.844  0.257732  291 6
17.596  0.158192  177 4
166.688  0.170103  194 6
-242  0.154303  337 6
15.092  0.302083  288 4
2.672  0.254018  2862 6
-37.688  0.270655  351 4
15.3  0.198198  222 4
-321.856  0.247842  811 6
77.596  0.379552  714 6
91.108  0.444988  409 6
6.312  0.242555  2552 4
13.968  0.236765  680 4
107.484  0.249668  2259 6
10.248  0.285714  553 6
59.3  0.268817  279 4
83.468  0.371242  765 6
27.624  0.305785  242 6
-107.248  0.283706  1209 6
2.624  0.266451  1854 6
86.092  0.433766  385 4
12.236  0.284823  962 6
-150.656  0.189602  327 6
80.532  0.372215  763 4
-121.86  0.255598  1295 4
-223.216  0.257812  896 4
9.812  0.284779  611 6
86.252  0.272727  198 6
-245.128  0.181287  171 4
257.64  0.266811  1383 4
11.876  0.216117  273 4
56.92  0.354348  1840 6
66.124  0.394058  1279 4
-14.532  0.243961  414 4
14.372  0.196429  112 4
78.408  0.379512  1025 4
-333.372  0.147208  197 6
14.876  0.232394  426 4
3.188  0.141104  163 6
-312.936  0.257576  198 6
216.312  0.303571  168 6
-292.468  0.260383  626 4
7.112  0.270481  6921 6
-153.032  0.205882  238 6
60.64  0.337384  1728 6
22.624  0.176334  431 4
-148.532  0.262381  949 4
-50.816  0.265104  1109 6
51.844  0.356115  2502 4
240.452  0.270833  816 4
71.64  0.351624  893 4
12.436  0.225681  257 4
271.996  0.423529  255 6
13.296  0.156584  281 6
217.812  0.380783  281 6
14.656  0.281802  1132 6
139.784  0.225  160 6
305.592  0.254386  798 4
61.236  0.375514  1217 4
60.484  0.323782  349 4
69.64  0.387647  1700 4
0.016  0.260566  2579 6
52.048  0.358057  2656 6
15.8  0.303167  221 6
12.344  0.201201  333 4
180.528  0.374153  2066 4
259.032  0.244366  1420 6
14.736  0.231405  363 4
294.656  0.366379  232 6
30.688  0.288889  225 4
303.124  0.295652  230 6
15.404  0.103139  223 6
110.5  0.173913  253 4
63.844  0.346875  1600 6
74.252  0.265193  905 6
74.656  0.241758  182 6
16.312  0.283626  342 4
53.656  0.385075  335 6
63.156  0.363222  1316 4
268.392  0.257739  1486 4
35.908  0.300518  386 6
56.08  0.333898  2363 6
-101.128  0.119565  184 4
4.376  0.235563  1749 4
14.344  0.178218  202 4
-20.78  0.0866752  16383 6
248.736  0.249419  3011 6
58.972  0.386577  745 4
70.344  0.357542  1432 6
-222.532  0.395189  291 4
311.656  0.363395  377 4
11.316  0.223602  322 4
-146.408  0.251765  425 4
218.156  0.270764  602 6
61.248  0.279133  369 6
105.248  0.40201  199 6
-82.628  0.305019  259 6
55.592  0.340959  918 4
-374.216  0.245953  1915 6
9.78  0.211735  784 6
10.064  0.237598  383 4
20.908  0.316456  158 6
67.044  0.376344  465 6
63.5  0.365936  593 6
52.656  0.381449  1919 6
249.716  0.328488  344 6
13.532  0.275862  435 6
108.484  0.239487  2806 4
77.14  0.382688  439 4
15.784  0.275676  370 4
-43.316  0.220149  268 6
194.72  0.25  748 6
-243.064  0.311203  241 6
70.812  0.375165  757 4
7.252  0.267916  907 6
-389.952  0.243775  763 6
-326.408  0.319635  219 4
-338.552  0.228556  1912 4
217.752  0.178744  207 6
15.28  0.26183  317 4
15.184  0.234463  354 4
-5.344  0.242344  751 6
59.28  0.346893  2704 6
185.064  0.36014  858 6
87.316  0.413613  764 4
16.624  0.110526  190 4
66.092  0.354179  1711 6
-38.812  0.123377  154 4
13.64  0.292683  205 6
-50.716  0.221311  366 4
84.452  0.237089  852 4
8.892  0.266769  1297 6
-381.204  0.220126  159 6
257.296  0.267335  1197 4
-325.376  0.244131  213 4
61.36  0.359455  1761 6
16.736  0.246575  219 6
150  0.376963  764 4
-7.472  0.264901  906 6
4.876  0.23301  412 6
58.58  0.401027  1753 6
-339.372  0.249084  1092 4
52.892  0.33282  3248 4
-273.032  0.194131  443 4
57.656  0.355474  2183 4
-348.752  0.261789  615 4
54.816  0.375735  2382 4
58.032  0.361905  1050 6
-274.092  0.239332  1078 6
15.936  0.196911  259 6
11.064  0.244698  613 6
59.66  0.356616  1761 4
242.468  0.479705  271 4
-171.688  0.356846  241 6
185.004  0.299559  227 4
10.876  0.244186  602 6
235.252  0.267377  1784 4
316.312  0.248157  407 6
72.06  0.394759  1183 4
64.532  0.352833  1624 4
57.16  0.382096  458 4
183.404  0.0526316  114 4
157.248  0.202797  143 4
12.844  0.341297  293 6
-385.908  0.255352  654 6
25  0.316602  259 4
274.5  0.373259  359 6
86.236  0.232218  956 6
22.936  0.283898  236 4
12.344  0.232824  262 6
225.5  0.237668  223 4
-337.936  0.160401  399 4
60.44  0.361647  1554 6
12.72  0.254717  212 6
53.012  0.32529  3191 4
-236.736  0.232  1000 6
12.936  0.258303  271 6
19.844  0.227405  343 4
303.812  0.247368  190 4
60.548  0.336445  2678 6
-218.64  0.267206  2964 6
59.544  0.338372  1720 4
65.624  0.351536  293 6
72.78  0.404309  789 6
-370.08  0.251521  1479 4
267  0.238722  532 6
135.372  0.214286  238 4
297.812  0.258407  1695 4
249.784  0.300268  373 6
-314.72  0.268908  238 4
14.64  0.292642  598 6
109.628  0.282238  411 6
20.76  0  16383 6
178.564  0.315603  564 6
-11.096  0.244541  1603 4
-1.544  0.235641  1863 6
289.344  0.342857  210 6
-352.816  0.255784  1556 4
13.188  0.216123  583 4
56.576  0.337474  1449 6
67.204  0.370184  597 6
117.924  0.358209  268 4
158.5  0.220532  263 6
136.168  0.364121  1126 4
-245.936  0.272097  1154 4
173.656  0.201357  442 6
-274.44  0.241935  186 6
27.328  0.262639  3956 6
14.188  0.155405  148 6
109.596  0.388732  355 6
52.58  0.332112  1638 4
85.068  0.241856  1013 6
61.248  0.345461  2721 4
-13.908  0.195175  456 4
8.096  0.203947  608 4
13.44  0.227586  435 6
69.812  0.345679  1296 4
131.096  0.410211  568 4
-360.404  0.170213  282 4
66.392  0.361559  1488 6
56.408  0.279762  336 6
235.5  0.349573  2340 6
-134  0.24676  2006 6
12.78  0.268817  279 4
207.264  0.25035  2856 4
106.128  0.462069  290 4
11.564  0.329588  267 6
-308.124  0.236148  758 6
128.032  0.374101  417 6
54.248  0.361315  2859 6
91.496  0.365169  356 6
13.952  0.242105  475 4
4.048  0.156809  16383 4
-4.596  0.234483  1450 6
-160.424  0.240524  2137 6
14.44  0.196481  682 4
84.656  0.424063  507 6
15.472  0.103139  223 6
106.312  0.4  305 4
60.264  0.360068  586 4
11  0.247059  170 6
99.34  0.232583  933 4
-357.312  0.233161  579 4
61.892  0.246189  2165 4
8.408  0.255198  7359 6
53.096  0.336953  3131 4
10.452  0.245421  1365 4
12.656  0.284404  654 6
230.764  0.235355  1946 4
-255.748  0.259542  786 4
234.876  0.209302  172 6
-257.656  0.313084  214 4
-155.468  0.23029  482 6
9.34  0.258166  949 6
-37.032  0.223698  979 6
-279.816  0.238754  289 4
14.624  0.144615  325 4
9.064  0.257491  3938 4
27.876  0.304569  197 6
97.624  0.388119  505 6
-62.624  0.0813953  172 6
73.636  0.356725  342 4
6.876  0.338403  263 6
11.284  0.276923  845 4
77.78  0.232824  786 6
-11.872  0.22314  242 6
66.468  0.354717  795 4
69.312  0.42588  1221 4
8.796  0.262205  2376 6
-14.284  0.252033  1353 4
118.592  0.290541  148 4
130.592  0.398682  607 4
265.312  0.280702  399 4
72.252  0.380497  1046 6
-28.376  0.21256  414 6
52.812  0.383431  1364 6
-3.344  0.251034  1450 6
-106.392  0.231317  843 4
23.952  0.232822  1499 6
68.016  0.366354  1171 6
13.532  0.233766  231 6
16.776  0.336538  208 4
-246.672  0.273684  190 4
69.172  0.395349  344 4
52.968  0.321584  2979 4
-26.064  0.281437  167 6
-10.72  0.223301  309 4
55.308  0.351852  648 6
229.624  0.254327  1329 6
-309.392  0.254307  1219 6
185.936  0.229947  187 4
-134.752  0.139665  179 4
61.016  0.376447  1987 6
141.188  0.389671  1278 6
11.344  0.213296  361 4
53.548  0.315079  2520 4
64.532  0.233129  326 4
-281.748  0.305882  170 6
10.296  0.262818  2165 4
15.032  0.254032  248 6
8.888  0.259978  2781 6
61.94  0.265589  433 6
56.468  0.341471  3072 6
74.904  0.388769  926 4
137.516  0.398693  918 4
31.128  0.263393  1344 6
-261.984  0.218391  261 6
51.032  0.399149  1175 6
300.344  0.337445  2270 4
63.784  0.375283  882 4
9.064  0.247849  2324 6
134.904  0.313953  172 6
6.048  0.261061  5673 6
-360.936  0.22807  171 4
70.152  0.357585  646 4
-178.748  0.305019  259 6
53.376  0.21519  158 4
64.592  0.353079  2127 4
195.764  0.243386  1890 4
-144.032  0.263158  399 4
210.184  0.230216  139 6
53.688  0.337997  1787 6
14.312  0.158654  208 4
8.876  0.366935  248 6
157.688  0.228788  660 4
-95.06  0.277293  458 6
170.016  0.383529  425 6
52.624  0.342523  2394 6
15.624  0.330855  269 4
-287.624  0.226316  190 6
-1.624  0.311203  241 6
17.296  0.12381  105 4
16.516  0.286119  353 4
51.312  0.377976  1344 4
-40.596  0.295082  244 4
279.812  0.21  400 4
239  0.34375  320 6
59.688  0.336614  508 4
5.096  0.265338  8834 4
51.816  0.343379  2024 6
59.856  0.334122  2113 6
-0.376  0.26556  482 6
-172  0.326633  199 4
-163.248  0.25794  1291 4
-172.484  0.330065  306 6
-74.328  0.22898  1118 6
9.736  0.260241  1245 4
71.56  0.268293  574 4
-118.22  0.333333  165 4
-309.968  0.233227  939 4
-290.8  0.27555  773 6
17.516  0.288372  215 4
65.528  0.339149  917 4
59.168  0.372478  1933 4
-6.812  0.244186  2150 4
68.656  0.433824  272 6
63.844  0.343228  1078 6
2.58  0.237164  2045 6
14.028  0.0772201  259 4
-241  0.209302  172 6
61.092  0.332075  530 4
107.764  0.314286  245 4
-234.5  0.153846  221 4
176.376  0.2475  400 6
61.984  0.328022  2134 6
8.688  0.228099  605 6
6.672  0.254682  5607 4
75.06  0.354911  896 6
56.92  0.347222  2736 6
9.56  0.259542  1048 4
71.184  0.413462  520 4
7.952  0.245114  3786 6
93.156  0.43787  338 6
13.94  0.242126  508 6
52.44  0.43762  521 4
83.764  0.351733  779 4
73.468  0.363705  1328 4
52.388  0.337761  3689 4
-286.684  0.108434  166 4
14.2  0.308756  651 4
53.408  0.384058  690 4
65.22  0.379041  897 4
63.028  0.359043  752 6
-0.848  0.271186  295 6
-250.848  0.223048  269 4
98.344  0.312292  301 4
70.156  0.386667  1350 4
67.736  0.390625  640 4
-127.904  0.240838  191 4
-395.064  0.28972  214 6
66.436  0.348972  1556 4
130.812  0.352574  1282 6
85.5  0.408922  538 4
186.064  0.256545  764 6
12.22  0.230108  465 6
-186.876  0.266599  979 6
63.096  0.236364  605 4
67.688  0.353595  1530 4
288.984  0.211207  232 6
167.968  0.242655  1838 6
60.676  0.350582  2319 6
57.496  0.386768  393 4
58.94  0.324895  237 6
310.376  0.288783  419 4
62.688  0.395985  548 6
-29.28  0.223975  317 4
-43.904  0.203065  522 6
199.248  0.352041  196 6
66.624  0.350575  348 4
67.5  0.362205  254 6
125.796  0.229066  1039 4
81.936  0.391429  350 6
14.612  0.263485  482 6
14.048  0.255882  340 6
12.532  0.0848485  165 4
57.732  0.392267  2483 4
58.888  0.389105  1799 6
64.344  0.370197  1926 6
-84.996  0.253445  1669 6
-182.996  0.135484  155 6
248.252  0.0530303  132 6
49.624  0  147 6
12.248  0.0271739  184 6
73.532  0.393509  493 6
50.236  0.367742  310 6
72.216  0.376923  390 6
302.404  0.236604  1437 6
272.58  0.22884  638 6
269.548  0.395062  567 4
33.188  0.3  170 4
130.752  0.237094  523 4
62.72  0.364458  332 6
55.468  0.357233  795 4
9.248  0.252125  706 4
81.156  0.368512  1156 4
46.56  0.0567376  141 6
-0.464  0.252199  341 6
67.22  0.364672  1404 6
-5.904  0.234132  1670 6
-319.816  0.21902  347 4
64.984  0.249227  1617 6
28.032  0.142857  147 6
69.908  0.371765  850 6
13.64  0.187285  582 4
-118.8  0.28877  187 4
128.628  0.261628  516 4
12.84  0.256637  678 6
76.344  0.358251  709 4
50.808  0.232662  447 6
250.952  0.240496  1210 4
8.8  0.230201  1894 6
264.248  0.411111  540 6
-261.316  0.203822  157 6
-112.452  0.266667  270 4
10.044  0.232779  1263 6
35.156  0.23908  870 4
52.72  0.349612  3993 6
11.92  0.249735  945 6
8.752  0.255166  3049 6
-327.032  0.27686  242 4
274.732  0.223571  1977 6
65.752  0.129944  177 4
-209.004  0.300836  359 6
13.936  0.228333  600 4
-102.876  0.235084  838 6
264.236  0.245219  889 4
12.624  0.244186  430 6
51.484  0.348415  2586 6
233.736  0.214286  252 6
257.156  0.197143  350 6
-56.204  0.245606  2162 4
-219.44  0.295918  196 4
10.656  0.25  848 4
-304.452  0.163265  147 4
13.736  0.258974  390 6
4.452  0.242752  2035 6
124.92  0.253769  1194 4
133.404  0.364912  570 6
-263.188  0.250501  499 4
257.312  0.17608  301 6
-281.392  0.225513  439 4
235.68  0.247165  3880 6
57.016  0.33516  2372 6
13.248  0.238579  197 6
39.188  0.244608  1762 4
-119.22  0.176101  159 6
250.844  0.241379  667 6
-46.376  0.114407  236 6
13.156  0.374449  227 6
96.904  0.424132  547 4
11.544  0.26575  873 4
-275.092  0.268657  1541 4
10  0.26477  457 6
231.796  0.155844  385 4
12.44  0.212928  263 4
-376.86  0.26749  243 4
-386.748  0.22973  518 4
8.812  0.216028  861 6
79.156  0.412639  538 6
-224.548  0.243902  328 4
74.5  0.374308  903 6
-102.908  0.187279  283 4
38.092  0.234742  213 6
19.232  0.23871  155 6
5.656  0.262559  1493 6
127.656  0.239354  681 6
-69  0.377897  561 4
1.688  0.258065  5704 4
72.2  0.342037  1149 6
13.372  0.265306  686 4
11.376  0.205788  311 6
-48.94  0.180328  244 6
107.58  0.368098  1304 4
-52.252  0.290743  767 6
7.064  0.246399  3263 6
58.032  0.348354  1731 4
-78.432  0.1417  247 4
-376.32  0.240664  241 6
163.908  0.172018  436 6
69.468  0.208098  1062 6
169.408  0.35906  298 6
11  0.251908  262 4
13.624  0.209135  416 4
72.86  0.429806  463 4
-18.892  0.195777  521 4
-227.436  0.222635  539 4
-1.752  0.272418  881 4
12.904  0.232265  874 4
60.8  0.299065  428 4
181.544  0.25  976 6
12.3  0.253298  1137 4
-172.456  0.266667  1350 4
290.064  0.247706  872 4
-247.436  0.195572  271 6
-280.876  0.25  1236 4
-209.748  0.284457  341 4
11.972  0.213115  427 6
93.94  0.397644  679 6
111.296  0.288557  201 4
90.924  0.375  2512 6
13.656  0.12234  188 4
-295.672  0.265271  573 4
96.252  0.0232558  129 4
-314.924  0.215038  1330 4
90.42  0.315385  260 6
10.984  0.254287  2391 4
83.032  0.253731  670 6
-1.44  0.233261  1852 6
60.344  0.377193  456 4
130.252  0.025641  117 4
-203.56  0.240437  183 6
11  0.243976  332 4
121.44  0.237624  202 4
-215.844  0.24619  853 6
107.496  0.248523  2708 4
22.092  0.307692  260 6
165.596  0.23934  1454 4
14.596  0.234783  345 6
184.94  0.115  200 4
15.096  0.224658  365 4
199.592  0.246479  284 4
10.808  0.277439  328 6
12.688  0.287356  261 6
-27.228  0.258723  4213 4
195.992  0.19598  199 4
14.64  0.265372  309 6
117.5  0.244661  1639 4
16.844  0.296  375 4
-210.06  0.26971  241 6
73.248  0.37963  648 4
247.656  0.284689  836 4
-29.996  0.0714286  126 4
-222.404  0.253498  1215 4
98.816  0.172524  313 4
68.064  0.365945  1063 6
-1.596  0.270749  1241 4
9.332  0.248705  1158 6
307.5  0.191781  146 6
13.844  0.2103  233 4
-66.904  0.248923  6267 6
13.876  0.243243  259 4
290.608  0.288525  305 4
-17.22  0.259591  782 6
17.78  0.283465  254 4
65.864  0.360748  1070 4
133.56  0.245211  261 6
76.592  0.228302  530 4
7.452  0.256442  2406 4
260.252  0.258427  445 6
22.656  0.285714  168 4
161.268  0.350295  1867 4
15.108  0.144531  256 6
153.908  0.231855  496 4
56  0.347141  2728 4
68.752  0.263007  2095 6
-371.628  0.274809  262 4
73.768  0.333333  378 4
60.316  0.385875  977 6
62.548  0.360585  1847 4
287.656  0.251572  1272 6
-369.252  0.290061  493 6
-42.504  0.0461538  130 6
62.564  0.383525  1129 4
-22.644  0.285276  326 4
260.528  0.262701  2303 4
69.096  0.287383  428 6
16  0.356021  191 6
11.624  0.298817  338 4
10  0.255435  736 6
-167.904  0.202643  227 4
56.64  0.349833  1798 6
-57.688  0.303621  359 6
-322  0.19802  202 4
12.856  0.244519  593 4
-281.848  0.239905  421 4
-307.528  0.255278  521 4
61.344  0.367325  1824 6
56.088  0.401288  932 4
28.936  0.270588  170 4
-34.248  0.332696  523 6
284.552  0.0670817  16383 6
13.656  0.238384  495 6
61.248  0.305296  321 4
261.392  0.120805  149 4
15.488  0.231034  290 4
129.968  0.266975  648 6
84.984  0.41784  426 4
14.624  0.292857  280 4
-195.784  0.271985  1103 6
4.44  0.25812  585 4
13.584  0.251208  414 6
14.848  0.314024  328 6
54.752  0.36911  2292 4
58.696  0.333014  2087 6
-135.976  0.255266  807 6
80.624  0.340757  449 6
-161.624  0.0902778  144 4
77.44  0.385128  901 6
-276.32  0.251185  211 4
56.048  0.387324  710 6
-184.504  0.195448  747 6
132.592  0.244029  3266 4
54.544  0.33812  2925 6
78  0.364191  983 4
-364.312  0.123188  138 4
11.656  0.247706  436 6
10.312  0.253756  599 4
16.848  0.301802  222 4
-152.264  0.263473  167 4
68.744  0.412873  637 4
211.36  0.266667  330 4
6.24  0.246667  2850 6
9.528  0.21797  16383 6
12.536  0.28932  515 6
308.224  0.25  260 6
11.872  0.240741  162 4
-109.408  0.246506  787 4
14.152  0.197802  273 6
9.88  0.26149  1893 4
-164.688  0.372564  1283 6
86.296  0.417939  524 6
56.032  0.330898  3285 4
135.888  0.225926  540 4
23.592  0.29582  311 6
-354.624  0.237269  864 4
76.184  0.297688  346 6
85.128  0.339408  439 4
16  0.0838323  167 6
-12.808  0.274329  1192 4
130.608  0.261194  268 4
65.16  0.358602  1860 4
63.712  0.350727  1169 6
51.784  0.345541  2321 6
60.192  0.341743  436 6
72.72  0.392727  825 4
18.864  0.238889  180 4
278.536  0.152695  334 4
66.872  0.350751  1665 4
59.528  0.265734  429 4
6.624  0.269113  981 6
12.688  0.254902  204 4
11.528  0.254098  366 4
60.096  0.38296  1162 4
16.192  0.272133  1683 4
9.84  0.265335  701 4
13.56  0.264325  541 4
12.536  0.244898  196 6
228.136  0.370173  751 4
-282.08  0.252427  206 6
13.792  0.23622  254 6
67.576  0.360706  1303 4
63.136  0.359712  278 6
67.032  0.327747  537 4
63.248  0.382671  277 6
-373.752  0.228723  188 6
6.16  0.236667  1200 4
162.28  0.24375  160 6
13.2  0.240885  768 4
15.568  0.15411  292 4
116.192  0.373134  268 4
48.76  0.227119  295 6
12.688  0.252066  726 6
12.968  0.188679  159 6
40.528  0.256332  987 4
12.344  0.270992  262 4
292.2  0.221649  388 4
204.256  0.271854  1041 4
60.216  0.341085  2064 6
70.672  0.394004  934 6
77.736  0.361663  1612 4
117.568  0.366554  1776 4
261.472  0.391549  710 4
8.688  0.247375  857 4
13.72  0.26393  341 6
61.76  0.421286  451 6
59.512  0.367681  854 4
14.096  0.244156  385 6
-35.12  0.320261  153 6
125.936  0.388591  1490 4
17.968  0.207843  255 4
17.392  0.302469  162 6
-394.36  0.181818  264 6
9.352  0.25694  2954 4
-52.192  0.367965  231 4
31.936  0.269103  3010 6
294.56  0.320261  306 6
12.936  0.229226  349 4
58.128  0.370681  955 6
-41.296  0.252336  963 4
-371.032  0.26961  2741 4
68.208  0.359405  1547 6
14.032  0.240667  1500 6
19.184  0.2  170 4
263.776  0.298969  194 4
-341.408  0.1875  208 4
-0.376  0.268935  911 6
194.688  0.263725  3807 4
159.528  0.339789  568 6
-185.248  0.23913  230 6
10.376  0.266943  723 4
83.936  0.341278  923 4
157.776  0.247104  1813 6
13.784  0.234234  222 4
13.224  0.243119  654 6
117.12  0.182482  137 4
9.36  0.248314  5634 4
304.6  0.269022  368 4
-35.08  0.26806  2201 4
164.48  0.345532  1175 6
-315.248  0.261538  780 4
16.592  0.216749  406 4
147.872  0.318182  198 4
-136.816  0.256917  253 4
62.76  0.378486  753 4
61.728  0.376794  836 6
30.04  0.224299  535 6
75.256  0.377644  993 6
12.824  0.148615  397 6
-6.192  0.263339  581 6
123.352  0.26402  1587 4
79.752  0.250503  994 4
-392.816  0.282353  255 4
84.44  0.209945  181 4
14.568  0.247444  489 4
80.888  0.385199  527 4
165.944  0.194805  231 6
254.184  0.165517  145 6
130.808  0.334131  1254 6
70.08  0.234158  1294 4
9.816  0.331818  220 6
74.408  0.244233  2211 4
73.488  0.325175  286 6
219.528  0.389908  436 4
10.256  0.247525  202 4
-76.408  0.286957  230 6
12.56  0.198251  343 6
2.832  0.23125  160 4
56.784  0.357259  613 6
60.768  0.381093  677 4
8.936  0.246127  2324 4
9.456  0.253838  977 4
112.32  0.224335  263 6
27.376  0.274725  455 6
-89.192  0.20202  198 6
74  0.400585  684 6
12.656  0.264916  419 6
-314.376  0.25443  790 6
65.944  0.355844  1925 6
58.12  0.35368  1671 4
14.064  0.347826  184 6
14.752  0.138577  267 4
85.968  0.404255  423 4
-97.656  0.250755  3976 6
-132.312  0.241791  335 6
76  0.365789  380 6
5.936  0.253305  1437 6
14.408  0.161702  235 6
14.256  0.238764  356 4
14.8  0.223684  228 6
14.408  0.256881  654 4
97.064  0.453125  384 6
13.752  0.281081  555 6
11.36  0.250524  954 6
73.312  0.374242  660 4
10.248  0.270793  517 4
204.528  0.246436  982 4
138.456  0.245902  427 4
11.936  0.405405  148 6
10.936  0.395303  511 6
126.464  0.301676  179 4
-177.192  0.246883  401 6
56.888  0.340295  1628 6
64.888  0.327767  2096 4
67.904  0.410638  470 4
35.744  0.246305  203 6
264.688  0.330855  538 4
6.472  0.243603  977 4
73.216  0.362069  812 4
54.624  0.248052  2310 4
77.056  0.410832  757 6
50.312  0.352372  1033 6
-280.432  0.185393  178 4
-390.68  0.236667  300 4
-190  0.14881  168 6
168.376  0.276786  224 6
68.84  0.350361  1664 6
66.032  0.354375  1600 4
155.512  0.142857  147 6
121.952  0.380645  310 4
14.28  0.288577  499 6
214.216  0.384615  806 6
51.672  0.338258  3181 6
66.416  0.399838  1238 4
14.688  0.235294  408 4
34.152  0.282723  191 4
131.336  0.35277  1715 4
-290.496  0.267669  665 4
146.592  0.245077  457 6
-371.128  0.239306  1613 4
-351.592  0.177536  276 6
77.096  0.368726  1036 4
11.624  0.172185  151 4
12.56  0.323529  238 4
67.424  0.384937  1195 4
210.352  0.357347  2096 4
9.016  0.224409  762 4
75.656  0.421141  596 6
-226.472  0.275161  934 6
12.656  0.214876  363 6
-277.936  0.0301205  166 6
-42.672  0.213115  183 4
59.72  0.360811  740 4
71.096  0.362225  773 4
-294.688  0.233803  1065 4
5.256  0.234498  887 4
-0.28  0.243478  345 4
11.904  0.235537  726 6
-105.736  0.233163  1960 4
-378.096  0.164988  16383 6
117.704  0.350693  1805 6
84.328  0.357988  676 4
219.504  0.252632  190 6
50.44  0.197719  263 4
14.984  0.280374  321 4
6.464  0.248719  2927 4
62.936  0.384813  777 4
257.248  0.256024  332 6
76.624  0.352306  1019 4
67.376  0.366557  1214 6
51.28  0.347239  3260 6
14.232  0.137931  348 4
15.032  0.280967  331 6
284.936  0.180556  144 4
20.096  0.239464  1044 4
6.144  0.26441  3279 4
248.104  0.249353  1159 6
19.344  0.275281  178 6
-51.656  0.261468  654 4
127.016  0.254964  2216 6
68.92  0.435356  379 6
72.488  0.380192  1252 4
-57.008  0.254967  302 4
16.968  0.318627  204 4
13.928  0.208417  499 6
193.896  0.148352  182 6
16.656  0.277228  606 4
77.376  0.366397  494 4
61.064  0.369515  433 4
-357.408  0.210526  228 6
11.128  0.184358  179 4
71.872  0.345182  1266 6
-183.376  0.229075  227 6
52.736  0.356888  1684 4
145.792  0.281085  1512 4
141.312  0.258099  926 6
11.136  0.25699  2432 4
15.248  0.29096  354 6
57.952  0.346103  757 4
60.512  0.336794  2601 4
-203.184  0.211538  260 6
4.296  0.266795  1042 6
49.056  0.254079  2145 6
-224.872  0.325581  215 4
-55.472  0.277635  1945 6
61.312  0.268872  1179 6
15.056  0.0988372  172 4
-261.16  0.242476  1163 4
86.528  0.241026  195 4
20  0.243747  3758 4
11.528  0.238372  516 6
-158.984  0.263066  1148 6
69.344  0.385559  734 6
12.752  0.219585  337 4
54.984  0.371741  1918 4
-196.816  0.188925  307 4
54.768  0.327731  1666 6
79.464  0.388785  535 6
52.12  0.346247  826 4
11.872  0.173333  225 4
202.536  0.277344  256 4
-215.128  0.237697  2032 6
64.592  0.362358  1849 6
8.432  0.255738  305 4
60.328  0.366667  810 6
12.344  0.270642  654 6
-101.112  0.238901  473 4
66.24  0.384509  723 4
54.184  0.310887  2673 4
9.816  0.324528  265 6
136.248  0.207865  178 6
244.128  0.254222  1125 4
72.128  0.172702  359 6
18.504  0.223602  161 4
-107.4  0.254323  1966 4
-81.784  0.187192  203 6
69.544  0.352814  1386 6
-358.784  0.273764  263 6
-14.504  0  16383 4
68.568  0.366667  300 6
52.808  0.323548  3236 4
12.216  0.234043  329 6
55.824  0.321828  3042 6
72.456  0.40411  438 6
59.264  0.330709  2540 4
66.616  0.269613  905 6
-42.032  0.213592  412 4
108.192  0.310127  316 6
-197.192  0.252918  1542 4
13.504  0.276786  560 6
7.08  0.264599  6610 4
-299.272  0.20765  183 4
-49.56  0.213793  580 4
245.376  0.128205  156 4
-18.824  0.241706  1477 4
20.248  0.179775  178 4
189.08  0.257282  1854 6
58.584  0.348278  1829 6
113.568  0.437956  274 4
-185.256  0.253425  292 6
78.984  0.298039  255 6
78.72  0.201183  169 6
58.648  0.267261  1796 6
89.744  0.439695  655 4
68.44  0.426778  717 6
-357.84  0.111111  198 6
14.424  0.233438  317 6
58.224  0.358752  1731 4
54.248  0.359941  2706 4
13.064  0.185039  508 6
289.56  0.372351  991 6
-20.248  0.28125  256 6
-78.784  0.224894  707 4
158.784  0.416667  480 6
260.088  0.253366  817 6
171.056  0.42069  435 4
234.496  0.230554  1427 4
59.512  0.317669  532 4
68.64  0.241071  224 4
77.224  0.346272  979 6
147.472  0.355685  343 6
-140.752  0.259259  189 4
-247.968  0.231343  536 4
10.968  0.271658  935 4
9.4  0.256061  660 6
-119.016  0.257504  1899 6
86.032  0.359137  788 4
159.472  0.225806  527 4
76.168  0.349547  1213 6
-342.8  0.275159  10990 6
-137.904  0.20297  202 4
-94.44  0.218654  654 4
70.616  0.38448  1134 4
10.28  0.239869  913 6
-162.408  0.261181  1118 4
244.528  0.383065  1984 6
-4  0.25732  1776 6
82.176  0.369176  279 4
15.592  0.241228  228 6
13.936  0.22549  204 4
-157.88  0.260035  1146 4
-382.92  0.236842  304 6
2.184  0.243446  267 6
66.624  0.41954  522 4
87.936  0.397516  322 4
12.56  0.268595  242 6
-24.128  0.279456  662 4
8.376  0.26268  3963 4
15.72  0.276119  402 4
181.656  0.401437  974 4
4.056  0.262284  4640 4
14.4  0.188482  191 4
-105.184  0.313187  182 4
-264.192  0.233983  359 4
-209.256  0.223048  1614 4
100.096  0.253181  786 4
102.192  0.25  624 4
259.216  0.254237  295 6
62.312  0.347958  1983 4
193.8  0.251303  959 4
58.184  0.359536  776 6
9.152  0.210682  337 6
60  0.349722  1078 4
14.056  0.285714  378 4
-23.44  0.272059  272 4
15.376  0.166667  150 4
56.752  0.35685  2197 6
122.432  0.333472  2399 4
79.224  0.381153  711 4
-339.248  0.190244  410 4
67.12  0.358974  429 6
-119.536  0.280745  805 6
57.608  0.378743  668 4
63.064  0.375912  548 4
97.592  0.418079  354 6
92.376  0.397059  476 4
-17.28  0.0303974  16383 4
-372.248  0.302721  294 6
-148.616  0.254668  1928 6
-215.456  0.24085  1694 6
-92.192  0.290323  310 4
12.688  0.349754  203 4
93.12  0.354779  544 6
11.216  0.290984  976 6
54.08  0.350023  2217 4
307.672  0.219727  1024 4
-273.592  0.200565  354 4
179.064  0.355039  645 6
6.608  0.263158  1710 4
67.88  0.263388  2521 4
284.312  0.225806  217 6
69.136  0.36079  1469 6
-28.776  0.267057  1026 4
-297.72  0.244718  1704 4
-34.064  0.252101  1428 4
9  0.34104  173 6
151.752  0.311828  279 6
-393.496  0.343109  341 6
73.752  0.329341  668 6
14.032  0.326087  184 4
11.936  0.236239  872 4
6.816  0.248447  966 4
238.376  0.250878  3703 6
-99.536  0.151042  192 6
1.72  0.184859  568 4
58.064  0.344142  956 6
-60.344  0.0886076  316 6
-178.472  0.322917  288 4
2.752  0.162791  215 4
70.432  0.240271  591 6
11.992  0.194915  236 4
52.984  0.33297  2754 4
40.872  0.245902  244 4
-235.624  0.243492  1959 4
210.88  0.152047  171 4
35.592  0.2827  711 4
74.592  0.41875  320 4
68.224  0.411339  829 4
58.344  0.423759  564 4
4.72  0.258942  3383 6
307.616  0.423684  380 4
177.536  0.234391  977 6
25.192  0.230769  169 4
-11.032  0.274725  182 6
10.688  0.251664  751 4
9.032  0.255118  635 4
120  0.0454545  110 4
46.376  0.347087  3708 4
105.28  0.368421  304 4
13.912  0.277397  292 4
9.496  0.243678  435 6
-242.104  0.235043  234 4
10.896  0.23927  932 4
-192.984  0.245588  2040 4
88.304  0.254317  637 6
216.744  0.359601  1104 4
244.96  0.2926  1473 4
7.872  0.200717  558 6
-391  0.298025  557 4
14.248  0.286219  283 6
-295.72  0.361702  188 6
13.576  0.257576  462 6
48.56  0.43787  338 6
286.368  0.27541  305 4
8.936  0.259887  531 6
-0.528  0.238839  448 4
-224.312  0.272124  452 4
55.888  0.341758  2651 6
137.192  0.252435  1232 4
-149.592  0.261099  1329 6
-321.248  0.252091  1674 4
-236.56  0.230655  1344 6
7.112  0.259408  2737 4
10.808  0.235461  705 6
38.88  0.25206  2063 6
-122.44  0.27027  296 6
56  0.361781  1078 6
285.216  0.384224  393 6
-146.88  0.235577  208 6
292.328  0.222727  220 6
12.024  0.241581  683 4
156.56  0.235714  280 4
-91.744  0.228361  543 6
-118.968  0.216301  638 4
73.296  0.355814  860 6
-158.968  0.249666  1498 4
194.624  0.211268  426 6
-107.88  0.300518  386 4
167.64  0.38129  1550 4
7.264  0.254542  5889 6
30.12  0.241379  290 4
22.784  0.246988  332 6
-263  0.229469  414 4
11.152  0.231511  311 6
7.84  0.237288  531 4
16.8  0.228571  175 4
-17.52  0.257408  1721 6
247.72  0.274457  368 4
-214.424  0.232605  1969 6
72.488  0.387249  847 6
12.832  0.242915  741 6
-292.064  0.225564  532 4
-3.864  0.107296  233 4
109.808  0.261682  535 6
-270.872  0.255521  317 6
11.656  0.248518  2362 4
-336.936  0.273756  442 4
74.08  0.352317  1036 4
73.496  0.373077  260 4
222.592  0.231939  263 6
79.992  0.263844  307 4
55.304  0.35037  3111 4
9.832  0.279979  1868 4
51.632  0.379587  872 4
186.872  0.245243  473 4
-306.096  0.249071  538 6
-0.696  0.259566  1568 6
-93.336  0.125498  502 4
211.768  0.257576  990 6
11.184  0.131783  129 6
-1.912  0.239852  542 6
-131.256  0.248  375 6
72.152  0.382979  1081 4
-309.168  0.115385  208 6
-45.944  0.349515  206 6
-13.936  0.281356  295 4
6.328  0.246086  2044 6
-160.464  0.222477  436 6
10.08  0.285714  1050 6
15.528  0.146552  116 6
-388  0.152174  184 6
13  0.222849  709 6
-245.376  0.249611  3217 6
139.624  0.402344  512 4
-2.936  0.252182  1031 4
23.512  0.0661157  121 4
-150.592  0.242709  2023 6
14.504  0.153846  247 6
11.56  0.224771  218 6
-313.008  0.263768  345 6
53.28  0.354218  1612 6
-235.44  0.0377358  159 4
174.56  0.180952  210 4
60.152  0.364742  1974 6
65.48  0.347209  1057 4
-111.592  0.242392  1873 4
72.408  0.386146  1357 4
-159.536  0.2875  160 4
-3.264  0.232503  1686 6
180.576  0.217582  910 6
13.184  0.338926  298 6
58.44  0.366211  1024 6
-333.376  0.274194  186 6
66.984  0.251266  987 6
58.408  0.348548  964 6
