65.797  0.407303  356 4
1.001  0.330544  239 4
58.843  0.366086  1262 4
306.173  0.242925  2544 6
-20.97  0.248018  883 4
142.656  0.298597  499 4
157.095  0.18732  347 6
38.187  0.220077  259 6
101.688  0.237252  2373 4
-1.28  0.273077  520 6
55.202  0.348605  2903 4
-196.361  0.250367  1362 4
16.625  0.146919  211 4
59.438  0.379433  282 4
12.093  0.26699  206 6
68.579  0.33913  575 6
252.843  0.202703  370 4
32.781  0.285969  1682 4
-265.689  0.305556  396 6
-290.36  0.224632  1291 4
13.656  0.2125  240 6
15.437  0.276486  387 4
11.984  0.248221  2389 4
82.39  0.405405  518 4
-219.781  0.205298  453 4
-25.797  0.239057  594 4
13.125  0.277344  512 6
-188.187  0.209738  534 6
126.188  0.231242  813 4
72  0.366501  603 4
75.688  0.293592  671 4
-87.032  0.269841  567 4
23.937  0.158537  164 4
124.72  0.209256  497 4
285.249  0.244733  2848 4
-232.247  0.209581  167 4
8.452  0.22762  2223 4
312.108  0.364265  1013 6
-233.376  0.253968  252 4
-315.719  0.172414  174 4
227.625  0.245114  1791 4
87.686  0.222672  247 6
7.858  0.240637  1255 4
137.875  0.118056  288 4
-153.812  0.144695  311 6
298.564  0.239088  2543 4
-283.999  0.24  1075 6
9.58  0.245522  949 4
12.189  0.161491  161 4
-384.563  0.184549  233 6
9.767  0.258969  12739 4
167.689  0.269122  706 4
11.063  0.260504  238 6
58.891  0.353298  2471 6
-154.095  0.117816  348 4
-171.391  0.135294  170 4
287.375  0.264901  151 6
69.093  0.355576  1094 4
57.485  0.330906  3158 6
10.859  0.288156  819 6
61.045  0.352997  2102 4
-225.937  0.264487  1346 6
12.626  0.329268  246 4
188.563  0.25523  239 6
57.312  0.384737  1900 6
66.593  0.386572  983 6
12.25  0.258364  538 6
-222.907  0.205  200 6
294.375  0.227807  935 4
205.313  0.178571  196 6
-251.077  0.252279  3730 4
55.204  0.350097  2068 6
16.861  0.274882  211 6
95.968  0.355469  512 6
20.782  0.17446  556 4
16.751  0.205714  175 4
140.922  0.375505  1486 4
229.829  0.21872  1047 4
13.062  0.169492  177 4
78.749  0.354916  834 4
-4.593  0.225543  368 4
80.669  0.341573  3115 4
73.719  0.415233  814 4
-163.531  0.253644  686 6
13.281  0.0895522  134 6
17.874  0.278443  334 6
13.498  0.253125  320 4
60.406  0.386503  652 4
75.688  0.388535  314 4
13.359  0.197143  350 4
207.749  0.214815  135 4
92.422  0.354756  389 6
53.312  0.263352  543 4
-268.564  0.207675  443 6
-9.717  0.224414  1622 6
69.312  0.350249  1005 4
18.124  0.273684  190 4
60.702  0.345273  1703 4
12.031  0.299213  254 6
299.592  0.256831  183 6
67.281  0.377583  1258 4
14.72  0.306818  440 4
-369.782  0.264901  1057 6
-161.469  0.271405  619 4
61.969  0.361249  1409 4
60.173  0.244771  3538 6
3.969  0.269305  14077 4
263.718  0.359102  1203 4
8.782  0.217582  455 4
-24.188  0.291892  185 4
-299.297  0.266562  1268 6
14.563  0.242424  330 6
14.343  0.211087  469 4
15.782  0.291866  209 4
14.437  0.168168  333 4
69.608  0.398664  449 4
3.219  0.274523  7391 4
-80.376  0.240678  295 4
-322.813  0.21558  552 6
45.125  0.336049  3928 4
60.111  0.347804  1981 6
6.469  0.247995  1746 6
48.282  0.216467  753 4
310.937  0.272517  1299 4
-249.688  0.268551  1415 4
77.28  0.393365  844 6
-131.283  0.270755  1337 4
97.813  0.37193  285 6
75.845  0.406877  349 4
-326.436  0.290323  217 6
15.187  0.235294  136 4
75.111  0.415673  587 6
87.422  0.265537  177 4
11.985  0.253394  442 6
-342.125  0.109489  137 4
-216.015  0.237281  2280 6
-284.345  0.305439  478 4
239.251  0.25  1440 6
10.22  0.234234  555 4
-3.031  0.2288  1875 6
89.048  0.349896  483 4
63.937  0.437923  443 4
114.346  0.247166  441 4
50.516  0.353027  1371 6
61.047  0.402287  1924 6
30.126  0.222222  180 6
-118.844  0.258865  282 4
152.657  0.224026  308 6
74.719  0.352113  1065 4
181.734  0.35768  1862 6
-311.328  0.245062  1367 6
91.186  0.330059  509 6
-329.952  0.257328  3855 6
9.594  0.257113  2847 4
55.156  0.411765  697 6
14.125  0.213983  472 6
189.062  0.0797546  163 4
186.844  0.367647  680 4
107.751  0.267898  433 4
118.001  0.256944  1728 4
7.187  0.254206  535 4
-144.515  0.226562  128 4
73.595  0.419547  839 6
10.063  0.291221  467 6
15.347  0.32093  215 6
56.439  0.336556  2172 6
-286.375  0.23913  322 6
-283.125  0.364943  348 6
-27.751  0.24572  1986 6
-302.03  0.215385  390 6
10.094  0.260153  1699 6
10.625  0.244944  445 4
-89.874  0.196154  260 6
61.063  0.382134  403 6
-94.579  0.284946  372 4
-332.469  0.299712  347 6
66.797  0.353398  1545 4
-112.578  0.239316  1872 6
152.392  0.425352  355 6
129.876  0.385496  262 4
57.361  0.367003  1188 6
-273.252  0.265385  260 4
68.767  0.357616  604 4
-5.031  0.24374  599 4
81.751  0.353503  628 4
-114.094  0.20893  1187 4
11.814  0.276596  329 6
67.236  0.351792  614 4
-180.593  0.226075  721 6
-275.797  0.258524  10177 4
135.249  0.157738  336 4
19.843  0.18932  206 4
129.28  0.357466  221 4
-312.968  0.243243  222 4
-108.063  0.31  400 6
-143.062  0.25066  1895 4
125.999  0.046875  128 6
103.157  0.277487  1146 4
-349.906  0.235294  204 4
53.36  0.340011  1797 6
14.156  0.256098  574 4
61.502  0.304933  223 4
-132.251  0.243665  1026 4
-0.312  0.274841  1419 4
200.33  0.20852  446 4
24.938  0.292398  342 6
116.891  0.346679  2198 6
68.532  0.216346  208 6
9.889  0.257357  1869 4
-25.531  0.118812  303 4
-50.875  0.26529  2469 6
64.249  0.388465  1179 6
78.282  0.265949  1207 4
53.608  0.331585  3432 6
13.969  0.239905  421 6
8.078  0.249357  2334 4
10  0.268882  331 6
-162.732  0.267198  1003 6
3.281  0.258394  2740 6
60.75  0.371037  2334 6
110.233  0.333084  1336 4
53.625  0.399751  1606 4
-94.812  0.146199  171 6
57.749  0.340067  297 4
-178.891  0.232824  1572 4
315.532  0.415385  260 6
302.515  0.2375  400 4
17.047  0.226433  1029 6
7.172  0.241379  2552 6
66.86  0.346887  1574 4
49.766  0.378817  2096 6
83.437  0.390492  589 4
10.189  0.245417  1691 6
12.657  0.161017  354 6
-93.407  0.232044  543 4
61.438  0.328665  1071 4
59.156  0.344605  621 6
-56.998  0.281496  508 6
244.454  0.205645  744 4
-369.281  0.190083  484 4
-14.658  0.267943  209 6
-38.095  0.279298  1937 6
61.469  0.363252  947 4
-159.937  0.286458  192 6
7.623  0.223916  853 6
66.999  0.25  224 6
201.97  0.254167  240 4
5.316  0.2475  4000 6
17.25  0.263057  2087 4
-192.25  0.214418  541 4
-312.625  0.232481  899 6
-12.251  0.252955  423 4
15.344  0.218623  247 4
85.249  0.355662  627 6
-306.844  0.250839  1192 4
103.703  0.197026  269 6
285.501  0.257106  1548 6
-126.202  0.355227  3654 6
-388.531  0.211907  991 4
-383.563  0.269928  1104 6
-2.75  0.258478  3273 4
79.563  0.412322  633 4
103.014  0.325843  267 4
-64.844  0.278552  2872 6
-244.563  0.219178  146 6
-21.283  0.230337  178 6
76.813  0.369936  938 4
269.266  0.388112  572 6
-67.439  0.265537  354 6
198.845  0.360714  840 6
65.972  0.401786  784 6
15.375  0.275986  279 4
146.061  0.260386  1709 4
14.923  0.171875  192 6
132.188  0.0878661  239 4
72.954  0.405096  785 6
56.939  0.345183  872 4
-121.149  0.248303  3536 6
13.28  0.260391  818 4
82.359  0.369193  818 4
3.398  0.251952  5124 6
-106.719  0.270492  244 6
-292.984  0.271676  173 6
-3.157  0.256637  791 4
-246.342  0.265809  933 4
61.936  0.329013  1003 4
2.313  0.207547  212 4
284.344  0.368026  932 6
12.983  0.278746  574 6
9.874  0.305743  592 6
-316.345  0.246154  585 6
-373.719  0.323741  278 6
16.156  0.276527  311 6
14.876  0.183333  240 4
248.751  0.386598  1358 4
10.967  0.258663  808 4
-193.765  0.245481  2379 6
15.281  0.169381  307 4
68.142  0.372111  1298 4
75.187  0.365059  767 6
63.86  0.39185  638 6
-40.515  0.248171  1777 4
19.124  0.227273  220 4
0.015  0.252789  7710 4
54.89  0.335706  1826 6
-267.359  0.234969  1630 6
-356.719  0.220046  868 4
-61.938  0.336842  190 4
111.281  0.501661  301 6
312.422  0.235057  1489 6
52.032  0.335062  4050 6
249.5  0.293233  399 4
59.234  0.338192  343 6
55.124  0.254464  224 6
75.297  0.381201  1149 6
37.581  0.26738  187 4
51.484  0.364602  1695 6
61.642  0.373275  1377 4
22.656  0.272727  352 6
-120.626  0.253807  394 4
15.937  0.272727  242 6
293.875  0.475921  353 6
11.827  0.275109  458 6
13.781  0.251928  389 4
68.733  0.376582  1264 4
23.468  0.278761  226 6
267.811  0.274709  688 4
9.736  0.257377  1220 6
-252.687  0.151515  132 4
267.251  0.255725  262 4
128.344  0.251783  4206 4
-180.423  0.306542  535 4
-307.202  0.241661  1589 6
-298.437  0.275956  366 6
34.376  0.248316  1039 4
11.874  0.214724  163 6
56.359  0.26087  230 6
152.733  0.241301  1322 4
11.812  0.272031  261 4
-180.5  0.210127  790 6
-97.686  0.264151  371 6
253.937  0.163743  342 4
200.843  0.165049  206 4
53.687  0.364507  1358 6
52.062  0.344241  764 6
89.686  0.411945  653 6
63.469  0.296512  344 4
-201.905  0.250266  939 6
54.624  0.337973  3089 4
11.72  0.232775  1074 4
77.404  0.251419  1233 4
46.986  0.25078  1922 4
61.095  0.395425  306 4
-45.783  0.228869  769 4
55.688  0.3388  2317 6
113.471  0.263236  5402 6
-319.499  0.258348  569 6
63.842  0.170732  410 4
-189.421  0.225649  1232 4
70.828  0.424332  337 4
-24.703  0.193764  449 4
-384.22  0.247492  598 6
-347.734  0.252252  222 6
-269.844  0.21382  767 6
-201.749  0.256  375 4
10.374  0.151203  291 6
-120.471  0.282794  587 6
-33.429  0.260038  523 6
-53.437  0.302817  284 4
-169.188  0.315909  440 4
13.312  0.205374  521 6
-92.936  0.0884956  113 6
-12.155  0.234339  862 6
80.435  0.253676  272 4
16.25  0.232941  425 4
74.406  0.357708  506 4
301.672  0.248588  177 4
73.156  0.377796  1207 4
107.468  0.191257  183 4
14.156  0.235457  361 4
89.875  0.252252  777 4
6.046  0.231228  839 4
73.093  0.384259  1296 4
62.471  0.352941  561 4
133.437  0.402597  385 6
60.861  0.333013  2081 4
302.781  0.241135  1269 6
206.75  0.25084  893 6
94.124  0.281834  589 4
-164.906  0.268551  283 4
15.249  0.15528  161 6
301.125  0.37149  463 6
9.688  0.264403  972 4
17.687  0.0275862  145 4
65.625  0.426347  835 4
14.093  0.076087  184 4
308.499  0.265928  361 6
59.078  0.357711  1887 6
85.437  0.264135  3502 6
-353.156  0.246432  3433 4
-377.281  0.216216  222 6
11.437  0.206226  771 6
17.11  0.283333  600 6
12.375  0.265957  282 6
285.796  0.251212  2269 6
13.062  0.317597  233 6
14.5  0.182584  356 6
-117.158  0.270758  554 6
19.968  0.261053  1900 4
149.782  0.347603  584 4
272.264  0.215094  530 6
-245.248  0.235294  204 4
-49.187  0.351807  415 4
17.594  0.311475  183 6
13.344  0.247541  610 4
9.844  0.247099  1465 6
-48.75  0.186957  230 6
-158.594  0.245192  208 6
14.61  0.273292  322 4
-29.687  0.264463  242 6
252.046  0.252392  1672 6
6.5  0.249191  309 6
68.093  0.326235  1174 4
275.374  0.351075  977 4
11.155  0.241379  551 6
48.891  0.33571  3506 4
41.47  0.195956  643 6
66.908  0.366325  879 6
4.271  0.258773  14847 4
13.171  0.218688  503 6
55.14  0.352327  1053 6
11.812  0.244771  1769 4
61.75  0.364271  1002 6
70.031  0.365265  1451 4
303.968  0.28129  1550 4
75.312  0.214477  746 4
19.36  0.209889  991 6
-356.687  0.0714286  154 4
15.264  0.265683  271 4
-273.156  0.269949  589 6
166.501  0.361963  1956 6
17.843  0.23741  139 6
60.25  0.372785  1411 4
5.43  0.249277  4152 4
147.297  0.386805  773 4
11.19  0.151163  172 6
-93.313  0.312329  365 6
-261.141  0.237441  16383 4
118.984  0.323691  726 4
51.514  0.262626  198 4
63.876  0.37891  1119 6
-157.467  0.254679  1229 4
-64.126  0.310204  245 4
182.78  0.369115  531 4
-245.032  0.184502  271 4
-112.564  0.265985  1173 6
-213.719  0.233195  1681 4
-257.017  0.258511  940 6
15.312  0.277186  469 4
16.392  0.196319  163 6
-0.062  0.238739  222 6
6.124  0.264732  6720 4
124.312  0.40066  1213 4
122.189  0.247258  1003 6
241.907  0.247734  662 6
-303.937  0.259947  377 6
8.343  0.231827  509 6
18.095  0.23913  230 4
12.499  0.171429  210 4
53.844  0.353525  3021 4
5.265  0.23  1000 6
216.875  0.244582  323 4
8.829  0.268754  4439 4
-273.547  0.207792  231 4
-208.687  0.220447  313 4
10.687  0.227504  589 4
-77.095  0.365289  1210 4
150.063  0.413873  865 6
74.172  0.38412  466 6
10.093  0.24399  1955 6
-312.437  0.222628  274 4
-363.844  0.22807  684 6
10.031  0.269231  364 4
-167.155  0.238806  1005 6
111.374  0.34717  265 6
13.031  0.22467  227 6
-69.406  0.204348  230 4
-194.875  0.236842  190 6
254.158  0.258528  557 4
17.314  0.360595  269 4
294.313  0.292537  335 6
64.001  0.349716  529 4
36.625  0.252427  927 4
14.704  0.237013  308 6
-171.375  0.177914  489 4
-299.407  0.248092  262 6
65.062  0.353293  501 6
-383.905  0.371528  288 4
284.39  0.230769  325 6
13.375  0.339844  256 6
-333.658  0.264414  503 4
55.469  0.389234  483 4
15.172  0.371336  307 6
58.719  0.39779  1629 4
9.266  0.255824  2361 6
-381.328  0.208577  513 4
9.063  0.281216  921 6
287.408  0.347283  1840 6
60.093  0.333333  1938 6
-336.625  0.27809  356 6
219.75  0.261364  176 6
-289.907  0.246528  288 6
-233.502  0.262693  453 6
73.249  0.375556  900 6
-264  0.115607  173 6
10.454  0.24359  1404 6
61.781  0.359215  1172 4
-0.969  0.246512  860 6
15.799  0.251366  366 6
-206.843  0.221649  194 6
16.252  0.0842697  178 6
-26.531  0.133333  135 6
56.03  0.355249  943 4
18.344  0.335196  179 6
53.718  0.34729  2675 4
18.001  0.0344828  116 4
299.922  0.24428  1355 6
-251.781  0.239353  1174 6
10.811  0.206522  184 6
-242.563  0.319471  3102 6
35.436  0.27  200 4
75.812  0.215259  734 4
311.939  0.219243  634 4
9.875  0.290816  196 6
12.359  0.22561  492 4
68.735  0.38478  933 4
295.937  0.209524  210 6
79.03  0.376923  650 4
59.657  0.337085  1777 6
64.251  0.413043  230 4
297  0.283465  254 4
-359.156  0.118056  144 4
-0.75  0.245856  1448 6
66.312  0.38193  974 4
-100.688  0.253465  505 6
-25.789  0.260327  1041 4
73.922  0.362222  1350 6
14.684  0.21875  320 4
63.015  0.342089  1637 6
298.469  0.365625  320 4
22.53  0.137681  138 4
12.391  0.255973  586 6
251.437  0.207048  227 4
106.874  0.187845  181 6
14.469  0.270492  610 4
10.687  0.243056  288 4
100.157  0.262934  2590 4
259.532  0.230392  204 6
12.999  0.372549  204 4
-102.03  0.271858  732 6
-232.939  0.195876  291 6
50.25  0.334852  878 6
-295.14  0.224299  214 4
-104.438  0.270833  720 4
71.312  0.449489  881 6
87.968  0.385781  858 4
178.372  0.27907  387 4
16.548  0.0478469  209 4
7.938  0.217494  423 6
301.108  0.22507  1795 4
0.779  0.266175  1221 6
-44.937  0.247664  214 4
273.17  0.156863  357 6
11.344  0.270734  1049 6
-263.547  0.257825  1885 6
202.734  0.219917  241 6
98.125  0.360434  369 6
82.703  0.385277  1046 6
51.922  0.339491  3573 4
89.124  0.339695  262 4
226.329  0.276231  467 4
137.797  0.22521  595 6
-182.906  0.153527  241 6
51.374  0.245187  987 6
6.374  0.26762  4966 6
6.345  0.260609  16166 4
75.873  0.414141  1188 4
208.187  0.237522  1743 6
-340.312  0.187668  373 4
-267.906  0.176471  238 4
14.655  0.251908  524 4
118.345  0.179372  223 6
14.063  0.240602  399 6
150.314  0.369513  1253 6
16.781  0.301075  279 4
56.594  0.390211  1471 6
72.687  0.376502  749 4
88.062  0.309598  323 4
49.155  0.353486  3457 6
-311.656  0.272923  1396 6
13.547  0.252174  805 4
3.376  0.371528  288 4
14.093  0.274924  331 6
5.313  0.234441  3792 6
35.796  0.248639  551 4
52.687  0.357346  3165 6
12.157  0.292479  718 6
15.437  0.249123  285 6
-133.938  0.247951  1952 6
214.562  0.240924  303 6
63.423  0.375578  1515 6
-256.124  0.212766  235 4
-7.874  0.268585  834 4
67.749  0.342297  1785 4
13.969  0.101449  138 4
12.468  0.188525  488 6
68.469  0.364341  387 4
60.955  0.423077  312 6
17.156  0.257796  481 4
-188.109  0.218103  917 4
-232.782  0.242138  318 6
65.079  0.369844  1406 4
189.251  0.222222  189 6
-235.376  0.336  375 4
-1.687  0.272727  462 4
62.092  0.350431  2320 4
117.003  0.23  200 6
52.343  0.326249  3482 4
311.843  0.372197  223 6
71.251  0.362903  868 4
89.532  0.414541  784 6
204.031  0.338816  304 4
68.907  0.344961  774 4
15.547  0.265  400 4
15.015  0.2  370 4
-326.687  0.236326  969 4
22.014  0.277551  245 4
48.453  0.359057  2164 6
16.156  0.208754  297 4
-163.688  0.199288  562 6
158.188  0.28169  852 6
-362.469  0.283117  385 6
13.907  0.238274  533 4
55.28  0.338682  1745 4
50.75  0.35314  1481 6
54.876  0.282318  673 6
13.376  0.165854  205 6
150.125  0.193084  347 4
-162.156  0.23923  2182 4
66.797  0.15544  193 4
6.25  0.261672  5312 4
55.156  0.376231  1523 6
-8.249  0.25419  358 6
-358.376  0.241449  994 6
59.624  0.338419  2556 4
56.439  0.321799  289 4
72.5  0.371968  1113 4
-287.187  0.0915493  142 6
19.718  0.118421  152 4
-352.421  0.177914  163 6
69.548  0.396288  916 6
-372.03  0.256231  1003 4
119.687  0.265945  831 6
62.78  0.393409  971 6
8.311  0.2151  702 6
-5.234  0  16383 6
15.813  0.287834  337 6
181.093  0.243243  703 6
-103.312  0.252669  281 6
164.188  0.283654  208 4
288.454  0.24789  948 6
66.53  0.364152  1763 4
103.374  0.191176  136 4
6.648  0.260244  5564 6
49  0.373198  1179 6
103.064  0.21223  278 6
49.062  0.340964  4106 6
9.61  0.226087  1380 6
-203.812  0.21  200 4
9.846  0.223062  1058 4
285.092  0.256831  732 6
112.89  0.428144  334 4
64.376  0.369384  601 6
240.998  0.177083  192 6
20.438  0.232902  541 4
13.188  0.252302  543 6
-284.312  0.207965  226 6
14.03  0.227074  458 6
17.092  0.108949  257 4
41.594  0.226852  216 6
-93.032  0.283276  1465 4
-6.876  0.262477  1082 4
8.092  0.265745  5208 6
53.86  0.355666  2612 4
58.658  0.369712  1631 4
15.344  0.270096  311 4
-4.64  0.257176  6828 4
156.626  0.245827  659 4
301.75  0.279048  1050 6
-147.564  0.167883  274 6
300.78  0.110465  172 6
15.094  0.223958  192 6
-43.28  0.239332  1078 4
-117.468  0.0620155  129 6
196.784  0.264078  515 4
13.688  0.207692  390 6
-212.686  0.289575  259 4
59.876  0.348052  1155 6
54.172  0.345133  678 6
55.202  0.338594  3358 4
99.628  0.37406  532 6
91.532  0.261212  6087 6
29.44  0.339056  233 4
12.172  0.243478  345 4
13.062  0.27088  443 4
-50.498  0.306818  440 4
64  0.357719  1982 6
-305.752  0.233094  2085 6
301  0.248996  249 4
-4.844  0.236914  2942 6
-230.108  0.27634  1661 6
176.266  0.401425  421 6
141.406  0.265356  407 6
245.812  0.269871  541 4
11.516  0.251817  1926 4
8.594  0.256274  2630 6
11.622  0.251416  1766 4
15.25  0.196429  224 6
18.296  0.261538  195 4
-260.998  0.310811  296 4
19.64  0.254661  6114 4
88.686  0.398693  612 4
13.092  0.373494  166 6
175.5  0.143791  153 4
-119.468  0.317949  195 4
16.232  0.122271  229 6
169.11  0.319328  238 6
-40.608  0.249721  1794 4
145.53  0.246617  1626 6
-295.03  0.267352  389 6
65.656  0.348718  975 4
16.814  0.268817  186 4
-313.22  0.431122  392 6
-276.936  0.15625  96 6
65.046  0.363823  1465 6
69.906  0.235185  540 4
217.814  0.328947  228 6
56.128  0.3713  1115 4
3.248  0.239709  1652 4
28.94  0.14841  283 6
69.688  0.399449  1089 6
-63.28  0.220779  231 4
-169.562  0.179747  395 6
58.202  0.335851  2251 6
7.672  0.259549  2042 4
3.342  0.225722  762 4
231.252  0.216931  189 6
-357.594  0.231511  311 6
15.686  0.230769  208 4
-388.782  0.229565  575 4
130.686  0.217712  271 4
59.78  0.371053  1520 6
-14.016  0.214953  642 6
-264.782  0.188976  508 6
224.812  0.365714  350 6
15.766  0.210843  166 6
65.078  0.362903  372 4
-184.438  0.262821  1404 4
3.412  0.218905  2613 6
150.874  0.249458  461 4
-169.218  0.224274  758 4
6.204  0.244755  3146 4
73.968  0.349049  1315 4
-209.312  0.25974  385 6
50.546  0.335518  2441 6
-258.624  0.217993  289 6
12.906  0.201149  174 4
15.61  0.347656  256 4
84.186  0.406824  381 4
-297.314  0.262976  289 4
65.468  0.38539  794 4
60.248  0.388642  1127 6
13.436  0.42  200 6
60.53  0.35443  395 4
38.97  0.337349  166 6
-2.61  0.229508  1891 4
13.424  0.216123  583 6
214.906  0.256933  1767 6
-142.188  0.25  372 4
56.92  0.271592  3763 4
-194.312  0.175182  274 4
48.904  0.375156  2399 6
16.456  0.258706  201 6
23.658  0.294118  204 6
13.264  0.1939  459 4
-368.376  0.251101  227 6
-84.642  0.270313  1280 6
18.516  0.277188  754 4
88.564  0.353276  351 6
179.502  0.227444  532 6
68.094  0.368582  1636 6
-323.124  0.375  224 6
144.688  0.251506  664 4
-1.688  0.251897  659 6
22.75  0.231875  1600 6
28.75  0.25  188 4
-4.36  0.220703  512 4
-365.048  0.238806  402 4
14.06  0.190751  173 4
-153.408  0.29878  492 6
62.812  0.0503597  139 4
11.844  0.172414  290 4
-115.688  0.226475  627 4
12.126  0.204819  166 6
11.936  0.218023  344 4
-319.748  0.147208  197 4
11.25  0.266515  439 6
64.844  0.330194  1911 6
-200.798  0.241096  730 4
86.628  0.364532  406 4
11.81  0.287081  209 6
61.874  0.364985  2022 4
13.736  0.215259  734 4
-20.58  0.246148  2661 6
14.124  0.289474  532 4
6.252  0.242647  272 4
50.42  0.335882  3793 6
-312.14  0.251912  2092 4
13.844  0.216599  494 6
86.062  0.362534  742 4
8.562  0.237288  1888 4
13.438  0.27972  286 4
242.896  0.202941  680 4
15.124  0.253623  414 4
97.81  0.213172  577 6
58.376  0.425676  296 6
72.156  0.321814  463 4
306.248  0.248571  350 6
130.626  0.141026  156 6
105.782  0.238095  294 4
8.316  0.225743  1010 4
14.124  0.166667  180 4
168.594  0.401122  713 4
77.906  0.376008  992 6
-205.904  0.331933  238 4
91.562  0.4163  454 4
-283.188  0.25  324 6
9.72  0.177616  411 6
56.764  0.347919  2331 6
13.36  0.28254  630 4
59.892  0.418605  817 4
37.532  0.232582  976 6
247.828  0.327334  889 6
-77.204  0.230088  791 6
-182.718  0.105263  152 6
197.624  0.204134  387 4
89.188  0.399351  308 4
-201.718  0.231369  1154 6
11.096  0.216837  392 6
50.328  0.337582  2589 4
37.874  0.188356  292 4
172.564  0.308176  159 6
15.844  0.195195  333 4
-373.312  0.222727  220 4
204.718  0.247333  2062 6
17.768  0.0860215  186 6
-241.124  0.224658  365 4
-347.092  0.245833  240 6
10.876  0.246604  957 6
112.234  0.343023  344 4
75  0.436769  941 4
56.752  0.356368  1751 6
88.532  0.251701  1617 6
55.938  0.398568  419 4
76.548  0.354749  1074 4
-127.936  0.225026  951 6
61.844  0.371169  881 4
-75.812  0.256532  842 4
8.556  0.239011  2548 6
54.686  0.350751  1531 6
-161.422  0.235049  719 4
81.548  0.404762  294 6
16.844  0.201161  517 4
13.78  0.248016  504 6
64.28  0.358101  969 4
13.092  0.229457  645 6
64.486  0.347432  331 6
52.64  0.364486  2247 6
269.968  0.347505  541 6
219.064  0.239726  584 6
98.156  0.359459  370 6
187.158  0.277409  602 4
195.872  0.267327  808 6
70.686  0.375104  1205 6
14.172  0.319058  467 6
106.266  0.0896861  223 6
64.5  0.349356  2018 4
52.752  0.339678  3047 4
-285.516  0.265885  1621 6
87.874  0.272832  1741 4
141.08  0.189542  153 6
142.78  0.378378  259 4
56.094  0.344336  2454 6
-254.53  0.237585  1027 6
11.034  0.259259  324 6
14.048  0.156566  198 6
268  0.210425  518 4
-288.75  0.244565  368 4
60  0.344468  1437 4
311.218  0.26776  183 4
208.062  0.321033  271 4
74.972  0.412308  975 4
226.768  0.246965  3624 6
-349.814  0.255914  465 4
225.156  0.295302  894 4
-115.532  0.261614  3853 6
139.966  0.0990099  101 6
13.498  0.255682  352 6
15.72  0.22335  197 4
-119.812  0.250412  607 6
15.312  0.178947  190 6
54.546  0.384833  1411 4
-250  0.226721  247 4
109.266  0.259519  1996 4
-227.282  0.280313  767 6
9.202  0.227508  967 6
14.2  0.221612  546 4
76.06  0.457031  256 4
74.358  0.362869  711 4
18.25  0.0813008  123 4
-259.924  0.396761  247 6
-356.064  0.284585  253 6
83.248  0.234542  469 6
-25.67  0.200573  349 6
72.752  0.319328  238 6
7.532  0.246785  2877 6
103.436  0.358277  441 6
87.97  0.379902  408 4
89.216  0.399185  491 4
-205.124  0.189516  248 4
13.218  0.186567  402 4
143.22  0.363636  792 4
176.016  0.260035  3961 6
7.94  0.222222  756 6
13.686  0.237164  409 4
9.844  0.289639  7644 6
17.532  0.285714  224 4
293.548  0.368175  1923 4
70.804  0.357295  1405 6
51.938  0.371375  1069 6
56.548  0.364688  1297 6
39.608  0.234783  1150 6
-287.438  0.171429  245 4
-336.656  0.227513  189 6
-138.5  0.267673  1259 6
12.812  0.20979  286 6
160.062  0.239837  246 4
66.422  0.425129  581 6
50.234  0.347619  2730 6
15.498  0.0985915  213 4
58.014  0.333499  2009 6
15.422  0.0952381  189 6
96.5  0.244898  245 6
76.658  0.358678  1210 6
-271.596  0.245473  497 4
17.156  0.15873  252 4
16.952  0.229614  466 6
-347.188  0.192683  410 6
4.75  0.247093  1032 6
69.218  0.362319  759 4
188.668  0.398165  1090 6
58.5  0.373612  2251 6
-2.812  0.238218  1549 4
15.284  0.23  200 4
14.78  0.251323  378 4
-66.736  0.221459  1165 4
151.19  0.279528  254 6
107.812  0.394456  469 4
108.046  0.314849  1623 6
24.716  0.272366  503 6
133.202  0.265758  587 4
-222.466  0.274235  784 4
15.344  0.27897  233 6
294.312  0.267316  924 6
255.626  0.217647  340 6
125.75  0.257488  1736 4
17.264  0.270718  181 4
42.186  0.211957  184 6
8.812  0.159836  244 6
51.218  0.360386  2797 6
52.936  0.356765  2077 4
8.328  0.250717  7327 4
92.596  0.368421  247 6
14.032  0.232517  572 4
-132.86  0.245378  1785 4
51.89  0.371416  2302 6
13.828  0.301708  527 4
306.216  0.251004  498 6
-279.938  0.0909091  165 6
14.376  0.153355  313 6
11.922  0.244613  789 6
-81.28  0.262467  381 6
5.282  0.251136  2640 6
-44.064  0.232026  306 6
52.296  0.384684  1123 6
15.578  0.214076  341 4
13.748  0.267857  168 6
246.752  0.203488  172 4
227.096  0.243874  857 4
184.906  0.397032  539 4
7.466  0.2219  1726 6
83.5  0.385542  498 4
11.376  0.230263  152 6
13.312  0.172414  580 4
-142.998  0.266925  1034 4
78.158  0.333333  879 4
63.576  0.34488  1328 6
-157.592  0.250512  3904 4
-208.686  0.211864  236 4
3.936  0.244444  270 6
58.812  0.252563  1853 4
242.5  0.245033  302 4
-344.718  0.287719  285 6
-24.842  0.239521  1670 6
63.596  0.21219  443 6
174.594  0.35248  383 4
122.578  0.316602  259 6
117.502  0.202532  158 6
-34.988  0.278783  1216 4
62.28  0.377574  874 4
-244.126  0.207547  159 4
8.346  0.26468  4496 4
13.5  0.271084  332 6
20.75  0.0448718  156 4
-248.81  0.306306  222 6
9.11  0.251583  1737 4
74.406  0.365285  1158 6
91.188  0.188755  249 4
-298.314  0.20354  226 4
56.906  0.339614  2070 6
28.472  0.314516  372 6
46.64  0.323572  3449 6
13.796  0.273684  380 4
-135.392  0.267521  1327 6
8.922  0.237288  1593 4
-148.592  0.112903  124 6
53.688  0.355105  1332 6
-335.686  0.237288  413 6
-329.936  0.247059  340 4
12.876  0.32899  307 4
269.844  0.264856  589 6
168.532  0.455882  544 6
14.298  0.24612  451 4
-279.392  0.202532  158 6
85.844  0.26087  805 4
16.248  0.241026  195 4
11.5  0.223464  179 4
16.938  0.254335  173 6
10.032  0.194805  308 4
-143.5  0.197531  162 6
163.904  0.255605  223 4
103.016  0.269524  2100 6
11.752  0.276018  221 4
-11.75  0.24549  1552 6
298.296  0.255814  860 4
-157.126  0.249743  973 6
71.718  0.3  290 6
-102.424  0.192308  156 6
121  0.218147  518 4
-54.564  0.172222  180 4
64.47  0.376997  313 4
-77.406  0.37931  290 4
-58.186  0.318318  333 4
-310.406  0.0822785  158 4
35.156  0.231563  678 4
154.128  0.233577  411 6
84.142  0.400778  514 6
119.686  0.14876  242 4
15.438  0.325879  313 4
130.502  0.262801  1621 6
48.312  0.203046  197 6
-386.344  0.247605  1983 4
107.564  0.197917  192 4
-271.548  0.217391  529 6
312.72  0.187935  431 4
92.126  0.384106  302 6
18.342  0.264444  450 4
8.048  0.269231  1560 6
81.14  0.363184  201 6
-119.626  0.216851  724 4
13.312  0.217391  207 6
165.56  0.224658  365 6
230.424  0.217438  929 6
52.064  0.392276  492 6
-387.688  0.202572  311 6
-182.908  0.203915  613 6
-147.624  0.217391  207 6
-98.564  0.389423  208 4
-167.75  0.22508  622 4
11.5  0.243494  538 4
7.188  0.259827  2086 6
53.546  0.354745  2055 4
7.408  0.239899  396 6
71.674  0.394146  1025 6
-79.874  0.276423  246 6
114.468  0.383704  675 4
-347.968  0.274783  1150 4
-329.72  0.409289  689 4
-221.156  0.245902  183 6
55.422  0.370124  2410 4
-67.844  0.265972  3647 4
59.67  0.353312  634 4
64.47  0.352437  1867 4
66.36  0.352941  391 6
293.092  0.139706  272 6
14.672  0.250633  395 4
4.408  0.225092  271 4
-61.06  0.0946372  317 4
-141.748  0.207273  275 4
66.016  0.391791  536 4
-392.372  0.150235  213 6
10.126  0.248549  1034 4
59.718  0.261918  1783 6
52.312  0.361889  1821 6
-90.344  0.25343  2478 4
14.218  0.191558  308 6
-30.938  0.253713  1616 4
4.594  0.26183  3846 6
-297.346  0.237443  876 4
-391.314  0.288571  350 6
4.75  0.275729  2332 4
69.658  0.342817  703 4
-225.608  0.257391  1150 4
-36.372  0.230088  226 4
13.844  0.340314  382 6
12.436  0.248773  611 6
-159.5  0.221106  199 4
17.702  0.240385  208 4
-28.404  0.248042  766 4
13.096  0.280488  328 4
62.234  0.347063  1481 6
-14  0.984191  16383 6
58.376  0.358586  1584 6
-311.656  0.265455  275 4
12.892  0.225152  493 4
69.952  0.361538  1040 4
-390.656  0.235741  1052 4
12.718  0.188341  223 6
-304.97  0.247222  360 4
79.938  0.395556  450 4
12.04  0.252999  7585 6
206.906  0.257637  982 4
60.484  0.417266  417 4
-283.656  0.221843  586 4
-275.124  0.276498  217 4
298.484  0.219112  2501 6
86.564  0.341216  296 6
70.828  0.388498  852 4
56.736  0.356532  2572 6
14.906  0.176136  176 4
-383.72  0.100529  189 6
-276.874  0.250951  263 6
51.642  0.373292  2269 4
194.532  0.245084  1424 4
-287.828  0.176471  289 4
69.626  0.37421  791 6
62.06  0.385417  480 4
-245.156  0.22449  343 6
9.316  0.230159  630 6
-41.314  0.176245  261 4
-43.58  0.304478  335 6
137.764  0.223166  1295 4
248.952  0.260664  211 4
100.092  0.326389  288 6
-283.952  0.222707  229 4
-395.344  0.257867  1144 6
68.092  0.38  400 4
181.656  0.255319  470 4
57.688  0.35545  1055 6
254.736  0.286517  178 6
72.466  0.370053  935 4
-3.562  0.14741  251 6
6.94  0.255228  3730 4
292.016  0.269978  463 6
-183.906  0.28193  1057 4
-243.376  0.12069  174 4
303.032  0.366667  780 4
-284.062  0.287435  581 6
54.858  0.355963  2725 6
59.562  0.200809  742 4
-102  0.234828  758 4
-94.578  0.228571  350 6
13.874  0.165254  236 6
-348.672  0.236735  245 4
249.628  0.335106  564 4
60.968  0.388711  939 4
-72.312  0.229456  1582 6
-249.28  0.250152  1643 6
54.884  0.374639  2421 6
276.624  0.238095  273 6
-199.326  0.297297  259 6
152.268  0.219634  601 4
-46.248  0.18932  206 4
-160.516  0.261375  1033 6
16.33  0.292593  270 4
92  0.208092  173 4
306.688  0.276151  239 4
79  0.254286  350 6
196.596  0.217557  262 6
-321.156  0.287671  438 4
125.968  0.280561  499 4
43.092  0.185714  140 6
6.968  0.253075  4228 4
-105.656  0.296875  256 6
33.468  0.262213  1003 4
89.218  0.237421  636 4
58.844  0.344586  2281 4
80.188  0.39255  698 4
41.702  0.298137  161 4
10.656  0.240798  652 4
9.08  0.240922  2864 4
200.532  0.36803  1076 4
63.906  0.370917  949 6
49.126  0.131579  190 4
52.876  0.342339  2480 6
77.872  0.342561  289 4
-284.328  0.241758  182 4
-209.752  0.275623  722 6
144.5  0.237143  700 6
-116.046  0.237864  206 4
-185.03  0.199195  994 4
67.28  0.359274  1542 4
80.03  0.37931  435 4
49.968  0.331926  4263 6
13.936  0.0709677  155 4
58.36  0.354167  1536 6
145.484  0.271698  795 6
58.406  0.379648  511 4
15.344  0.215596  218 4
-207.532  0.195745  235 4
-116.906  0.239583  288 6
266.25  0.262693  453 4
11.56  0.257426  202 6
86.032  0.348315  445 6
-206.252  0.0280374  107 6
202.718  0.390476  420 6
12.188  0.317708  192 4
13.25  0.312925  294 4
-185.624  0.228956  297 4
95.688  0.345098  255 6
17.624  0.230392  204 6
0.908  0.24697  660 6
14.594  0.25  608 4
6.032  0.257426  1818 6
194.7  0.388406  690 4
-298.688  0.255079  443 4
11.156  0.261101  563 6
43.812  0.18932  206 6
12.56  0.197279  147 6
12.25  0.174312  327 6
-78.076  0.20531  565 6
87.594  0.276498  217 4
52.168  0.378336  1911 4
99.428  0.264023  5170 6
-304.904  0.337176  347 6
-95.56  0.166667  162 4
12.814  0.220721  222 6
59.31  0.315024  619 6
-119.784  0.150198  253 4
-375.28  0.231023  1212 6
-391.832  0.237001  827 6
76.72  0.264785  744 4
15.436  0.255914  465 4
-281.28  0.191011  445 4
-355.75  0.287958  191 6
12.31  0.270713  1038 4
55.656  0.344943  3273 4
4.25  0.254626  5836 4
6.628  0.238441  1103 4
8.218  0.230172  1160 6
11.19  0.233871  124 4
70.78  0.402454  815 4
17.968  0.272251  191 4
-311.064  0.304196  286 6
14.28  0.253125  640 6
11.814  0.230263  456 6
38.19  0.235849  848 4
283.344  0.31405  242 4
-205.124  0.290429  303 6
102.718  0.245243  473 4
-383.936  0.242038  785 6
9.874  0.246337  2184 6
265.346  0.217391  230 4
10.908  0.251729  3905 4
4.696  0.246352  6990 4
80.546  0.398929  747 6
14.532  0.124424  217 4
-214.912  0.238507  3241 6
53.358  0.411914  789 6
81  0.377682  466 4
-91.374  0.270645  1441 6
16.564  0.210856  479 4
-85.028  0.200557  359 6
-307.344  0.264  250 6
77.376  0.215054  186 6
195.642  0.314775  934 4
67.406  0.355923  1874 4
75.5  0.35412  898 4
9.652  0.253002  1249 6
160.002  0.214939  656 6
7.188  0.243081  2493 4
11.518  0.252792  985 4
52.906  0.345495  2220 6
212.032  0.224322  1217 4
139.188  0.367442  1720 6
-215  0.31528  517 4
15.248  0.21519  158 4
49.904  0.362903  744 4
-128.502  0.603918  1174 6
314.748  0.732584  1335 6
19  0.557203  944 4
55.78  0.398329  718 4
13.218  0.219512  246 4
231  0.310811  222 4
-44.812  0.196203  158 6
268.312  0.141762  261 6
65.484  0.377388  1937 6
82.248  0.381402  742 6
-264.312  0.257384  237 4
57.812  0.34103  2815 4
8.436  0.249834  3014 4
-367.86  0.242287  1102 6
204.592  0.274346  955 4
256.28  0.109677  155 6
64.716  0.376185  949 4
73.096  0.357063  899 4
305.608  0.26087  230 4
230.344  0.38674  362 4
52.872  0.352804  428 4
-23.376  0.256223  1366 6
52.968  0.342044  1722 4
-66.28  0.248886  1346 4
53.704  0.350239  3352 6
-62.84  0.259067  386 4
-59.06  0.249653  721 6
57.628  0.376501  1915 6
8  0.255627  622 6
65.656  0.367107  1362 4
13.092  0.272605  741 6
76.844  0.30303  1122 4
2.532  0.25877  4618 6
-355.612  0.198068  414 6
-51.844  0.183445  447 4
13.892  0.308219  292 6
223.592  0.261663  1479 6
37.344  0.268786  346 6
9.64  0.251699  4414 4
-13.252  0.261905  3150 4
-121.816  0.242944  992 4
-238.56  0.19697  330 4
-3.048  0.241895  2005 6
-28.472  0.203125  320 6
-364.844  0.24568  1331 4
-334.436  0.320542  443 4
240.608  0.363764  712 6
21.672  0.188976  127 6
150.28  0.236999  1346 6
60.564  0.361547  1784 6
77.06  0.402367  338 4
-183.956  0.25072  347 6
-163.076  0.250739  2708 6
70.156  0.381568  1161 6
-213.688  0.236386  808 4
23.72  0.200199  1004 6
18.752  0.0727273  110 4
49.876  0.362573  855 6
111.376  0.402667  375 4
56.672  0.364205  1760 6
-247.512  0.258621  2378 6
198.312  0.218045  399 6
-332.968  0.332096  2963 4
11.784  0.229446  523 4
-192.844  0.245588  680 6
70.72  0.413462  728 6
11.264  0.231454  1685 4
14.376  0.279503  161 4
-151.124  0.161765  272 6
29.22  0.289683  252 6
59.408  0.418719  812 6
114.748  0.362745  2142 6
12.312  0.278481  237 6
23.716  0.20398  201 6
12.596  0.167763  304 6
-358.684  0.298462  325 6
112.592  0.429542  589 6
15.064  0.310345  203 4
100.612  0.3829  1076 4
-109.064  0.273927  303 4
14.408  0.259259  189 6
49.648  0  16383 6
-203.904  0.267368  475 4
11.688  0.0212766  141 6
-348.312  0.219963  541 6
4.92  0.239218  1739 6
78.596  0.267943  209 6
239.376  0.285106  235 4
-279.22  0.234657  554 4
65.188  0.344137  1697 6
252.064  0.379475  419 6
57.344  0.416796  643 4
62.184  0.226872  454 6
67.532  0.362492  1589 4
12.08  0.22986  931 4
55.748  0.344347  2512 4
-257.968  0.17029  276 6
293.188  0.26257  358 6
12.704  0.207972  577 6
24.968  0.22884  638 4
5.784  0.252373  4319 6
54.328  0.3439  3344 6
-146.408  0.230769  338 4
13.284  0.23431  239 6
-147.752  0.277778  198 4
57.484  0.339019  1876 6
70.592  0.382124  772 6
13.78  0.283133  166 6
14.328  0.234637  537 4
5.172  0.269416  1867 4
10  0.262025  790 6
134.548  0.232737  391 4
-372.128  0.284226  672 4
-182.628  0.256098  1066 4
54.312  0.185393  178 4
82.72  0.36014  286 6
293.092  0.249135  1156 6
54.316  0.200321  624 6
-178.596  0.264348  575 6
57.032  0.391056  1051 6
-378.844  0.214286  294 4
97.076  0.370166  362 6
148.312  0.261261  222 6
15.2  0.211031  417 4
210.78  0.279126  412 6
12.216  0.23608  449 4
-2.344  0.248705  772 6
135.888  0.224138  290 6
14.596  0.282258  248 4
107.436  0.226405  1833 6
280.36  0.383657  722 6
14.28  0.248503  334 6
-173.844  0.270992  786 4
130.748  0.229592  196 4
99.688  0.316716  341 6
64.688  0.244854  923 6
54.388  0.25896  1730 6
-159.312  0.24892  1852 6
-246.344  0.255467  1006 6
-274.968  0.227053  207 4
13.892  0.202353  425 6
68.36  0.380526  1787 4
-0.596  0.237779  2557 4
74.22  0.241206  199 6
-360.14  0.268018  888 4
-47.78  0.27456  1934 4
11.92  0.204167  480 4
11.968  0.243523  579 6
15.548  0.2  125 6
56.484  0.332377  3138 4
-160.936  0.220619  485 4
248.752  0.146893  177 4
56.972  0.427184  618 6
-197.184  0.05  140 6
153.736  0.398792  993 4
274.56  0.199005  603 6
-370.388  0.194915  236 6
60.984  0.34047  2382 6
136.376  0.358277  441 6
11.752  0.252237  1788 4
5.688  0.251049  6676 4
-380.704  0.246204  2766 6
21.44  0.228395  162 4
18.84  0.19403  134 4
-248.908  0.283465  381 6
186.688  0.388889  702 4
9.032  0.267241  464 6
7.688  0.258166  4745 4
13.532  0.212828  343 4
11.44  0.234043  517 4
10  0.257485  167 6
-349.5  0.43985  266 4
59.328  0.44382  534 4
14  0.236749  283 6
-328.248  0.173423  444 6
42.316  0.192857  280 6
22.656  0.135057  348 6
66.252  0.378985  1694 6
69.14  0.365145  723 4
11.124  0.304196  286 4
10.548  0.20339  295 4
57.688  0.363826  2394 4
78.312  0.373134  871 6
62.28  0.365095  2057 6
-213.876  0.272727  275 6
-2.608  0.263931  6604 4
13.344  0.237113  194 4
53.856  0.385755  1418 6
282.408  0.256129  1550 4
16.812  0.183575  207 6
261.344  0.239636  989 4
78.688  0.254642  377 4
-378.108  0.26643  563 4
-172.608  0.245614  285 4
-90.404  0.26378  254 4
138.312  0.352809  1335 6
75.688  0.367495  966 6
219.404  0.23743  358 4
51.608  0.365265  2735 6
9.032  0.256365  3417 4
-172.936  0.184116  277 4
13.624  0.273084  509 6
116.344  0.260647  1174 4
67.812  0.366511  854 4
256.468  0.367188  512 6
15.156  0.190647  278 4
75.092  0.327635  351 6
14.108  0.227477  444 6
214.688  0.183673  294 4
-118.812  0.251546  485 4
-58.036  0.251462  171 6
65.064  0.36008  1508 4
13.016  0.239784  1297 4
-304.72  0.189189  185 4
10.096  0.224344  419 6
-57.064  0.154525  453 6
17.28  0.206573  213 4
199.624  0.00609756  164 4
14.824  0.142012  169 6
89.5  0.116935  248 6
59.152  0.345776  509 6
11.404  0.237201  1758 4
-178.72  0.259864  735 4
-21.064  0.230769  858 4
-88.752  0.275591  508 6
56.344  0.369806  1444 4
55.328  0.35817  2295 6
53.172  0.390101  2566 6
149.004  0.371747  538 6
71.44  0.372576  1444 4
68.844  0.403377  533 4
9.032  0.233038  339 6
-343.564  0.263636  220 4
146.848  0.237624  606 4
-354  0.162437  197 4
167.192  0.245455  220 6
52.752  0.327892  3614 6
126.904  0.261665  1586 6
60.72  0.351598  438 4
62.844  0.225882  850 4
59.188  0.342675  1570 6
171.44  0.351785  2493 6
58.608  0.245902  1037 4
-255.312  0.259341  455 4
90.872  0.25  236 4
-121.22  0.176056  142 4
212.672  0.219938  973 6
12.844  0.296296  540 6
-27.5  0.236994  346 4
-274.936  0.25  300 4
-112.764  0.254572  1367 6
13.78  0.210345  290 6
204.94  0.254329  924 6
228.908  0.457249  269 6
-204.312  0.0855615  187 4
57.564  0.350295  1356 4
10.876  0.220472  254 4
-383.596  0.241294  402 6
-199.564  0.248337  451 4
267.06  0.224516  775 6
-360.124  0.261111  180 6
-374.032  0.263231  718 4
-41.184  0.224532  481 4
-217.252  0.243354  489 6
13.496  0.212121  495 4
-320.156  0.210526  190 6
70.688  0.239057  297 4
55.564  0.360818  1516 6
-11.248  0.223256  215 6
61.5  0.34975  2396 4
106.656  0.386207  290 4
250  0.219731  223 6
-214.844  0.21665  997 4
12.112  0.226601  609 6
-13.128  0.246946  1146 4
9.248  0.272603  730 6
57.688  0.375133  941 6
65.548  0.392423  1399 6
-382.908  0.257143  840 6
167.124  0.387228  736 4
12.344  0.266055  327 6
248.188  0.205479  219 4
80.908  0.271224  907 4
26.844  0.172619  168 6
174.872  0.145833  144 4
15.468  0.25  328 6
55.564  0.354242  2216 4
47.872  0.230047  213 4
-113.096  0.240527  607 6
-50.064  0.191601  381 6
-90.504  0.25  408 6
41.344  0.245889  1277 6
14.56  0.291005  189 6
57.248  0.122222  180 4
155.812  0.249061  799 4
-247.376  0.244703  2926 4
155.624  0.28479  309 4
35.624  0.218543  151 6
187.064  0.259669  181 6
71.204  0.381153  711 4
169.624  0.400759  791 6
59.576  0.346774  2232 4
187.736  0.338053  565 4
69.844  0.394144  444 6
68.752  0.388715  319 4
-180.408  0.234765  1001 6
-343.844  0.281513  238 6
13.188  0.11828  186 6
146.376  0.346486  1622 6
64.112  0.395567  1173 6
55.688  0.43554  574 6
68.22  0.350259  965 6
69.376  0.356211  1457 4
67.78  0.356  1250 4
11.188  0.212418  306 4
-227.296  0.252212  226 4
55.548  0.360374  2675 4
12.22  0.333333  246 6
-180.748  0.263473  167 6
-33.252  0.243554  3568 4
56.436  0.42602  392 6
63.436  0.374702  1257 4
-145.28  0.258357  1765 4
-174.78  0.232122  1706 6
16.532  0.253061  245 4
-13.064  0.373333  225 6
59.956  0.364055  1085 4
-341.656  0.261551  1212 4
-157.812  0.252066  242 4
-202.124  0.160622  193 6
9.14  0.241713  2896 6
5.656  0.271516  976 6
15.436  0.203297  182 6
309.656  0.370787  979 4
290.764  0.232891  1885 6
-156.268  0.284294  503 4
140.908  0.2375  320 4
284.124  0.265781  301 6
106.688  0.238011  563 4
5.376  0.25264  16383 4
13.188  0.273913  230 4
72.284  0.378205  468 6
18.124  0.251701  147 4
19.032  0.177143  175 6
-49.188  0.251553  322 6
-96.592  0.213483  623 6
-315.752  0.262391  1372 6
12.268  0.257242  863 4
72.784  0.365352  583 6
12.624  0.236874  819 4
6.156  0.264868  3447 6
59.936  0.420741  1350 4
10.028  0.263753  1945 6
-294.284  0.314208  366 4
16.188  0.243028  251 4
14.844  0.223382  479 6
63.188  0.345857  1038 6
75.94  0.3544  1250 4
146.692  0.393041  776 6
276  0.335476  778 6
11.032  0.25266  1504 6
277.784  0.252953  1016 6
71.768  0.409574  376 4
265.764  0.344828  406 6
313.344  0.237756  1123 4
14.736  0.226519  362 6
149.252  0  16383 4
-62.284  0.39207  454 6
10.08  0.253302  1287 6
68.28  0.361345  357 4
68.58  0.375  1256 6
44.72  0.255319  705 4
197.188  0.140496  242 4
70.08  0.260473  3724 4
-195.404  0.268  250 4
77.704  0.379977  879 6
13.28  0.228395  648 4
13.72  0.185984  371 6
293.812  0.459272  577 6
24.156  0.146667  150 6
56.376  0.386185  1274 6
238.156  0.196629  356 6
142.28  0.204478  670 6
88.656  0.314208  366 6
10.248  0.263581  497 6
17.736  0.193878  196 4
183.904  0.267943  836 4
76.392  0.27619  525 6
170.376  0.37534  1103 4
-313.064  0.365764  1367 6
69.624  0.420886  316 6
-152.66  0.244425  1121 6
-306.968  0.275568  352 6
219.232  0.365488  933 4
-249.688  0.236629  617 4
273.012  0.154412  408 6
11.5  0.131579  266 6
4.78  0.209016  732 6
209.872  0.116788  137 4
10.968  0.207463  670 6
60.156  0.359389  1113 4
102.124  0.371517  323 4
70.78  0.344427  1292 6
15.156  0.229947  187 4
54.968  0.349507  2535 4
246.124  0.165085  527 4
13.964  0.302381  420 4
138.124  0.252336  642 6
10.872  0.318966  232 4
65.22  0.284722  288 4
57.764  0.333704  1798 6
71.376  0.391837  245 6
55.752  0.363523  2396 6
-372.188  0.201413  283 4
90.892  0.319392  263 6
-135.408  0.233333  330 4
49.092  0.126984  189 6
13.284  0.290598  234 6
12.876  0.256499  577 6
12.408  0.175926  216 4
66.952  0.428016  257 6
11.628  0.260388  722 4
-0.824  0.259455  12877 6
-360.684  0.223776  286 6
7.664  0.260401  4735 6
14.188  0.141104  326 6
63.544  0.368607  1701 4
68.488  0.343986  1721 6
195.216  0.398352  728 4
55.388  0.385072  2358 4
-43.408  0.237972  2702 4
15.14  0.176796  181 6
-367.78  0.217054  387 4
250.28  0.264361  1706 4
62.172  0.316583  995 4
11.076  0.225352  355 4
49.844  0.248886  1346 4
53.968  0.356499  1885 4
-332.504  0.266467  334 6
15.704  0.298113  265 6
10.684  0.187291  299 4
151.988  0.381625  283 6
56.968  0.379292  1922 4
152.484  0.185065  308 4
68.016  0.387346  1296 6
169.672  0.230584  1249 6
9.764  0.230207  2463 6
49.344  0.352789  1936 4
162.312  0.371964  1441 6
12.688  0.273885  314 4
13.64  0.26475  661 6
60.436  0.354414  1518 4
-97.808  0.268336  559 4
13.908  0.166667  168 6
60.94  0.363388  366 6
51.248  0.148718  195 6
-370.044  0.305164  426 4
68.368  0.344099  1703 4
16.736  0.30622  209 4
56.752  0.255854  1751 6
-384.468  0.250291  859 4
74.064  0.358045  1187 6
12.312  0.19685  254 4
239.952  0.345576  599 6
86.092  0.357456  456 4
-147.812  0.280405  296 4
9.72  0.137705  305 4
-1.156  0.255952  1344 6
13.248  0.151376  218 4
-150.144  0.252525  2673 6
58.688  0.386443  1431 6
69.592  0.327096  1336 6
61.768  0.396552  406 6
148.344  0.267442  344 6
14.624  0.251515  330 6
200.624  0.391081  1166 4
17.28  0.305677  229 6
51.516  0.315312  2867 6
15.72  0.17734  203 4
-388.436  0.246575  1898 4
-299.236  0.198142  323 6
-0.08  0.257299  12775 6
70.628  0.346549  681 6
234.22  0.257608  1906 6
98.716  0.213777  421 4
61.5  0.371141  1393 6
154.64  0.433145  531 6
16.924  0.313636  220 6
12.408  0.217722  395 6
14.284  0.163683  391 4
-128.328  0.238314  1305 4
308.544  0.250491  1018 6
74.688  0.381078  761 6
118.968  0.338462  195 4
-296.216  0.232047  1866 6
-2.86  0.257478  1705 6
6.36  0.258771  6527 6
48.608  0.244718  2603 4
54.752  0.364894  940 4
10.968  0.196552  290 6
60  0.339799  2681 4
55.548  0.325608  3495 6
83.736  0.374384  609 6
46.544  0.335465  2033 4
-382.376  0.204846  454 4
14.408  0.28  325 6
-83.172  0.273237  1248 4
15.58  0.169154  201 6
59.904  0.363866  1583 4
24.436  0.164491  383 6
24.152  0.160338  237 6
14.468  0.299145  234 4
50.784  0.268478  920 4
-81.856  0.257604  1611 6
70.532  0.401575  889 4
49.684  0.377794  1342 4
-334.436  0.248996  249 4
74.688  0.39207  681 6
72.016  0.364982  811 4
74.672  0.381517  844 4
67.312  0.376523  903 6
9.5  0.271519  1429 6
-110.5  0.240038  1054 6
48.892  0.242089  1264 4
-195.748  0.204176  431 4
-3  0.229299  157 4
-2.596  0.257437  2723 4
17.436  0.23399  406 4
239.108  0.231317  562 6
11.22  0.256545  191 6
181.044  0.200391  16383 6
-337.08  0.25485  2629 4
-11.192  0.209613  749 6
15.344  0.26383  235 6
14.876  0.15894  151 6
64.544  0.362562  2201 4
255.028  0.214894  470 4
90.94  0.357394  568 6
14.5  0.22  350 4
-292.78  0.259398  2128 4
-170.108  0.242546  1241 6
12.952  0.220551  399 4
-37.312  0.278146  755 4
67.224  0.374732  934 6
-11.924  0.292818  181 4
295  0.21134  194 6
70.096  0.333598  1259 4
12.2  0.240318  2014 4
12.796  0.27193  228 4
11.236  0.27783  1069 6
49.564  0.178733  442 6
71.232  0.338058  1411 6
-162.316  0.138528  231 4
126.14  0.246269  268 4
16.876  0.210843  166 4
12.78  0.315789  342 6
-124.252  0.252023  865 6
189.328  0.265546  4937 6
171.388  0.228487  674 4
-224.908  0.281755  433 6
228.596  0.230643  607 6
81.624  0.401114  718 4
15.28  0.230769  702 6
193.016  0.357555  867 4
158.264  0.267571  811 6
51.044  0.337313  3015 6
-172.032  0.294643  224 4
14.748  0.275676  185 4
294.16  0.404255  799 6
-357.748  0.291028  457 6
9.624  0.3  190 4
54.812  0.245399  1304 4
-59.392  0.264946  736 4
85.684  0.37883  718 6
-374.936  0.213992  243 6
-108.592  0.201613  620 6
79.296  0.370274  767 4
-366.328  0.263158  152 6
64.312  0.384342  843 4
55.956  0.351698  1325 4
13.284  0.296992  266 4
9.144  0.226884  1168 6
70.128  0.35311  1045 6
87.344  0.361345  357 6
29.808  0.205128  195 4
15.008  0.234694  294 4
162.624  0.30315  254 6
-146.688  0.273063  271 6
295.904  0.1875  208 4
-194.812  0.230769  169 4
-319.752  0.214912  228 6
-367.972  0.252304  2604 6
-209.56  0.256471  425 6
217.644  0.249802  1265 4
14.576  0.120755  265 4
127.812  0.391259  961 6
37.468  0.242697  890 6
57.564  0.321893  2768 6
61.312  0.322581  1488 4
67.312  0.394895  666 4
81.78  0.400324  617 4
-19.344  0.297619  252 4
59.936  0.0816327  147 4
137.816  0.346582  1258 4
14.78  0.235521  259 6
18.092  0.25625  160 6
166.344  0.266626  1624 4
14.688  0.272189  169 6
64.22  0.346655  2227 6
215.56  0.16  125 4
76.032  0.377751  818 4
54.716  0.273196  388 6
-67.564  0.233766  616 4
8.28  0.227353  563 6
12  0.315789  190 4
12  0.233422  377 6
252.188  0.0687023  131 4
4.968  0.291585  511 4
63.66  0.361468  545 4
174.78  0.260536  1044 4
241.408  0.275449  167 6
-177.688  0.293634  487 6
215.316  0.321364  557 4
248.424  0.354916  2085 6
65.312  0.411765  578 4
141.312  0.0873786  103 4
14.284  0.281179  441 6
-206.312  0.186957  230 6
-310.84  0.310174  403 6
-124.06  0.292056  428 6
40.124  0.297762  581 4
53.876  0.345878  558 6
7.028  0.261194  268 6
23.628  0.146853  143 6
-74.216  0.250303  1650 6
263.06  0.382895  760 6
17.376  0.283422  187 6
9.876  0.208122  197 4
72.72  0.391685  914 4
152.752  0.209302  301 4
-153.44  0.22381  420 4
-51.688  0.275379  1783 6
13.624  0.229008  262 6
296.064  0.216216  222 4
76.872  0.39313  1048 6
15.872  0.229167  336 4
-46  0.299539  217 6
67.224  0.404402  727 4
24.844  0.309524  210 4
140.156  0.420455  440 6
-209  0.258877  1549 6
-283.064  0.21519  237 6
29.596  0.243386  189 4
14.44  0  119 6
-18.732  0.123711  194 6
58.296  0.341814  2712 4
180.28  0.236604  1661 6
-347.5  0.247191  178 4
65.452  0.371581  1499 4
70.124  0.313817  427 6
-295.124  0.226351  296 4
16.312  0.305825  206 4
-100.812  0.224764  743 6
114.848  0.425197  254 4
-286.748  0.239669  363 4
64.88  0.448905  548 4
-0.904  0.2661  5761 4
13.688  0.25614  285 4
67.188  0.420479  918 6
-1.56  0.255619  2269 4
192.156  0.205357  224 4
-185.904  0.241758  1183 4
86  0.232  250 6
12.592  0.158371  221 4
231.204  0.426009  223 4
69.032  0.369863  657 6
50.656  0.324517  2382 6
169.408  0.218924  539 4
15.468  0.243038  395 4
15.8  0.176245  261 6
12.092  0.226766  269 6
200.436  0.282383  386 4
138.936  0.356923  650 6
68.5  0.391854  1424 4
53.968  0.327961  1241 6
167.28  0.187192  406 4
-198.032  0.251621  771 6
89.908  0.353276  351 6
12.828  0.232614  1251 6
-13.28  0.166102  295 4
18.28  0.208531  211 6
155.08  0.346221  569 4
232.344  0.365696  309 4
-72.316  0.251142  219 4
13  0.241176  170 4
85.544  0.421241  838 6
-267.876  0.234375  320 4
-394.328  0.310526  190 6
-110.5  0.202273  440 6
-7.168  0.268047  1787 4
14.188  0.204013  299 4
-0.22  0.140389  16383 6
14.376  0.19883  342 4
-40.596  0.224099  888 4
-106.124  0.101695  118 4
255.408  0.207792  693 6
-270.844  0.183511  376 6
209.092  0.228477  302 4
15.016  0.119048  168 6
16.968  0.208791  273 6
76.28  0.392273  673 6
-334.032  0.302142  887 6
-111.22  0.224204  785 4
230.656  0.264526  654 4
-329.436  0.218299  623 4
65.92  0.24024  333 4
5.816  0.248026  3673 6
-324.548  0.261321  1060 4
151.64  0.245634  3493 4
73.404  0.395245  673 6
255.92  0.331263  483 4
67.42  0.37744  461 4
58.16  0.389625  906 4
13.344  0.219251  187 4
-315.028  0.288747  471 6
13.716  0.283203  512 4
16.092  0.22449  441 4
-94.468  0.26014  1430 6
57.844  0.385429  851 4
15.268  0.164062  256 4
12.816  0.24183  459 6
15.16  0.207237  304 4
69.344  0.40423  851 6
32.064  0.354807  2049 6
-381.968  0.23  300 4
8.124  0.332  250 6
-79.936  0.22961  1128 6
-384.94  0.252937  1447 6
228  0.218638  279 4
-360.596  0.305195  154 4
12  0.228025  785 4
101.144  0.422311  251 4
238.124  0.258993  139 4
-151.752  0.294118  289 4
-269.124  0.243316  374 4
74.388  0.370914  1499 4
-298.5  0.22293  157 6
70.296  0.208781  1116 6
70.716  0.363122  884 6
10.904  0.131579  228 6
63.324  0.357675  671 4
17.952  0.24928  1388 4
61.816  0.339252  2140 4
87.72  0.433892  537 4
14.748  0.218107  486 4
-126.812  0.219697  264 4
230.408  0.361714  1844 4
58.032  0.356467  1585 6
-289.592  0.270559  4025 6
-206.184  0.259542  262 6
12.156  0.0512821  234 4
102.312  0.384248  419 6
-79.78  0.273723  548 6
64.312  0.360809  643 6
-7.672  0.220672  1577 4
5.596  0.244444  2835 6
-238.624  0.36612  183 6
58.092  0.393584  1278 4
9.516  0.249822  2802 6
50.716  0.349909  2755 6
-143.156  0.31401  207 4
77.532  0.40203  1281 6
-112.5  0.245059  253 6
72.204  0.376116  896 6
55.5  0.371989  2242 4
199.688  0.420935  449 6
12.436  0.328638  213 6
61.736  0.248262  2445 4
5.856  0.256434  4391 6
147.312  0.288809  277 4
64.312  0.37215  1228 4
-380.016  0.21978  182 4
62.016  0.37037  459 6
36.344  0.261628  172 6
8.22  0.188406  552 6
10.748  0.0740741  135 4
17.048  0.242105  1045 4
75.312  0.31575  1346 4
8.872  0.28763  671 6
-368.58  0.237136  1788 4
55.404  0.383729  1389 4
213.156  0.397541  732 6
275.472  0.242475  598 6
-215.968  0.256477  386 6
63.204  0.337139  1489 4
56.268  0.320285  281 6
55.656  0.368789  1288 4
14.252  0.25817  306 4
58  0.384977  639 4
53.688  0.35095  2895 6
52.204  0.337143  2975 6
-244.716  0.249629  2023 4
106.504  0.368381  1303 6
9.216  0.253591  1810 4
60.14  0.351862  1853 4
-180.348  0.261559  2963 4
3.688  0.253036  6505 6
13.56  0.222973  444 6
-317.784  0.242268  388 6
-68.968  0.238024  668 4
19.876  0.0727273  110 6
14.484  0.201493  268 6
0.468  0.249637  689 4
12.376  0.249337  1885 4
13.532  0.359447  217 6
-11.684  0.191406  256 6
-83.576  0.253148  1509 4
96.092  0.471983  464 4
9.064  0.215909  176 6
52.156  0.387994  683 6
13.872  0.171053  304 6
-25.436  0.227006  511 4
108.848  0.304762  210 4
62.888  0.309524  420 6
10.784  0.277286  2712 6
-251.936  0.214784  717 4
1.5  0.31016  187 6
-364.468  0.236364  275 6
145.688  0  16383 6
6.672  0.255361  2052 4
-113.012  0.145455  275 4
12.188  0.228407  521 6
193.58  0.236646  1741 6
69.376  0.353484  976 4
73.204  0.391429  350 6
102.816  0.230159  252 4
58.548  0.360784  1785 6
66.78  0.371944  1718 4
13.376  0.261044  249 6
67.252  0.37467  1137 4
234.172  0.252904  3444 6
10.688  0.254967  906 4
-62.124  0.220588  476 4
13.248  0.270358  307 4
-11.236  0.252341  2136 4
38.704  0.227088  1233 4
237.752  0.188053  452 4
-393.468  0.277778  198 6
11.512  0.239854  2464 6
-177.284  0.232648  778 6
196.904  0.251026  1462 4
-155.78  0.280765  837 4
-138.72  0.249545  549 4
-58.764  0.243928  1935 6
-25.592  0.24928  694 4
10.376  0.311475  183 4
79.628  0.447013  519 6
54.124  0.366229  2209 4
-40  0.256549  1107 4
-105.592  0.201835  327 6
80.78  0.244609  1623 4
-350.752  0.281977  344 4
134.128  0.232414  1450 6
12.016  0.126506  332 6
94.096  0.340242  579 4
51.236  0.356639  2975 6
11.876  0.238095  357 4
-211.596  0.234177  316 6
-28.952  0.224868  756 4
61.14  0.392097  658 4
-194.936  0.275118  1483 6
59.784  0.235202  642 6
10.032  0.214559  522 4
-192.44  0.358209  201 4
-133.86  0.231092  238 6
47.012  0.341772  3555 4
-204.968  0.260929  1464 6
128.764  0.270346  1794 4
304.984  0.352248  934 6
128.08  0.246046  569 6
68.532  0.363148  559 4
8.936  0.262626  198 6
75.72  0.373002  563 6
108  0.0666667  120 4
69.096  0.404301  465 6
28.624  0.224409  508 6
175.408  0.25  536 6
-1.36  0.267241  1160 6
70.032  0.262637  1820 4
14.064  0.228272  955 4
59.764  0.365523  2216 6
-346.284  0.291536  319 6
17.44  0.171429  140 6
-279.264  0.225564  665 4
15.64  0.27907  301 4
-234.016  0.2625  720 6
11.08  0.298246  570 6
41.5  0.223374  1737 6
-320.5  0.231003  658 4
-182.968  0.263073  1855 4
13.796  0.279835  243 6
52.532  0.351188  2651 4
-260.704  0.255507  227 6
12.076  0.1693  443 6
8.128  0.232606  963 4
69.408  0.280963  872 6
49.748  0.34294  3435 6
-203.124  0.232456  228 6
51.748  0.398637  587 6
-117.688  0.104839  124 6
156.984  0.274691  324 6
-102.248  0.287599  379 6
67.844  0.36648  895 6
58.688  0.360624  513 4
-391.72  0.291262  206 6
188.784  0.219982  1091 6
18.548  0.24359  234 6
57.436  0.351382  1736 4
-135.924  0.235955  2225 6
193.78  0.219081  1698 4
55.2  0.343542  1502 4
-275.56  0.0890688  247 4
-105.06  0.286765  408 4
92.564  0.424383  648 6
17.94  0.234694  196 6
11.688  0.292793  222 6
170.22  0.232353  1360 6
53.776  0.356444  1125 4
185.248  0.299099  555 6
-397.472  0.257812  384 6
64.124  0.388811  715 6
87.216  0.346405  306 6
15.564  0.216374  171 4
49.092  0.365657  3465 6
14.72  0.305994  317 4
9.872  0.235465  344 6
-332.532  0.27712  1014 4
-67.672  0.245  200 6
6.624  0.174497  149 4
36.436  0.249462  930 4
6.896  0.253707  6878 4
65.656  0.358696  1104 4
154.576  0.340164  244 4
-9.908  0.261163  6069 6
276.092  0.260067  596 6
10.72  0.243413  797 4
-8.532  0.239941  1367 4
67.156  0.380165  726 4
168.376  0.240811  789 6
267.984  0.270754  783 4
8.92  0.243077  3250 6
-238.656  0.163347  502 6
4.872  0.253233  3712 6
33.096  0.193322  569 4
58.188  0.358322  2121 6
-242.388  0.251908  1179 6
240.908  0.376389  720 4
226.94  0.327511  229 4
63.468  0.312865  342 4
12.376  0.259259  864 4
65.032  0.406829  1025 4
203.656  0.215217  460 4
9.46  0.257895  9310 4
-140.188  0.238953  611 6
-4.516  0.245151  1856 6
16.14  0.188612  281 4
-36.78  0.228188  298 4
62.468  0.342764  1838 4
51.688  0.293286  283 4
-13.8  0.233333  1080 4
272.188  0.304659  279 4
289.748  0.266667  255 4
7.44  0.244401  1027 6
-25.204  0.215834  1061 4
265.188  0.395892  1071 4
-293.328  0.276524  1772 4
-95.92  0.227766  922 6
68.46  0.408811  976 4
143.564  0.332335  334 4
14.592  0.268199  261 4
88.436  0.411609  379 6
-125.188  0.268199  261 4
10.8  0.229102  1292 6
-115.876  0.228571  910 4
15.784  0.289062  384 4
15.344  0.0638298  188 6
65.028  0.393617  658 4
16.14  0.213333  150 6
79.112  0.283871  310 6
312.876  0.126214  206 4
-240.436  0.318471  157 4
10.248  0.0443038  158 4
-121.156  0.248528  849 6
151.156  0.360171  2571 6
310.176  0.266391  1693 6
-369.344  0.188559  472 6
11.848  0.201107  542 6
-172.612  0.182648  438 4
-163.784  0.239669  484 6
49.704  0.335304  4059 6
79.592  0.37013  616 4
87.312  0.409774  532 4
-398.812  0.213799  1174 6
236.688  0.23741  278 6
13  0.179916  239 4
-336.996  0.249395  1239 4
60.188  0.367508  1902 4
-20.996  0.246061  2475 6
-293.032  0.255569  3995 6
11  0.234694  1078 6
11.376  0.219178  146 6
207.564  0.21673  263 4
16.5  0.284091  176 6
33.472  0.196242  479 6
-155.656  0.22549  204 6
61.248  0.332795  619 4
57.592  0.245681  3415 4
59.752  0.327285  1488 4
165.812  0.247134  2355 4
-0.376  0.266447  304 6
57.064  0.412533  1149 6
10.688  0.259259  216 4
14.048  0.240185  433 6
15.796  0.10625  160 4
13.032  0.0812183  197 6
52.06  0.256322  1740 4
73.788  0.337223  857 4
10.252  0.258278  1359 6
76.152  0.355499  391 4
-1.452  0.240741  1674 4
308.404  0.292719  673 6
5.14  0.255319  1457 6
-393.688  0.258278  151 6
13.748  0.278978  509 4
103.216  0.112583  151 4
107.032  0.364326  527 4
9.972  0.235088  570 6
51  0.338811  4138 4
76.848  0.37358  704 4
-1.032  0.25876  742 4
50.888  0.341672  3278 6
9.096  0.315331  574 6
68.096  0.347445  1370 6
67.392  0.396896  902 6
-233.296  0.339421  2245 6
70.704  0.375215  1162 4
58.84  0.348559  1423 6
80.28  0.394052  269 6
66.704  0.138924  16383 4
59.06  0.21608  199 6
8.092  0.313312  616 6
-93.532  0.194676  601 6
8.548  0.243827  2268 6
52.064  0.32548  4117 4
14.22  0.271186  531 4
55.408  0.390011  941 4
50.376  0.221352  1021 4
14.92  0.231557  488 4
60.472  0.33916  2689 4
160.72  0.263158  988 6
302.076  0.244907  2356 4
76.344  0.410989  455 4
-1.192  0.251553  322 4
16.732  0.324561  342 4
83.828  0.242576  3199 4
73.344  0.295858  338 4
86.372  0.315556  225 4
-152.452  0.251477  1523 4
14.86  0.290323  403 4
243.344  0.382716  729 4
12.952  0.265625  512 6
58.032  0.367347  1715 4
245.328  0.262796  1309 4
84.064  0.389171  591 4
33.748  0.250591  423 4
-96.78  0.21608  199 6
81.808  0.342282  596 4
-54.22  0.245211  1044 6
-13.248  0.216667  360 4
-42.484  0.234347  1118 4
15.032  0.293671  395 4
-394.952  0.244197  2068 4
1.936  0.283465  381 4
14.408  0.127737  274 4
57.436  0.349429  2713 6
99.824  0.423313  326 4
269.78  0.240642  374 6
-180.608  0.139535  172 6
6.828  0.256158  6293 4
59.124  0.22619  252 4
2.5  0.23221  267 4
115.936  0.332226  301 4
312.252  0.383405  699 6
3.968  0.224528  530 4
-42.592  0.213043  460 4
170.876  0.292308  260 6
57.876  0.366197  2130 4
-371.092  0.296429  280 4
5.248  0.24126  2031 6
122.48  0.202381  168 6
-367.468  0.307812  640 4
15.58  0.381643  207 6
13.612  0.15415  253 4
163.72  0.231225  506 6
73.564  0.363937  1209 6
-380.936  0.267574  441 6
286  0.257033  1564 4
20.92  0.251077  1625 6
-303.904  0.23845  671 4
59.564  0.330502  1295 4
-355.376  0.242254  1065 6
-366.844  0.2103  233 4
159.56  0.348237  1163 6
-152.5  0.352227  1482 6
52.968  0.354787  3123 6
67.888  0.347335  1595 4
-226.5  0.27907  172 6
277.752  0.27193  456 6
21.516  0.323864  176 6
222.94  0.249267  682 6
-261.188  0.216883  770 6
11.36  0.235706  857 6
5.144  0.26054  3036 6
-77.652  0.152047  171 6
83.56  0.340858  886 4
166.188  0.263789  417 4
16.872  0.207792  154 6
-263.096  0.25522  431 6
315.124  0.422297  296 4
58.032  0.338235  2924 6
-238.812  0.21875  384 6
-81.88  0.261294  1638 6
210.096  0.317757  321 4
-320.5  0.28  200 4
-205.812  0.233034  2004 6
14.936  0.0791367  139 4
8.124  0.207447  188 4
80  0.26178  191 6
-246.72  0.328042  189 4
45.676  0.248412  6928 6
12.064  0.227273  154 6
13.28  0.286374  433 4
-296.56  0.235789  475 4
13.532  0.22063  349 4
-62.124  0.295374  281 6
12.736  0.237443  438 4
-0.996  0.271028  214 6
62.688  0.379186  1105 4
101.252  0.249115  847 6
212.64  0.388715  319 4
66.624  0.401665  961 6
56.096  0.380383  836 6
279.472  0.208202  317 4
56.532  0.351964  1986 4
-4.156  0.254453  393 4
-197.544  0.208092  173 6
13.624  0.266504  409 6
-22.5  0.277778  360 4
-245.032  0.255947  1051 4
12.376  0.244681  188 6
54.688  0.393789  805 4
191  0.359404  537 4
92  0.372385  239 6
91.504  0.381221  1065 6
-256.312  0.216949  295 6
15.52  0.298462  325 6
268.472  0.241877  277 4
13.688  0.228198  688 4
13.94  0.250867  865 4
-370.312  0.171429  350 6
283.924  0.253968  189 4
56.248  0.414825  1403 4
14.672  0.162437  197 6
47.028  0.270019  537 6
-129.812  0.218659  343 6
-336.032  0.270208  433 6
127.816  0.322034  177 4
167.624  0.268258  2848 4
52.716  0.33266  3463 6
-344.904  0.268623  443 6
-238.42  0.287081  209 4
-185.312  0.239049  1598 6
76.152  0.397412  541 4
-31.548  0.261643  1911 4
14.996  0.248705  193 4
63.704  0.340202  2475 4
107.688  0.340836  311 6
14.14  0.306748  489 4
63.596  0.421488  968 4
-35.5  0.231132  636 6
-242.064  0.188976  254 6
104.2  0.261364  528 4
58.516  0.335808  2290 6
3.376  0.267272  2533 4
-91.816  0.188953  344 6
12.684  0.115646  147 6
8.36  0.270706  1799 4
225.904  0.237401  1508 6
8.768  0.25229  5787 4
60.188  0.330486  1873 4
11.188  0.120805  149 6
-397.092  0.250485  515 4
59.656  0.327623  467 4
62.824  0.387218  1330 6
-159.004  0.146067  178 6
-56.232  0.2544  2500 6
9.752  0.212903  155 6
69.596  0.348939  1367 4
165.188  0.241975  810 4
13.252  0.232836  670 4
-37.876  0.222299  1453 4
12.344  0.222222  306 4
76.172  0.249284  3494 4
17.284  0.191257  183 4
-129.128  0.315574  244 4
48.548  0.334746  1416 4
-294.112  0.244207  561 4
82.404  0.260198  907 4
179.408  0.331873  2055 4
168.624  0.232044  362 4
7.14  0.244249  4782 4
90.188  0.147887  284 4
14.408  0.242424  330 4
12.796  0.248896  1812 4
12.968  0.222656  256 4
-36.436  0.233886  543 4
139.908  0.387681  552 6
142.952  0.277946  331 4
60.048  0.367216  1092 6
73.86  0.237323  493 4
-307.78  0.238683  729 6
68.076  0.373229  1412 4
281.844  0.245707  757 4
14.248  0.190722  388 6
11.096  0.255255  333 6
-383.188  0.213178  258 4
14.124  0.279279  444 4
15.5  0.214447  443 4
67.888  0.407197  528 6
78.112  0.418831  308 4
-204.484  0.20765  366 6
158.576  0.395904  586 4
181.144  0.319853  272 6
299.532  0.343262  2115 6
193.144  0.337049  1884 4
10.592  0.246914  324 6
61.872  0.37005  1389 6
12.904  0.202532  316 4
75.532  0.391252  823 4
12.096  0.268085  470 6
-67.984  0.0746269  134 6
69.252  0.374355  1162 4
15.14  0.199387  326 6
53.812  0.354617  2036 6
15.156  0.186992  246 6
12.016  0.264706  1734 6
11.984  0.241379  551 6
110.656  0.227273  660 6
16.564  0.226158  367 4
122  0.26  500 6
-367.064  0.25  724 6
-334.252  0.239583  192 4
17.56  0.287129  202 4
-80.156  0.30198  202 6
-127.504  0.167568  185 6
66.092  0.398344  1087 6
-357.58  0.272966  1143 4
15.56  0.169381  307 4
-330.06  0.21875  192 6
31.696  0.288483  877 6
-237.216  0.272016  511 6
-301.824  0.251847  1624 4
62.248  0.345399  1630 4
112.472  0.390484  1219 6
12.96  0.23348  454 6
15.72  0.159574  188 4
52.656  0.357651  1124 6
158.064  0.243292  559 4
36.72  0.149123  228 6
-208.8  0.250076  3311 6
19.528  0.103704  135 6
-104.752  0.256329  632 6
13.28  0.293217  457 6
14.568  0.220085  468 4
-320.408  0.243842  812 6
-87.032  0.29666  509 4
-112.192  0.235443  395 4
70.648  0.390492  1178 6
-367.048  0.242991  2675 6
15.368  0.262385  545 4
158.888  0.264925  268 4
68  0.404427  994 4
-330.936  0.0555556  162 4
-302.192  0.251926  1298 6
53.976  0.234074  675 6
6.872  0  16383 6
-263.032  0.180392  255 6
25.056  0.242754  276 6
52.472  0.331628  3323 4
19.504  0.133803  142 4
16.032  0.277533  227 6
21.184  0.225962  208 6
-66.784  0.220264  454 4
139.952  0.247069  2218 6
-128.184  0.241877  277 6
23.984  0.294118  238 4
12.88  0.23166  518 6
157.592  0.251928  389 6
-270.904  0.245387  542 4
47.92  0.283988  331 6
12.224  0.273038  293 4
199.28  0.108771  16383 4
15.784  0.260355  338 4
14.424  0.285178  533 6
75.592  0.375207  605 4
9.84  0.237589  1128 4
11.144  0.252326  860 6
127.816  0.170455  176 6
10.096  0.262473  461 6
283.72  0.24878  205 6
12.856  0.224928  698 6
9.416  0.223735  514 6
-21.72  0.229927  548 4
11.688  0.282828  198 6
-226.464  0.0534351  131 4
-320.064  0.215839  644 6
14.968  0.143713  167 6
7.312  0.231039  1714 6
71  0.356412  1271 6
-279.36  0.173554  363 4
114.536  0.247285  3591 6
-176.216  0.256356  472 6
75.112  0.412073  381 4
103.776  0.425101  494 6
16.216  0.365957  235 6
6.408  0.23301  206 4
13.216  0.261101  563 6
63.552  0.332385  2109 6
49.76  0.358866  1658 4
80.672  0.353698  311 4
48.544  0.329623  3504 4
16.872  0.306358  173 6
74.264  0.420824  461 4
61.936  0.324153  944 6
-383.096  0.258065  217 4
11.088  0.246328  885 6
71.752  0.347525  1010 6
266.496  0.19171  193 4
12.504  0.271676  346 6
-371.784  0.386167  1041 6
95.64  0.440318  377 4
-6.52  0.260391  1636 6
-214.984  0.0984456  193 4
171.936  0.230093  1821 4
15.408  0.283262  233 4
-119.904  0.274314  401 6
13.192  0.208333  456 4
-233.912  0.260546  403 6
-171.456  0.256203  1975 6
-262.376  0.23871  155 4
-290.496  0.236111  216 6
254.384  0.3125  256 6
307.656  0.253782  595 4
-213.888  0.321168  274 6
8  0.254839  930 6
7.656  0.149254  335 6
297.872  0.183486  218 6
-159.376  0.233906  466 4
61.36  0.354508  976 6
14.752  0.29724  471 4
-22.128  0.243097  2028 4
182.4  0.230769  234 4
5.472  0.241803  488 6
75.768  0.389581  883 4
14.688  0.20274  365 6
54.296  0.353765  1713 6
-161.568  0.28  175 4
64.248  0.381275  1474 6
226  0.21875  480 6
-5.472  0.227674  1019 6
57.752  0.326341  2050 6
59.848  0.370344  1396 6
75.784  0.249094  1104 6
80.432  0.414433  485 6
10  0.258  2500 4
-119.12  0.217918  413 6
-261.784  0.278708  836 6
-10.312  0.182573  241 6
14.656  0.222222  225 6
-106.032  0.185567  194 4
-84.064  0.299625  267 6
-196.632  0.231102  463 4
12.328  0.271117  734 4
66.864  0.373245  1353 4
-49.496  0.309487  643 4
360.752  0.382244  811 4
-163.248  0.563025  595 4
96.064  0.309237  249 6
-364.256  0.269406  219 6
12.688  0.286517  178 6
55.064  0.366239  2026 4
67.848  0.376  375 6
-6.816  0.242009  1752 4
79.688  0.355634  284 4
-1.128  0.275  320 6
14.152  0.257426  505 4
-221.968  0.253493  501 6
-110.688  0.205078  512 6
14.48  0.246938  4491 4
52.968  0.335052  3298 6
64.576  0.406143  879 6
14.056  0.257274  653 4
58.032  0.136054  147 6
15.712  0.222892  166 4
54.432  0.344053  2270 4
15.496  0.142857  119 6
9.408  0.225597  461 4
227.472  0.210162  433 6
78.816  0.394937  395 4
56.544  0.466321  386 6
-155.912  0.219355  155 6
205.12  0.218182  165 4
54.8  0.329227  2922 4
-362.968  0.165605  157 6
112.872  0.281139  281 6
60.504  0.360777  1081 4
58.84  0.407814  819 6
106.784  0.246241  532 4
60.472  0.402204  363 6
8.624  0.210526  171 4
43.072  0.305281  606 4
60.624  0.257974  1787 6
47.656  0.331669  3205 4
127.624  0.413854  1126 4
-47.056  0.257485  167 4
12.864  0.220952  525 6
182.392  0.277273  440 4
54.032  0.358215  2599 4
14.152  0.222222  261 4
237.376  0.268293  205 4
14.376  0.348432  287 4
241.592  0.329004  231 6
-389.904  0.236162  271 6
8.936  0.252313  1189 6
198.496  0.127072  181 4
-68.216  0.254379  1313 6
129  0.25  1920 6
-306.688  0.0909091  132 6
11.816  0.226463  786 4
58.496  0.409511  757 6
284  0.274476  572 6
307.056  0.227979  193 6
12.528  0.238281  256 4
130.288  0.305936  219 6
60.152  0.342825  2669 6
-11.2  0.201367  16383 6
143.72  0.253556  3234 4
13.576  0.240997  722 4
16.032  0.231132  212 4
-0.128  0.263122  1448 4
9.848  0.260097  619 6
-190.496  0.247216  1796 4
59.608  0.358865  1410 4
11.816  0.268765  413 6
-302.832  0.25037  2700 6
-1.016  0.0882622  16383 6
71.28  0.346496  1013 6
-273.504  0.298611  288 4
271.512  0.226519  905 4
10.784  0.250851  881 6
-233.92  0.240785  1682 6
116.136  0.253494  1574 6
63.736  0.35394  1472 4
12.84  0.258117  616 6
235.376  0.242754  552 6
276.824  0.368259  649 4
61.592  0.443262  282 4
257.32  0.197531  243 4
-164.128  0.283019  265 6
11.656  0.23548  947 6
17.688  0.211268  142 4
14.872  0.194444  144 4
-249.44  0.195531  179 6
-275.688  0.301587  189 4
76.688  0.356388  1041 4
-83.624  0.237739  2671 4
-311.312  0.0559006  161 6
18.128  0.0625  176 4
96.528  0.416667  288 6
-87.736  0.319079  304 4
-254.248  0.21097  237 4
-222.376  0.157447  235 6
249.624  0.404526  707 4
14.56  0.355422  166 6
9.976  0.276481  557 6
7.208  0.264463  1331 6
-200  0.272727  1298 4
181.848  0.397683  777 6
134.936  0.246246  333 6
22.144  0.24878  410 6
56.752  0.374803  2532 4
-352.752  0.24865  3704 6
54.592  0.384615  416 6
13.944  0.268698  361 6
67.064  0.405512  254 6
25.816  0.221811  541 6
12.312  0.222535  355 4
49.64  0.325989  2224 4
79.376  0.355042  476 4
-12.392  0.234592  2515 6
13.688  0.225225  777 4
282.88  0.235981  856 6
161.408  0.337543  871 6
16.656  0.215311  209 4
172.968  0.382889  1426 6
60.064  0.334048  2332 4
193.152  0.260128  469 6
50.488  0.321814  4167 4
72.72  0.398034  814 6
-163.376  0.373529  340 6
16.936  0.308458  201 6
-48.688  0.252125  353 4
9.752  0.196023  704 6
14.496  0.237458  299 4
62.792  0.359071  1852 4
63.472  0.344648  1149 4
10.312  0.360294  272 4
131.576  0.247449  392 4
-84.88  0.241497  294 4
15.032  0.267782  239 4
272  0.248276  145 4
1.672  0.238399  1724 6
263.592  0.257038  817 6
108.312  0.352273  264 4
278.872  0.226744  172 4
12.392  0.229947  561 4
-195.592  0.224252  602 6
-227.576  0.233792  1527 4
52.576  0.391736  605 6
14.664  0.244713  331 6
31.736  0.311024  254 6
15.408  0.195266  169 6
13.152  0.261246  578 6
-90.032  0.163462  312 6
1.704  0.180451  133 6
-277.688  0.181818  220 4
88.376  0.341651  521 4
-330.152  0.220472  381 4
285.736  0.241197  1136 6
-6.096  0.247178  1772 4
17.784  0.238564  1727 4
-392.656  0.281947  493 4
-160.448  0.196809  188 4
-0.736  0.250184  1359 4
67.968  0.344895  1528 6
58.688  0.421371  496 4
66.936  0.378378  296 4
14.904  0.155882  340 4
104.632  0.227831  733 4
198.432  0.216561  157 6
76.048  0.376694  738 6
-58  0.226044  407 6
232.992  0.365932  1861 4
-10.256  0.282116  397 6
15.088  0.246528  288 4
13.296  0.26248  621 6
137.064  0.25  744 6
-17.784  0.2891  211 4
66.56  0.387444  1115 4
90.64  0.388964  743 4
277.464  0.226994  652 4
85.424  0.397516  483 6
67.896  0.262944  1719 6
52.928  0.254237  649 6
66.776  0.442786  603 4
12.064  0.228782  271 6
12.944  0.227785  799 4
215.408  0.227181  493 4
-38.44  0.263699  1752 6
159.296  0.369643  560 4
-2.376  0.262755  392 6
42.656  0.26662  1444 4
-133.696  0.217523  331 6
196.312  0.258792  1109 4
186.152  0.256098  492 6
11.64  0.336777  484 6
-36.28  0.252796  2504 4
-9.464  0.262314  873 6
11  0.247126  174 6
7.808  0.277108  996 4
11.56  0.225806  155 4
79.28  0.231214  173 4
169.216  0.25705  922 6
150.224  0.392765  774 4
12.904  0.320175  456 6
-198.528  0.237772  736 6
14.808  0.20904  354 4
58.936  0.35814  1935 6
10.184  0.257576  264 6
133.28  0.343284  268 6
11.032  0.179191  346 4
8.664  0.246296  540 6
75.264  0.375828  1208 4
60.12  0.364322  1194 6
-231.216  0.176768  198 4
49.656  0.225664  226 6
8.168  0.255527  1538 6
13.84  0.196203  474 4
55.896  0.373791  2274 4
11.824  0.208191  879 6
12.912  0.227758  562 6
10.064  0.219795  1465 4
-187.528  0.199017  407 4
64.536  0.420238  840 4
146.976  0.349398  498 4
270.064  0.317308  208 4
17.488  0.212291  179 6
53.392  0.328616  2897 6
31.392  0.2125  160 4
13.84  0.216012  662 4
71.216  0.389158  1033 6
68.872  0.36837  1037 6
-246.432  0.186508  252 4
10.56  0.171831  355 4
-156.944  0.170909  275 6
13.176  0.152632  380 6
56.2  0.367304  2404 6
13.512  0.156463  147 4
133.528  0.38484  343 6
24.84  0.0671141  149 6
-15.496  0.313253  249 6
12.104  0.218121  894 4
-2.88  0.257616  1871 6
10.72  0.288641  537 6
19.92  0.338384  198 4
-293.096  0.207885  279 6
13.392  0.238659  507 4
-276.096  0.163683  391 4
57.592  0.321872  2414 4
15.688  0.197309  223 6
60.784  0.351834  2072 4
61.456  0.333169  2029 4
17.096  0.172973  185 4
69.56  0.407953  679 4
-48.328  0.318792  298 6
-97.936  0.243243  259 4
5.896  0.25474  8228 6
218.376  0.237469  1217 4
8.592  0.253597  556 6
40.56  0.193548  372 4
-223.448  0.247654  2451 4
56.464  0.360262  458 6
86.032  0.348341  422 6
48.12  0.336028  3464 4
16.08  0.289231  325 4
-150.72  0.275862  464 6
82.032  0.356369  738 6
-185.064  0.249836  1521 4
134.44  0.18125  160 4
293.28  0.238676  574 4
11.312  0.287958  191 4
67  0.370091  662 6
45.72  0.171779  163 4
11.128  0.265903  786 6
-69.08  0.250701  4280 4
12.688  0.294278  367 4
-120.752  0.255144  486 4
-27.904  0.235828  882 6
107.032  0.173697  403 4
15.408  0.275132  378 4
15.872  0.147727  176 6
14.904  0.183036  224 6
-295.968  0.237108  1881 6
-131  0.258427  178 6
12.248  0.26506  332 4
66.128  0.391304  598 4
-272.216  0.283117  385 4
29  0.173228  127 6
131.752  0.190813  283 6
237.28  0.23431  478 6
14.12  0.253106  644 6
-48.752  0.250753  1659 4
15.496  0.309917  242 4
223.848  0.289617  366 4
153.288  0.26572  493 6
112.544  0.239045  2556 4
-291.44  0.0960854  281 6
12.848  0.209184  196 6
186.904  0.367265  501 4
59.296  0.34959  2194 4
31.312  0.236842  152 6
-258.312  0.196653  239 6
9.808  0.252161  1388 4
7.368  0.263589  6347 4
16.176  0.255973  293 4
49.752  0.332688  2582 6
13.376  0.225  520 6
164.848  0.258462  650 6
-12.28  0.260542  664 4
-157.16  0.237069  232 6
12.12  0.262774  274 6
125.904  0.353096  759 4
178.448  0.358491  159 4
-244.656  0.234667  375 6
301.328  0.218684  471 6
-195.032  0.0603448  116 4
10.064  0.230922  2018 4
13.944  0.223214  560 4
9.016  0.255348  1496 6
14.344  0.277389  429 6
199.312  0.13615  213 6
313.296  0.23892  1444 6
-280.44  0.266802  491 4
-287.184  0  16383 4
-0.624  0.330275  218 4
253.128  0.166667  180 4
-246.48  0.221374  262 4
-52.536  0.235566  1732 6
8.12  0.255651  1283 4
85.936  0.251185  211 4
14.472  0.269767  215 4
315.776  0.38914  442 6
133.624  0.337079  356 4
15.816  0.243697  238 6
71.064  0.396789  1308 4
14.912  0.238411  151 6
-54.248  0.235632  522 4
-4.472  0.261719  512 6
56.408  0.342066  1336 6
14  0.329897  194 4
-77.776  0.266328  1577 6
13.736  0.25  332 6
-7.16  0.213384  792 4
-370.064  0.234234  333 6
73.8  0.261803  233 6
-350.568  0.31405  242 6
13.768  0.168639  338 6
10.56  0.206522  368 4
157.648  0.415929  452 4
-341.624  0.248255  2006 6
126.904  0.356734  1396 4
-384.872  0.278873  355 6
19.56  0.1875  176 4
54.216  0.245798  476 6
-134.872  0.2  275 6
290.128  0.0707547  212 4
14.032  0.225352  284 6
-219.88  0.28  400 4
19.8  0.187215  219 6
70.056  0.350054  1854 6
165.056  0.188517  1045 4
65.248  0.322456  1808 6
24.592  0.277487  191 6
-62.088  0.228111  868 4
-284.808  0.19774  177 6
57.936  0.358209  1206 6
-198.328  0.255153  6161 4
6.216  0.23756  623 4
14.696  0.236434  516 4
-289.56  0.25  296 6
-290.656  0.214286  266 4
59.976  0.364078  618 4
12  0.177632  152 4
14.608  0.190476  189 4
14.56  0.232323  198 4
5.44  0.242451  1126 6
14.664  0.165138  327 4
-202.936  0.143836  438 6
273.936  0.256437  2913 6
-345.616  0.231412  1197 6
252.84  0.237288  177 4
81.688  0.386681  931 4
9.4  0.256113  1554 4
69.048  0.344828  1566 4
72.72  0.35757  1004 6
-259.72  0.254425  904 4
68.936  0.392009  926 6
200.688  0.238185  1587 4
13.752  0.282609  506 6
76.704  0.37487  963 6
217.872  0.219853  1501 6
60.504  0.221698  212 4
79.936  0.387578  805 4
-256.064  0.238819  1185 6
89.096  0.389525  611 6
-302.304  0.341394  1406 4
-3.408  0.217703  418 4
1.4  0.241463  820 6
62.864  0.366176  1360 4
220.608  0.269514  679 4
-201.896  0.164634  164 4
247.376  0.216617  337 4
