16.828  0.301676  179 4
288.436  0.258621  232 6
284.814  0.38422  583 6
-175.907  0.205496  837 6
252.703  0.25  1372 6
10.376  0.235294  255 4
76.437  0.0615385  195 4
-243  0.196078  153 4
12.829  0.269461  835 4
52.265  0.330074  2148 6
-1.656  0.260514  3543 4
12.907  0.220624  417 6
210.375  0.35422  782 4
120.029  0.222222  630 4
6.719  0.277983  1626 6
22  0.15  140 6
7.249  0.289625  694 6
13.033  0.288194  288 4
69.218  0.412322  422 6
279.093  0.288288  222 4
-102.874  0.214286  252 4
14.532  0.165  200 6
-376.467  0.222374  733 6
83.657  0.398148  756 4
165.096  0.306452  248 6
19.172  0.268868  212 4
7.43  0.251887  3974 6
8.624  0.247863  1989 6
-63.735  0.251997  1377 6
142.75  0.248848  217 4
168.609  0.178808  302 6
61.843  0.408186  904 4
-89.798  0.260335  2032 4
279.001  0.231325  415 4
15.844  0.30531  226 6
-263.937  0.240093  429 6
-44.187  0.446556  421 6
-205.124  0.270161  496 6
-221.016  0.230132  604 4
54.093  0.346441  2009 4
110.438  0.266103  947 4
70.781  0.389234  483 4
104.062  0.239713  1531 4
-139.28  0.232639  288 6
67.796  0.336892  1686 4
15.031  0.159574  188 4
7.298  0.261518  3820 4
78.438  0.407457  751 6
65.015  0.327869  976 6
9.936  0.25413  5871 4
15.407  0.25098  510 4
53.22  0.365971  1869 6
9.391  0.234059  1333 4
61.155  0.345345  1998 4
272  0.15625  128 4
84.312  0.197452  157 6
15.78  0.22334  497 6
66.796  0.372684  1457 6
-201.281  0.384115  768 4
66.14  0.334416  308 6
11.655  0.264095  337 4
29.75  0.237931  290 6
10  0.21875  160 4
58.516  0.402857  700 6
72.251  0.38  1000 4
69.141  0.33849  1616 4
59.062  0  16383 4
16.625  0.263158  209 6
192.845  0.24239  887 4
113.967  0.239241  790 6
-125.407  0.240122  987 4
74.142  0.262532  1935 6
224.625  0.0625  96 6
13.282  0.271293  317 4
-189.281  0.262829  5593 6
64.048  0.327801  241 6
93.812  0.25  2744 4
100.858  0.379518  332 4
11.81  0.211765  170 6
-347.813  0.194215  484 4
190.78  0.397394  307 6
16.687  0.201258  159 4
295.248  0.433404  473 6
230.969  0.216802  369 6
290.438  0.243455  382 6
48.953  0.34565  2977 6
237.72  0.249851  1673 4
70.751  0.374332  935 6
51.139  0.335287  3925 6
-350.829  0.23569  594 4
11.97  0.261614  1227 4
8.743  0.251792  4742 4
289.937  0.257436  975 4
162.188  0.318255  2498 4
-356.252  0.308108  185 6
-2.937  0.183908  261 4
28.344  0.240541  370 4
47.219  0.259227  1138 4
296.25  0.192308  286 6
10.407  0.258342  929 4
-182.188  0  16383 4
-211.434  0.253275  229 4
57.673  0.331135  2881 4
73.454  0.344578  415 6
14.546  0.204152  289 6
-223.126  0.222222  207 4
-199.468  0.223164  708 4
311.122  0.290503  179 6
14.485  0.208333  456 4
117.438  0.256349  1260 4
54.189  0.343407  2184 4
9.936  0.245791  297 4
15.686  0.329114  158 4
56.827  0.360879  1912 4
112.561  0.39924  263 6
68.967  0.362621  1343 4
10.501  0.253968  1260 4
186.358  0.182979  235 6
125.656  0.271523  604 4
15.265  0.219585  337 4
-114.555  0.253358  3797 4
-298.878  0.296  250 4
142.372  0.14  150 4
48.749  0.263087  745 4
1.281  0.232112  573 6
-24.719  0.342007  269 6
-295.905  0.237846  2098 6
15.28  0.285393  445 4
64.719  0.369139  1173 6
-1.423  0.259966  2935 6
63.345  0.278539  1533 4
5.736  0  16383 6
-248.156  0.292359  301 6
-231.344  0.268156  537 6
-247.687  0.275184  814 4
67.874  0.397163  282 4
9.516  0.254362  1089 6
-386.969  0.12093  215 6
256.97  0.256684  187 6
64.593  0.408721  1353 6
16.47  0.263959  197 4
71.407  0.316602  518 6
58.875  0.361638  1001 4
268.968  0.207459  858 6
-92.188  0.234501  371 4
106.032  0.276037  1181 6
-4.875  0.271372  1006 4
-293.125  0.346617  6725 4
19.687  0.246914  486 6
180.235  0.251656  3775 4
54.656  0.282609  184 4
-189.094  0.266667  210 6
12.313  0.277992  259 4
-280.249  0.264851  404 6
-171.533  0.268222  343 6
-239.625  0.309375  320 6
-51.75  0.200448  893 6
50.671  0.341777  2487 6
-361.563  0.290566  265 4
-152.061  0.260707  1868 4
-183.093  0.279584  769 6
63.235  0.246253  467 6
57.109  0.363814  2559 6
74.109  0.344064  994 4
-342.25  0.236453  203 4
148.251  0.2375  160 4
15.562  0.296443  253 6
99.843  0.317857  280 6
9.969  0.246353  617 6
-271.687  0.184669  287 6
86.623  0.314394  264 4
-252.593  0.259721  1363 6
214.705  0.251864  3621 6
118.767  0.38835  309 6
61.296  0.359429  2031 6
9.688  0.269683  1702 6
-114.812  0.203209  187 4
122.453  0.379501  722 4
201.844  0.37732  970 6
-159.999  0.256198  363 4
70.219  0.376437  1044 6
65.422  0.334603  1575 4
263.564  0.292453  212 6
58.783  0.377778  1485 4
160.124  0.226883  1049 4
-1.407  0.261727  2686 4
10.672  0.218382  1360 4
11.533  0.256466  464 6
-92.124  0.192612  379 4
16.187  0.251232  203 4
-59.061  0.143713  167 4
56.469  0.344275  1310 4
67.625  0.203463  231 6
-328.281  0.194175  206 6
-303.437  0.240826  436 4
87.719  0.399038  416 6
-390.969  0.232068  237 6
63.891  0.358407  1582 4
-118.874  0.284153  366 6
52.392  0.369309  2965 4
61.609  0.375844  1333 6
180.499  0.235178  506 6
65.061  0.384853  647 6
306.766  0.374663  1113 6
7.814  0.227147  361 4
195.5  0.25082  610 4
10.126  0.268174  1238 4
19.408  0.338308  201 6
2.596  0.311644  292 4
12.061  0.239482  309 4
-91.907  0.26589  944 4
157.671  0.222222  450 6
-29.312  0.280612  196 6
-269.596  0.268344  477 6
-33.03  0.291925  322 6
83.266  0.41206  597 6
52.405  0.377768  2393 4
161.499  0.323362  702 4
64.344  0.309278  291 6
68.594  0.324946  1391 6
147.718  0.382653  588 4
-281.625  0.230263  304 6
208.077  0.358871  992 6
13.594  0.152284  197 4
-387.092  0.255265  1187 6
-3.422  0.248463  1952 4
-115.156  0.182186  247 4
144.999  0.375189  661 6
-303.359  0.263393  672 6
68.689  0.34143  1482 4
60.952  0.370213  1880 4
53.814  0.364696  2402 4
53.468  0.337576  1964 4
54.515  0.231629  626 4
173.844  0.232877  730 6
170.892  0.352941  1598 6
241.5  0.252874  348 4
14.389  0.252951  11777 6
121.202  0.353106  1787 4
10.796  0.234314  1020 4
4.343  0.234516  1889 6
13.251  0.130178  169 4
67.687  0.421687  415 6
-383.266  0.24  1200 4
-389.686  0.301887  159 4
11.251  0.268775  253 6
6.876  0.278721  1001 4
-266.718  0.283019  265 4
36.75  0.174359  195 4
-31.874  0.242424  231 6
12.516  0.249027  257 6
52.564  0.381557  1182 6
-203.873  0.185102  443 6
112.235  0.284483  464 6
14.032  0.309463  391 4
8.984  0.260593  944 6
15.641  0.38255  298 6
8.406  0.231209  1224 4
-52.374  0.252392  836 6
-242.938  0.244813  964 4
-161.999  0.208333  168 6
57.999  0.373984  1599 4
86.687  0.393805  452 4
226.845  0.372896  1129 4
12.531  0.245283  371 6
71.188  0.389344  244 6
9.593  0.23504  1387 6
60.296  0.366708  1598 4
68.267  0.313507  1614 4
82.624  0.329582  622 4
12.437  0.232394  994 4
119.749  0.185366  205 6
16.25  0.229236  301 4
7.655  0.261702  940 6
-320.087  0.257587  11895 6
16.314  0.328638  213 6
-61.998  0.245902  488 4
55.091  0.378197  1486 6
-351.812  0.295455  440 4
-211.47  0.241979  748 4
-138.594  0.164474  152 6
12.719  0.226006  323 4
135.563  0.129555  247 4
163.875  0.346582  629 6
9.938  0.266865  1008 6
11.407  0.252381  210 6
-232.687  0.328467  274 6
-46.672  0.368421  190 6
246.045  0.361413  1472 6
-244.907  0.1875  512 4
220.326  0.242573  2861 6
-9.03  0.253521  142 4
227.842  0.215385  390 6
16.422  0.272727  352 4
-80.594  0.247514  1810 6
-30.673  0.262571  4037 4
15.125  0.117391  230 6
-395.625  0.203463  231 6
-218.204  0.351351  296 6
12.938  0.232472  542 6
243.624  0.239837  246 4
-168.641  0.246094  768 6
63.438  0.370685  1883 6
12.717  0.138756  209 6
-244.532  0.236559  465 6
12.157  0.252577  582 6
-119.047  0.251189  1051 4
12.187  0.290476  210 4
-207.343  0.283019  424 4
-140.592  0.258856  367 6
1.469  0.294304  316 4
13.281  0.223529  255 4
50.781  0.146067  178 6
-27.578  0.224576  236 4
17.249  0.262542  598 4
-118.905  0.274316  1316 4
-299.094  0.272953  403 4
57.002  0.389946  2049 4
-277.47  0.320034  2331 4
-18.47  0.290909  550 6
17.984  0.230337  178 6
61.72  0.354765  871 4
4.374  0.282586  2923 6
-120.688  0.247934  242 4
122.751  0.180077  261 6
116.687  0.260613  848 4
56.798  0.344156  2310 6
12.031  0.309133  427 6
1.532  0.224586  423 6
-252.952  0.224211  1173 6
10.466  0.203008  532 4
12.516  0.25575  1087 4
52.055  0.353633  3399 6
-141.235  0.26105  1923 4
-32.311  0.224138  928 4
61.452  0.352366  1944 6
46.251  0.237179  468 6
62.532  0.401284  623 6
55.845  0.395041  1210 4
69.374  0.379661  590 4
86.077  0.238889  360 4
15.624  0.281046  153 6
13.845  0.245614  399 6
-79.812  0.218362  403 6
129.969  0.368056  576 6
9.938  0.167832  143 4
-231.968  0.234824  626 4
-8.655  0.19457  663 6
-255.249  0.23871  155 6
208.063  0.299517  207 6
9.125  0.223005  426 6
-15.437  0.210667  375 6
6.671  0.246493  4848 6
-104.875  0.307292  384 4
183.533  0.258557  2162 4
180.315  0.344156  154 4
66.703  0.349544  329 4
-313.253  0.25641  1404 4
78.828  0.465517  696 6
68.751  0.374051  1449 6
-267.75  0.238372  1032 6
11  0.241667  240 6
212.515  0.24051  3846 6
-175.251  0.245763  1180 4
-245.781  0.251282  390 4
68.342  0.351145  655 4
-331.219  0.245199  677 6
-115.158  0.279321  648 4
12.889  0.241632  956 4
11.874  0.248544  515 6
59.814  0.349837  1535 4
59.874  0.374867  1878 4
-354.625  0.236607  224 6
8.82  0.254102  6643 4
220.767  0.226624  631 6
-353.485  0.220149  268 4
-350.999  0.219381  743 6
62.469  0.353266  2174 6
174.657  0.378355  1155 4
9.688  0.20603  199 4
59.139  0.344437  1411 6
-113.687  0.292254  568 4
58.656  0.388535  471 6
59.14  0.345355  1830 6
75.44  0.270642  218 6
70.813  0.400463  432 4
54.978  0.340951  3282 4
17  0.141304  184 4
59.984  0.326836  2873 6
92.373  0.167308  520 4
58.064  0.348432  287 4
204.844  0.338279  337 6
110.155  0.443787  338 4
29.031  0.26773  564 4
13.657  0.233645  535 6
306.36  0.227658  1063 6
13.767  0.235088  285 4
190.686  0.375887  282 4
9.312  0.270559  7211 6
-128.688  0.206897  203 4
-27.14  0.254902  306 6
-394.845  0.251497  167 6
181.781  0.251608  1399 4
57.376  0.400681  881 4
67.874  0.358063  1631 6
-263.142  0.250132  1887 4
293.688  0.407463  670 6
310.969  0.22449  294 6
174.47  0.282969  1509 4
216.375  0.252549  1275 6
292.672  0.354198  655 4
13.282  0.234496  516 4
-145.126  0.240725  1213 6
-229.312  0.244681  376 4
-76.594  0.265939  1741 4
135.641  0.3397  733 6
17.094  0.236145  415 6
12.811  0.249201  313 6
12.968  0.191388  209 4
166.657  0.421965  865 4
-21.873  0.370558  197 4
-21.969  0.246339  1161 4
-384.718  0.263784  925 4
56.906  0.346538  2802 6
71.53  0.354922  772 6
55.171  0.324864  2204 4
257.656  0.366545  1094 6
-243.235  0.256085  4026 4
13.939  0.223077  130 6
-156.563  0.196491  285 6
-42.002  0.29156  391 4
59.283  0.336745  1954 4
62.03  0.37247  247 4
69.938  0.38595  1153 6
54.044  0.335907  1813 4
14.657  0.266854  356 4
268.376  0.447368  228 6
68.704  0.338643  1444 4
68.827  0.401575  508 6
-100.125  0.18241  307 6
-22.967  0.233154  742 4
16.906  0.280255  314 4
279.155  0.197802  182 4
20.376  0.265  200 6
223.782  0.186798  712 4
-177.438  0.307692  208 6
50.031  0.324487  3316 6
80.141  0.24475  1381 4
-327.845  0.229685  1206 6
-46.626  0.112782  133 4
316.969  0.195991  449 4
218.968  0.132353  204 6
9.437  0.247963  1718 4
-211.22  0.235135  740 4
-1.469  0.230583  412 4
270.781  0.220588  272 6
62.094  0.347044  1167 4
63.155  0.414044  413 4
51.828  0.336823  2197 4
-310.86  0.258712  947 4
61.906  0.342549  2134 4
54.374  0.371029  1574 4
-69.718  0.293381  559 6
18.905  0.21875  192 4
0.093  0  16383 6
-284.109  0.262376  606 4
14.249  0.369128  149 4
16.813  0.193764  449 4
11  0.232941  425 4
165.72  0.388506  435 6
-201.235  0.258961  1116 4
246.595  0.177419  186 4
11.718  0.236934  287 6
139.813  0.253226  1240 6
60.328  0.342442  1171 6
57.281  0.360424  1981 6
55.313  0.371274  738 6
58.672  0.398561  695 4
-91.203  0.202077  1059 6
-107.952  0.195  200 4
25.655  0.25  460 4
-297.313  0.22841  1239 4
57.141  0.369877  1952 4
17.531  0.231544  596 4
13.375  0.277778  162 4
18.938  0.231959  194 4
8.469  0.25576  434 4
-217.062  0.220238  168 6
72.218  0.369949  792 6
60.109  0.349947  1886 6
59.298  0.39823  1017 6
59.795  0.342161  2832 6
31.218  0.344096  2168 4
58.343  0.410656  1539 4
13.423  0.17757  321 6
88  0.316364  275 6
14.031  0.301961  510 4
243.282  0.277228  202 6
57.781  0.4  430 6
60.703  0.348881  2101 4
66.532  0.372521  1412 4
138.187  0.27121  1438 6
171.548  0.255185  1109 6
80.889  0.257342  1294 4
-81.376  0.242775  173 4
102.516  0.227273  1342 6
56.686  0.212963  216 6
-115.577  0.234421  337 4
-300.938  0.220833  240 6
75.689  0.105263  133 4
195.344  0.246445  211 6
290.688  0.192691  301 4
77.187  0.410468  726 4
9.812  0.332288  319 4
-162.625  0.349727  183 6
-159.344  0.259459  370 4
13.343  0.262582  457 6
58.969  0.377502  1049 4
-34.157  0.213303  872 4
92.81  0.410641  733 4
17.359  0.210191  157 6
14.782  0.122549  204 6
143.127  0.200696  862 4
-272.814  0.27572  243 6
-380.969  0.189409  491 4
29.752  0.259398  532 4
-124.375  0.264286  280 4
24.969  0.217778  225 4
58.187  0.375135  925 4
75.047  0.442922  219 4
12.641  0.245019  2861 4
90.281  0.298246  456 6
-51.127  0.272382  1318 4
121.173  0.258247  1940 6
12.109  0.216814  452 6
14.217  0.277108  249 4
10.36  0.247018  1425 6
13.578  0.229645  479 6
78.875  0.360104  772 6
157.374  0.287879  198 6
71.188  0.378453  1086 6
284.547  0.350801  1374 4
74.998  0.335135  370 4
12.844  0.18  200 4
15.376  0.0848485  165 4
11.437  0.187013  385 4
57.812  0.359712  2502 4
14.813  0.190265  226 4
14.485  0.345395  304 6
56.907  0.349551  2117 4
-11.436  0.329843  382 6
15.609  0.233333  240 4
9.25  0.301075  372 6
7.938  0.267808  5784 4
-223.609  0.295129  349 4
56.187  0.343641  2878 4
13.688  0.348993  447 4
0.407  0.257975  721 4
15.828  0.199052  211 6
2.376  0.25939  4526 4
15.375  0.138756  418 6
-162.093  0.215569  334 6
-147.813  0.23913  506 6
12.532  0.22977  1001 4
53.611  0.321477  2980 6
33.986  0.246782  1787 4
13.47  0.225806  837 4
7.719  0.256371  5180 6
126.281  0.338873  2166 4
12  0.242902  317 4
-198.673  0.218521  1501 4
-22.265  0.222962  1202 4
207.47  0.372315  419 6
206.875  0.253825  1111 4
-309.671  0.145946  185 6
-299.001  0.261044  498 4
8.486  0.257066  2972 6
-357.609  0.249409  2538 6
306.719  0.280576  417 4
141.158  0.279167  240 4
45.843  0.348743  4694 6
64.156  0.426426  333 6
11.578  0.310417  480 6
-298.25  0.274854  855 6
89.125  0.420952  525 4
80.64  0.33871  248 6
-136.248  0.190601  383 4
-218.906  0.256917  253 4
-4.002  0.203757  692 6
199.235  0.244726  474 4
54.5  0.350333  3000 6
94.564  0.458445  373 4
13.938  0.290672  461 6
-16.204  0.250323  1546 6
63.171  0.255906  254 6
11.295  0.25187  1604 6
16.156  0.301282  312 4
82.939  0.443203  537 4
-387.311  0.268631  577 4
-381.751  0.23623  817 4
-277.236  0.190197  16383 4
-261.891  0.241256  1115 6
94.812  0.388704  301 6
-148.312  0.226923  260 6
-17.751  0.175439  171 6
11.532  0.244373  311 4
-223  0.225806  279 4
114.438  0.195745  235 6
52.188  0.325874  3888 4
-43.657  0.208649  1318 4
55.766  0.333333  3258 6
10.062  0.27069  580 6
66.171  0.395683  695 6
-97.75  0.257244  1415 4
15.093  0.28655  342 6
-352.446  0.258845  6077 4
228.327  0.262528  1756 4
17.625  0.28281  541 4
51.283  0.334489  4039 4
-338  0.388941  1067 4
10.184  0.326316  380 6
73.75  0.282051  234 6
12.061  0.269022  368 4
73.671  0.326061  825 4
-141.282  0.126582  158 4
-5.328  0.269663  534 4
57.624  0.230088  226 6
-314.358  0.300353  283 4
62.313  0.375  384 6
55.102  0.345889  3053 4
-276.108  0.251926  1298 6
184.532  0.321289  2823 6
-11.719  0.243492  1959 4
293.313  0.376238  202 6
78.515  0.351288  427 4
-294.75  0.234375  384 4
-226.594  0.234349  3051 6
104.008  0.256653  3795 4
17.64  0.320346  231 4
187.687  0.402429  1235 6
15.593  0.207373  217 4
64.64  0.416822  535 6
143.938  0.366954  1507 4
55.594  0.347881  2360 6
235.984  0.222524  737 4
63.906  0.355067  1273 4
14.328  0.2827  474 6
52.125  0.371581  1316 4
259.468  0.255839  1841 4
11.564  0.232796  683 6
-178.384  0.244269  3926 4
65.843  0.424779  226 6
-128.064  0.246402  2293 6
16.125  0.111842  152 4
10.143  0.205269  911 6
24.641  0.340102  197 4
14.204  0.257353  272 4
44.47  0.242021  376 4
58.126  0.326769  2996 4
-347.218  0.235805  1497 4
256.014  0.320919  1611 6
-383.313  0.289583  480 4
-57.375  0.251462  171 6
1.281  0.337176  347 4
17.609  0.184982  546 4
-50.345  0.263566  1032 6
185.968  0.376068  1053 6
288.985  0.232743  1130 6
117.75  0.276786  784 4
13.624  0.25171  731 4
167.626  0.219048  420 4
113.798  0.230684  3598 4
200.656  0.361974  1094 4
-376.078  0.212817  827 4
101.908  0.373239  284 6
-294.252  0.159509  163 4
194.784  0.24127  630 4
14.844  0.198606  287 4
18.53  0.223464  179 6
88.968  0.418182  605 4
173.064  0.259259  486 6
12.314  0.245059  253 6
58.702  0.359288  2864 4
-26.328  0.229931  1009 6
-221.468  0.192982  171 4
-246.124  0.207317  164 4
313.28  0.246279  739 4
-109.328  0.234542  469 6
294.532  0.373272  434 6
10.812  0.184539  401 6
-386.688  0.307692  208 6
11.25  0.313953  172 4
-361.78  0.281553  206 6
210.376  0.418391  435 6
142.312  0.28103  427 4
11.876  0.252346  959 6
200.844  0.215  200 4
11.64  0.2  770 6
79.344  0.375118  1061 6
22  0.276042  192 4
52.314  0.329019  2936 6
13.56  0.282383  386 6
10.874  0.292169  332 6
-294.748  0.23639  698 6
248.5  0.320197  203 4
-284.312  0.253487  1649 6
-125.876  0.263291  395 4
71.094  0.396226  795 6
12.248  0.113122  221 4
13.16  0.234927  481 6
68.312  0.408408  333 4
6.5  0.251441  4164 6
77.984  0.244912  1425 6
172.124  0.184713  314 6
12.75  0.210256  195 4
14.578  0.255361  513 4
70.734  0.372483  894 6
103.25  0.352423  227 6
-284.596  0.227723  505 6
69.658  0.415948  464 4
13.016  0.147679  237 6
-13.32  0.249742  4837 6
12.764  0.290715  1314 4
68.514  0.379817  545 6
239.186  0.201245  482 4
12.498  0.193939  495 6
74.078  0.135266  207 6
-11.812  0.249201  1565 6
13.78  0.299065  428 6
71.264  0.355291  1427 6
-317.328  0.134021  194 6
301.688  0.310559  322 4
54.062  0.351205  1660 6
134.656  0.247542  1119 4
284.03  0.222756  624 4
61.452  0.341597  2380 6
108.874  0.210909  275 4
52.112  0.380991  2483 6
152.158  0.370629  572 4
14.53  0.125899  278 6
11.406  0.238824  850 6
-279.376  0.271567  1959 6
61.626  0.460784  204 4
-131.75  0.108108  148 4
23.704  0.1875  160 6
214.252  0.389423  416 6
54.468  0.3607  2229 4
54.156  0.349277  2906 4
61.298  0.349698  1324 6
13.344  0.250896  558 4
14.344  0.189904  416 4
-99.296  0.285106  235 4
-184.156  0.203488  344 6
-323.626  0.259905  631 6
70.532  0.353024  1422 4
-273  0.199446  361 6
15.328  0.230216  278 4
69.076  0.357143  868 4
9.94  0.241556  977 4
-195.406  0.243902  410 4
79.186  0.37554  695 6
78.844  0.361963  652 6
-145.25  0.269873  1497 6
-11.436  0.166667  174 6
-157.656  0.125506  247 4
57.936  0.357516  1723 6
292.126  0.34296  277 6
74.388  0.44856  243 4
-5.718  0.222222  243 6
177.264  0.257511  932 6
-4.972  0.267081  644 6
-56.906  0.270725  772 6
-251.406  0.268987  948 4
13.92  0.24126  2031 4
-393.57  0.245304  3567 6
58.374  0.368471  2106 4
241.86  0.410151  729 6
9.768  0.235897  2535 6
153.562  0.398463  911 4
-227.56  0.267442  258 6
-7.596  0.231061  792 4
65.592  0.220049  409 6
17.75  0.16185  173 6
11.906  0.189922  258 6
-189.11  0.229566  1407 4
-241.628  0.266094  233 6
90.656  0.431579  570 6
273.688  0.263514  148 4
-350.546  0.277674  533 6
9.204  0.249279  3466 4
7.874  0.252683  4472 4
182.28  0.247604  626 6
-205.064  0.264606  5597 6
18.328  0.223529  170 6
282.126  0.260194  515 4
-46.75  0.259259  243 4
44.66  0.192982  627 4
222.06  0.271715  449 4
-319.718  0.238095  1365 6
81.264  0.198492  398 4
14.422  0.226087  460 4
14.484  0.225806  465 4
10.312  0.188377  499 4
60.564  0.357759  464 6
126.812  0.106599  197 4
9.93  0.246456  3315 6
169.952  0.371266  703 6
74.86  0.324747  1087 4
121.686  0.244141  512 6
37.044  0.232441  1794 4
-0.422  0.262099  14071 4
-68.596  0.19337  181 6
70.046  0.33908  870 6
-391  0.239316  351 6
122.58  0.241169  821 6
17.718  0.163043  184 4
58.328  0.307155  573 6
-212.312  0.265537  177 6
16.908  0.352751  309 4
73.844  0.37659  393 6
-303.498  0.190311  289 6
91.86  0.256941  3530 4
290.684  0.278846  208 4
-182.218  0.224576  472 6
10.126  0.218543  151 4
271.748  0.363273  1002 6
-382.078  0.243407  2313 4
10.828  0.240602  1729 6
218.968  0.246787  389 4
177.404  0.258986  1085 6
70.672  0.35514  642 6
13.906  0.251437  696 4
12.718  0.248837  430 4
53.576  0.276493  3114 4
-148.812  0.234401  593 4
209.374  0.180851  188 6
-233.748  0.347682  302 6
-2.592  0.239529  764 4
58.608  0.380684  2485 6
67.938  0.38893  1355 6
-251.078  0.234568  324 6
-53.062  0.280236  339 6
10.5  0.258567  642 6
6.312  0.244565  2024 4
-278.56  0.197368  152 6
226.376  0.302013  298 4
295.734  0.247267  3385 6
76.03  0.381368  687 4
7.624  0.264087  1189 4
303.564  0.24344  1372 6
223.736  0.242842  943 4
53.344  0.389565  1150 4
150.47  0.37037  189 6
12.97  0.251756  854 4
59.78  0.389008  1401 4
-388.488  0.247473  2473 4
12.656  0.193858  521 4
55.468  0.334827  3124 6
30.168  0.182456  285 4
78.686  0.372671  483 6
16.11  0.12844  218 4
-117.328  0.227176  471 4
275.748  0.350467  214 4
15.796  0.244635  233 6
5.874  0.234375  384 4
-393.064  0.191358  162 4
-312.534  0.270479  647 6
60.032  0.383492  1781 6
15.796  0.245399  326 6
64.046  0.264228  492 6
-305.47  0.233766  1232 6
90.872  0.342679  321 4
120.642  0.278539  219 6
72.078  0.317919  865 4
8.718  0.261738  1853 4
92.658  0.37732  485 6
55.342  0.37587  862 6
11.908  0.260776  464 4
-66.8  0.244125  2085 6
11.346  0.259036  332 6
55.922  0.366227  1895 4
14.424  0.258312  391 6
14.704  0.264398  382 4
15.876  0.211429  175 4
224.28  0.42571  599 6
296.03  0.253222  2871 4
8.078  0.24961  1923 4
-258.654  0.239736  1364 6
11.11  0.24103  1282 4
-193.562  0.0625  128 6
-86.656  0.161905  420 4
-96.594  0.229437  231 4
58.766  0.36201  2627 4
-259.75  0.241935  1240 4
-350.814  0.135294  170 4
-5.048  0.278206  1427 4
59.672  0.340416  2212 6
-293.14  0.258551  1988 6
94.656  0.186869  198 6
167.784  0.231244  973 4
13.388  0.256358  983 6
-197.75  0.158974  195 6
68.468  0.332862  1415 6
-104.21  0.233123  2222 6
51.374  0.346835  2765 4
-367.312  0.23743  358 4
12.372  0.259036  166 6
130.686  0.354883  727 6
-21.502  0.201342  149 6
-84.25  0.214583  480 4
24.688  0.183333  180 6
10.064  0.320513  390 6
5.25  0.253125  640 4
57.626  0.368404  3051 4
61.468  0.357436  1217 6
15.546  0.213992  243 6
52.984  0.337838  2812 6
14.78  0.227941  272 4
24.282  0.196891  193 4
15.658  0.248031  254 4
60.782  0.258297  693 4
18.092  0.263889  144 4
77.376  0.355049  614 6
-162.688  0.26237  1536 6
-356.03  0.234168  679 4
-196.092  0.258839  1499 6
69  0.34068  1089 4
-32.062  0.279202  351 4
8.814  0.240385  416 4
-375.498  0.242227  2155 4
-356.032  0.236228  2015 6
56.58  0.374665  1492 6
119.002  0.23221  534 4
-65.124  0.158163  196 4
-71.968  0.265928  1805 6
176.688  0.353293  167 6
9.248  0.229902  1331 4
14.594  0.277657  461 4
183.436  0.402685  447 4
14.596  0.264957  351 6
12.312  0.244898  392 6
14.736  0.291829  257 6
8.156  0.239852  1084 6
-17.312  0.234234  444 6
-288.78  0.231834  289 6
12.344  0.245979  1057 4
-313.422  0.207207  666 4
11.844  0.251256  796 6
278.686  0.246459  706 4
-132.344  0.247014  1842 6
28.28  0.115789  190 4
53  0.325918  899 4
55.252  0.360782  1943 4
216.81  0.239264  163 6
-4.874  0.216968  719 6
9.796  0.255459  916 4
13.876  0.271715  449 4
52.064  0.362656  2319 4
16.376  0.291139  237 4
-202.376  0  94 6
14.906  0.101887  265 6
57.252  0.372174  1725 6
-196.75  0.257893  6398 6
216.344  0.359636  659 4
-128.062  0.257525  299 6
13.624  0.208054  447 6
11.454  0.270526  950 4
58.906  0.37931  812 6
-331.688  0.226351  888 4
62.062  0.3614  1057 6
9.436  0.248927  466 4
164.688  0.390335  807 6
-2.264  0.248598  1605 4
-0.048  0.25904  6941 4
32.562  0.193939  495 6
10.346  0.205714  350 4
48.908  0.189655  348 4
-56.564  0.299283  558 4
73.594  0.373984  861 6
-0.904  0.262304  12577 4
11.314  0.256545  191 6
132.468  0.262847  2199 6
244.78  0.385567  485 6
-222.452  0.263941  807 6
-2.688  0.189781  274 4
-259.564  0.242152  223 4
53.39  0.3683  1735 6
57.562  0.377436  975 4
10.662  0.23905  2991 4
75.092  0.314815  216 4
70.002  0.370682  1187 4
11.624  0.268562  633 6
-328.18  0.244674  3098 4
5.124  0.180736  16383 6
53.452  0.343474  3287 4
15.374  0.210145  414 4
4.922  0.255504  6904 4
12.876  0.292359  301 4
-250.628  0.240695  806 6
15.562  0.216066  361 4
87.468  0.254308  1683 4
192.782  0.315789  190 6
45.844  0.360825  2910 4
-288.564  0.166667  294 4
-224.126  0.241042  307 4
27.344  0.252886  953 6
235.154  0.285215  859 6
7.36  0.261261  8547 4
-263.812  0.197568  329 6
13.032  0.248876  667 6
57.454  0.356445  2149 6
270.376  0.370656  259 4
15.954  0.248344  302 4
12.186  0.222656  512 6
12.904  0.340081  247 4
-330.532  0.252504  1398 4
185.016  0.393333  900 4
19.438  0.216418  536 6
248.624  0.123529  170 4
190.344  0.243113  1452 4
10.406  0.274024  1332 4
51.498  0.226496  234 6
51.424  0.333425  3629 6
53.452  0.318711  3693 6
14.03  0.30491  387 6
75.216  0.330544  239 4
6.75  0.238095  252 4
13.032  0.270588  255 4
12.344  0.271084  332 6
69.454  0.38854  1274 4
30.42  0.268687  1980 4
263.75  0.24183  765 6
-292.032  0.142202  218 6
54.938  0.366861  1889 4
256.732  0.406048  463 6
159.624  0.31291  457 4
224.312  0.276483  944 6
58.36  0.346691  2221 4
166.812  0.0821918  146 4
53.062  0.344896  3517 4
129.796  0.45614  285 6
-125.096  0.22807  285 6
-90.908  0.229228  1348 6
-386.874  0.246063  508 4
76.984  0.477341  331 4
17.08  0.217054  258 4
157.204  0.375  928 4
-229.78  0.230855  901 6
53.874  0.354188  2925 6
64.216  0.0176991  113 6
90.688  0.255396  278 6
11.252  0.2125  160 6
68.704  0.354185  1135 6
-386.064  0.278912  441 4
71.204  0.41055  436 4
13.312  0.2  295 4
5.564  0.260965  456 6
61.094  0.357349  347 6
-127.968  0.289086  339 6
7.842  0.250959  1303 4
121.828  0.29682  283 6
6.624  0.219219  333 4
-371.984  0.269076  249 6
12.78  0.205534  253 4
16.064  0.246964  247 4
11.468  0.223022  417 6
-221.404  0.273438  256 4
63.688  0.404  250 4
218.656  0.4083  747 6
12.376  0.218182  275 6
86.342  0.377962  844 4
-292.236  0.164179  603 6
70.86  0.340584  1609 6
160.64  0.394456  469 6
73.404  0.343554  1598 6
13.688  0.195876  485 4
75.376  0.354331  762 6
-367.028  0.253763  930 6
289.468  0.245361  485 4
-290.562  0.242063  252 6
54.75  0.286275  255 4
58.282  0.34902  1785 6
11.626  0.263975  966 4
-0.658  0.275463  432 4
53.22  0.374707  2135 4
13.436  0.280405  296 4
12.312  0.221519  474 6
-384.718  0.313131  198 4
133.204  0.332649  487 6
-49.356  0.110687  262 6
14.968  0.162162  296 6
123.954  0.355367  1770 6
10.748  0.0173913  115 6
2.922  0.254857  4324 4
12.626  0.244094  508 6
68.812  0.280864  324 6
-42.064  0.283333  600 6
12.61  0.264045  356 6
229.28  0.223262  748 6
303.5  0.257143  455 4
-236.156  0.255255  666 6
-393.968  0.253165  158 4
13.734  0.254818  467 4
-261.814  0.231481  648 6
11.812  0.267692  325 4
71.376  0.333333  474 4
-108  0.207547  159 6
-231.688  0.21564  844 4
13.126  0.233846  325 4
68.94  0.36971  449 4
67.516  0.450479  626 6
151.16  0.206687  658 6
113  0.284251  781 4
-6.032  0.258677  1844 6
72.906  0.339863  1021 6
61.188  0.358366  1811 6
53.36  0.343778  3319 6
-23.86  0.251828  4102 4
-384.624  0.235632  174 4
11.564  0.251163  1290 4
268.514  0.237113  194 4
8.812  0.249374  1199 4
-373.312  0.230988  1762 6
-297.094  0.239669  605 6
-245.298  0.249097  554 6
-395.608  0.273628  1312 4
-63.814  0.223485  264 4
56.016  0.383978  1086 6
36.812  0.219262  488 6
15.766  0.24186  215 6
213.828  0.370558  1379 4
-225.876  0.100592  169 6
68.97  0.383803  284 4
-289.716  0.253012  415 4
-340.908  0.251309  382 6
233.718  0.269231  416 4
-34.188  0.232742  507 4
80.406  0.359079  738 4
15.36  0.216783  286 4
7.968  0.2473  926 6
-269.672  0.239645  3042 4
59.562  0.359626  748 4
139.188  0.277045  379 6
-195.97  0.253097  565 6
11.454  0.279518  830 6
55.17  0.361129  1595 6
155.062  0.231481  216 4
52.812  0.324645  1266 4
-201.22  0.2633  1485 6
-346.064  0.265934  910 6
-341  0.282277  1247 4
2.688  0.256069  3831 4
61.06  0.373494  996 4
-249.484  0.264228  246 6
135.498  0.333333  225 6
-19.078  0.267416  445 4
-245.284  0.190171  468 6
14.234  0.247423  388 6
-100.858  0.234123  1055 6
56.748  0.357187  1621 6
35.08  0.2375  1040 4
10.874  0.242081  442 4
76.156  0.373665  843 6
299.516  0.270588  340 6
-1.782  0.248266  1442 4
-2.344  0.219231  260 6
-392.312  0.230769  962 4
152.936  0.216646  817 4
127.092  0.289234  1096 4
-374.812  0.248848  434 6
12.11  0.227451  510 6
-123.092  0.252006  623 4
1.22  0.245155  2064 6
15.22  0.201373  437 4
-236.562  0.229947  187 6
194.844  0.250627  1596 4
199.564  0.273438  384 4
-284.658  0.256549  3321 4
66.046  0.343254  504 4
15.282  0.164122  262 6
58.72  0.377604  768 6
-25.594  0.16568  169 4
178.936  0.276744  430 4
27.062  0.203488  172 6
-66.438  0.277778  540 4
-280.596  0.256966  323 6
64.438  0.353706  1538 6
18.264  0.377551  294 6
11  0.226721  247 6
-293.734  0.261584  3712 4
76.216  0.384738  629 4
-369.626  0.282828  198 4
173.42  0.238671  331 4
51.14  0.298193  332 6
147.628  0.201681  238 6
-330.908  0.244444  2475 6
13.814  0.214545  550 6
-347.312  0.166667  276 6
137.25  0.337607  234 6
48.594  0.344905  3572 6
242.532  0.370714  2158 4
14.128  0.283465  254 4
153.28  0.367491  849 6
68.734  0.355219  1782 6
58.108  0.35779  2317 4
-169.498  0.199234  261 4
46.53  0.345285  3542 6
80.16  0.26691  3016 6
317.514  0.267466  1918 4
60.234  0.341377  2528 6
10.25  0.239203  301 4
-285.752  0.159722  144 4
262.748  0.215686  306 6
-283.032  0.242204  962 6
9.376  0.252874  174 4
60.374  0.376774  1903 6
55.062  0.339136  3217 4
302.656  0.255736  1787 6
52.358  0.350211  2607 6
233.374  0.219672  305 4
-86.688  0.221726  672 4
70.234  0.338983  1298 6
-98.812  0.163551  214 4
57.688  0.367284  324 4
113.516  0.381703  317 6
-348.514  0.252193  456 6
220.814  0.356607  1332 4
10.904  0.268342  995 4
-232.216  0.255459  458 6
55.39  0.344424  2735 6
38.892  0.244813  1928 4
161.75  0.211957  368 4
14.376  0.216117  273 4
66.282  0.35629  1423 6
206.03  0.367748  1017 4
-250.718  0.230508  295 4
12.812  0.216887  604 6
15.28  0.134328  134 4
235.016  0.386034  759 6
61.736  0.363045  2154 4
-162.096  0.245831  1619 4
-171.078  0.215227  683 6
81.796  0.331522  368 6
81.44  0.388235  680 4
13.094  0.258065  217 6
229.75  0.253333  1650 6
35.218  0.196226  265 6
15.656  0.116129  155 4
17.672  0.143713  167 6
276.282  0.38041  878 4
-66  0.242938  177 4
9.252  0.223256  215 4
116.188  0.404494  267 4
57.936  0.345578  2069 4
137.47  0.359618  837 6
64.032  0.354545  1650 4
-9.97  0.285714  763 6
87.11  0.40885  565 6
19.094  0.231343  134 6
69.72  0.380102  1176 6
9.812  0.218679  878 6
207.316  0.284932  365 6
11.094  0.211382  1353 4
14.97  0.292398  513 6
12.58  0.280556  360 4
-350.624  0.243056  432 4
16.06  0.269231  260 6
22.968  0.225738  474 6
14.062  0.269504  423 6
58.936  0.353303  651 6
1.906  0.172638  307 4
13.782  0.211957  184 6
12  0.193846  325 6
34.312  0.22525  1101 4
58.284  0.359331  1795 6
-298.908  0.213296  361 6
50.968  0.223744  219 6
-237.562  0.286432  199 6
92.28  0.382609  460 4
-310.032  0.267157  1224 4
91.472  0.356265  407 6
-22.216  0.28341  434 4
-26  0.257313  1675 6
260.564  0.31087  460 4
271.876  0.221219  886 4
270.594  0.383516  1189 6
-9.596  0.228942  463 6
15.906  0.239544  263 4
-177.652  0.228718  975 6
14.032  0.177665  394 6
14.844  0.222841  359 4
-219.75  0.261663  493 4
167.08  0.210031  319 4
232.936  0.283721  215 6
94.752  0.214502  331 4
251.954  0.241755  3214 4
180.688  0.347458  708 6
-294.046  0.14876  242 6
14.312  0.20625  160 6
34.624  0.24  225 4
8.752  0.156146  301 6
-33.028  0.22542  417 4
-330.408  0.288248  451 4
-169.11  0.233418  784 6
-378.734  0.321905  2100 4
8.092  0.250243  3089 6
64.42  0.34678  1413 6
68.938  0.390476  1155 4
-81.422  0.253045  739 4
8.126  0.261572  1858 6
74.624  0.192982  285 6
-12.548  0.303571  448 4
109.592  0.393782  386 4
94.844  0.284884  172 4
-283  0.378205  156 4
72.314  0.278049  410 4
-222.046  0.243461  497 6
-125.284  0.294686  207 6
9.42  0.249556  2817 4
-282.232  0.254054  185 6
57.062  0.363636  616 6
53.094  0.359054  2242 6
-256.564  0.235294  629 6
56.358  0.346309  2723 4
68.376  0.389706  1360 4
9.608  0.250466  4831 6
13.376  0.253659  205 6
57.296  0.335299  2374 4
-369.376  0.190184  326 4
0.44  0.263001  673 4
-326.874  0.28  175 4
59.344  0.251265  593 6
7.44  0.277238  927 6
-273.61  0.253142  2228 4
14.328  0.278646  384 4
9.812  0.283828  303 6
120.094  0.382199  191 4
-66.704  0.264532  2030 4
56.156  0.353775  2821 4
73.658  0.330144  209 6
17.046  0.0203046  197 4
-200  0.184397  141 6
290.626  0.247672  1074 6
71.094  0.390564  763 4
5.718  0.209491  864 6
111.878  0.253378  888 4
-294.596  0.194485  689 4
15.31  0.209821  224 6
60.032  0.338824  425 6
59.718  0.423435  751 6
16.36  0.182243  214 4
-64.532  0.257956  597 4
235.564  0.150794  126 6
-388.438  0.242084  979 6
12.22  0.290429  303 4
312.736  0.261064  15410 4
-381.5  0.282723  191 6
50.672  0.346587  2842 4
85.812  0.285185  270 6
12.532  0.222904  489 4
59.798  0.355233  1309 4
0.424  0.259516  578 6
18.296  0.255  200 6
-18.502  0.187845  181 6
86.72  0.414021  756 4
13.704  0.203125  256 4
14.47  0.210702  299 4
17.438  0.218241  307 4
235.344  0.219547  706 6
11.422  0.260083  719 4
67.592  0.26727  1216 6
56.688  0.355169  1954 6
13.126  0.346899  516 4
-77.33  0.270617  1637 4
130.124  0.2585  5265 4
14.5  0.139535  172 4
-177.97  0.187135  171 6
-189.86  0.259375  1920 4
53.328  0.348079  1718 6
157.92  0.384021  388 4
14.004  0.185022  454 6
8.032  0.262011  1790 6
-210.472  0.291618  1718 6
12.984  0.25035  715 4
-264.688  0.370253  316 4
314.656  0.341837  1176 4
15.844  0.2529  431 4
5.592  0.230556  360 4
125.844  0.248082  391 4
110.484  0.23652  1391 4
-253.936  0.244472  2397 6
-251.828  0.242452  3312 4
68.624  0.344066  1087 4
64.628  0.350192  1819 4
152.5  0.385309  776 6
89.248  0.348684  304 6
52.392  0.353571  1400 4
87.564  0.359396  729 4
13.812  0.369427  157 4
105.408  0.301653  1210 4
-214.576  0.282828  198 6
-94.28  0.15528  161 6
-151.252  0.307692  221 6
75.86  0.370455  880 6
65.92  0.382175  662 4
56.748  0.418433  1085 4
-3.844  0.254545  2695 6
132.5  0.241935  248 6
239.216  0.0969697  330 6
14.608  0.245  400 4
68.892  0.408618  1346 6
74.8  0.412698  504 4
9.372  0.233266  1479 6
-145.672  0.241042  1842 4
220.844  0.375  312 6
74.84  0.367314  618 4
-353.748  0.253079  1624 6
-88.216  0.24124  1484 6
-155.64  0.232264  1184 6
158.336  0.251539  7311 6
12.596  0.283721  215 6
12.28  0.255663  309 6
71.388  0.392727  550 6
198.188  0.352778  360 4
-73.404  0.339576  2029 6
37.452  0.290323  217 6
12.78  0.219917  241 6
81.736  0.379348  920 6
12.816  0.195035  282 6
6.528  0.256509  1037 6
-188.36  0.239093  1765 4
8.5  0.154639  194 4
-36.516  0.29233  691 4
6.064  0.234171  995 6
12.872  0.0958904  146 4
-132.936  0.274038  208 4
59.076  0.380991  1231 6
13.768  0.211236  445 6
-131.532  0.284211  475 6
13.908  0.282443  262 6
59.252  0.35689  2264 6
266.128  0.263203  2348 4
96.552  0.23688  1372 6
13.092  0.166667  198 4
-381.78  0.244154  1454 4
9.72  0.246212  528 6
-98.976  0.243151  584 6
8.124  0.238605  2523 4
140.188  0.376564  879 6
15.012  0.289773  352 6
61.5  0.25486  6121 4
-273.408  0.188889  630 6
-379.528  0.258987  11572 4
-18.5  0.986694  16383 6
11.22  0.262658  3476 4
52.908  0.328919  2794 4
15.596  0.234177  158 4
50.996  0.336204  3251 6
58  0.374878  1027 6
65.752  0.350459  1635 4
168.592  0.262136  515 4
17.484  0.160714  168 4
-124.972  0.256809  1285 6
64.968  0.300725  276 6
16.504  0.259259  270 4
66.532  0.338416  1705 6
-272.936  0.294118  272 6
67.952  0.355745  1993 4
-276.376  0.335  200 6
293.812  0.25014  1783 6
96.188  0.381703  317 4
32.72  0.26  200 4
-91.596  0.252049  488 4
-144.14  0.232804  2646 4
-327.812  0.190909  220 6
128.296  0.270833  528 4
-360.86  0.241189  1816 6
292.22  0.394109  713 4
262.624  0.290476  420 6
203.556  0.247952  7324 6
54.16  0.407643  785 6
-209.56  0.190332  331 6
59.388  0.349944  1786 4
10.484  0.248895  2037 4
-91.16  0.244666  703 6
11.752  0.238671  331 4
-151.436  0.3  470 6
-49.092  0.276786  560 4
-48.624  0.236769  359 6
14.124  0.180723  581 4
-367.78  0.255814  903 6
5.312  0.265669  15365 6
240.656  0.403409  176 4
69.964  0.34057  737 4
-217.436  0.103175  126 4
-193.22  0.35751  1751 4
-273.076  0.202247  267 4
-245.688  0.292683  164 6
6.876  0.0454545  154 4
98  0.384444  450 6
268.548  0.223301  206 4
9.624  0.243697  238 6
86.752  0.354197  2061 4
9.596  0.187948  697 6
84.408  0.479381  388 4
99.86  0.383292  1221 4
16.392  0.372822  287 6
77.996  0.391459  843 6
5.72  0.255482  2736 6
265.512  0.343264  772 6
59.752  0.327606  1746 4
56.812  0.371029  787 4
-134.576  0.235636  1375 4
56  0.380535  2394 6
6.42  0.283951  729 4
11.812  0.300388  516 6
53.032  0.380557  2407 6
53.688  0.114943  174 4
-75.236  0.233766  231 6
56.968  0.388502  574 6
-221.408  0.224242  330 4
-216.516  0.235735  1735 4
67.78  0.257508  1798 6
58.22  0.332971  1841 6
57.912  0.342549  2315 6
-362.888  0.24735  283 4
33.408  0.263158  342 6
17.608  0.223529  170 4
57.904  0.37654  1867 6
284.652  0.278912  441 6
13.232  0.265244  984 4
55.032  0.381404  1054 6
251.924  0.40566  424 4
-393.172  0.243869  1468 4
68.22  0.203682  869 6
52.872  0.314989  3616 6
-103.44  0.291317  357 4
154.704  0.307692  273 4
8.216  0.265651  1182 4
64.936  0.366258  1630 4
55.564  0.36129  465 6
83.844  0.431085  341 4
9.564  0.3213  277 4
93.94  0.351967  483 4
65.44  0.387037  540 4
16.096  0.293478  184 4
-40.004  0.20944  678 4
-3.388  0.24992  3109 6
251.596  0.407796  1334 4
61.888  0.356067  1261 6
9.748  0.25523  956 6
1.628  0.3  180 4
47.812  0.296569  408 6
71.076  0.370098  408 4
242.812  0.27551  392 6
12.688  0.252427  206 6
159.64  0.341633  2008 6
-376.28  0.272585  3199 6
216.628  0.262069  290 6
9.28  0.264359  4074 6
71.064  0.353778  1125 4
-40.92  0.221524  1273 4
239.152  0.345612  923 4
-121.02  0.255762  2256 4
5.94  0.258907  842 6
-146.208  0.242958  3408 4
-8.188  0.275148  338 6
13.032  0.241848  368 6
19.424  0.182561  367 4
-208.44  0.262473  922 4
-322.028  0.242806  556 4
17.2  0.292553  188 6
93.06  0.406877  349 4
12.684  0.281481  405 6
-2.972  0.113793  290 6
14.436  0.199405  336 4
-73.496  0.245714  3325 4
7.624  0.230559  733 6
-372.72  0.2925  400 6
270.44  0.283721  215 4
9.344  0.241726  1692 6
59.344  0.338334  1933 4
57.388  0.405991  1569 6
135.732  0.252601  1730 4
58.28  0.349138  2320 4
22  0.0530973  113 4
70.704  0.375618  1214 4
207.468  0.252516  1093 6
-358.472  0.340541  1110 4
14.752  0.226619  278 4
52.656  0.2431  1703 4
68.372  0.381055  929 6
69.748  0.39272  522 4
52.236  0.352247  2203 6
0.752  0.304054  296 6
17.392  0.213235  136 6
9.8  0.251778  2109 4
132.564  0.207641  602 6
62.688  0.355463  723 4
-318.908  0.216  625 6
32.872  0.2  270 6
69  0.22935  1247 4
309.316  0.0921986  141 4
17.8  0.284483  232 6
68.592  0.386334  761 6
11.816  0.237607  585 6
-61.628  0.280112  357 6
-291.192  0.221264  348 4
-4.088  0.238188  1545 6
9.528  0.227941  680 6
14.984  0.275701  428 4
243.876  0.225309  324 4
-209.452  0.257403  1317 4
61.752  0.41331  571 4
10.904  0.249871  1945 4
55.796  0.365854  1189 4
82.58  0.267671  863 6
11.936  0.295139  288 4
68.468  0.359275  938 4
57.28  0.341134  1923 4
123.716  0.23236  822 6
66.468  0.34794  1141 6
-398.032  0.231591  842 4
9.316  0.212446  932 6
15.564  0.226087  345 4
-189.408  0.241117  394 4
-391.468  0.23224  366 6
-241.376  0.269988  863 4
130.032  0.391248  1554 4
137.156  0.258227  6351 4
16.468  0.285  200 6
50.468  0.349306  2233 6
-9.812  0.19788  283 4
8.936  0.257009  214 6
-320.908  0.190476  273 4
69.204  0.35794  1165 6
-17.252  0.125984  127 6
57.048  0.340251  2072 6
17.528  0.26087  184 4
129.968  0.251252  3594 6
-81.748  0.282353  1020 4
32.72  0.243152  2081 6
11.376  0.163522  159 6
249.608  0.258197  244 6
11.564  0.242424  825 4
7.736  0.244995  1049 4
58.36  0.379061  831 6
246.472  0.25759  2108 6
13.34  0.209239  368 4
55.156  0.337159  2788 4
2.952  0.262351  13299 6
69.032  0.349026  1232 4
55.204  0.349288  2737 4
236.204  0.399408  338 4
56.968  0.345663  784 4
-7.472  0.390625  192 4
163.44  0.237037  270 4
12.032  0.202083  480 6
-267.968  0.285981  535 4
14.28  0.302419  248 6
72.592  0.402075  771 4
205.124  0.252934  767 4
67.48  0.390963  509 4
52.76  0.315448  3392 4
-288.748  0.270195  359 6
55.408  0.385106  1410 6
73.984  0.360248  322 6
246.124  0.263672  512 6
7.06  0.243776  2691 4
29.688  0.217391  184 6
57.34  0.366013  459 6
13.312  0.275362  276 6
61.968  0.322721  691 6
231.44  0.193738  511 6
-31.908  0.253863  906 4
14.06  0.261271  4547 4
146.688  0.345114  481 6
-356.188  0.145161  186 4
66.924  0.353383  1463 4
152.936  0.388792  571 6
63.812  0.325103  486 6
7.656  0.252517  3675 4
-2.78  0.235877  1009 6
-277.844  0.264925  536 6
66.44  0.210728  261 6
15  0.23262  374 4
85.22  0.437781  667 4
-327.968  0.247048  1101 6
306.624  0.255289  709 4
66.408  0.37757  1070 6
66.94  0.389037  748 4
73.128  0.362687  670 4
62.596  0.39185  319 4
-291.532  0.268775  506 6
2.844  0.172249  209 4
243.096  0.265625  192 4
-329.296  0.377011  870 4
249.44  0.217822  303 6
26.564  0.242718  412 4
55.936  0.163569  269 6
15.936  0.155779  199 6
3.184  0.254805  1821 6
-206.72  0.268496  838 4
266.328  0.184492  748 6
10.752  0.226463  786 4
182.472  0.187135  342 4
66.764  0.321799  289 6
49.192  0.367015  1722 6
174.436  0.237762  143 4
17.5  0.286458  192 4
79.672  0.326454  533 6
15.252  0.212821  390 4
-135.5  0.260274  146 4
6.812  0.267892  3046 6
13.68  0.152672  393 6
19.344  0.229508  183 6
32.716  0.153374  163 6
-256.28  0.143564  404 6
202.156  0.335038  391 4
63.232  0.257958  1822 4
226.78  0.408257  872 6
-19.712  0.156565  16383 6
56.736  0.354352  1459 6
13.532  0.202429  247 6
73.204  0.373913  345 6
-55.94  0.245033  151 6
-46.78  0.267794  1419 6
15.06  0.200483  414 4
17.5  0.175325  154 6
57.108  0.389193  1277 6
71.936  0.374778  563 4
-314.936  0.282534  584 4
14.032  0.19797  197 6
99.456  0.336283  226 4
10.264  0.212435  965 6
89.952  0.373626  455 4
55.216  0.343777  2298 6
95.436  0.351064  564 6
54.872  0.350813  2460 6
14.152  0.305085  295 4
299.656  0.331731  416 6
11.94  0.256757  148 6
-305.468  0.272388  804 4
11.156  0.252205  567 4
-59.328  0.248819  1270 4
293.092  0.238772  1759 4
53.564  0.367893  299 6
5.156  0.267103  1374 6
-227.028  0.265823  711 6
18.748  0.268482  257 6
67.764  0.358904  1095 4
-147.404  0.130031  323 6
-33.22  0.250412  607 6
56.44  0.357006  521 4
63.328  0.395833  816 4
51.656  0.389902  2139 6
223.124  0.404598  435 6
-268.316  0.372449  196 4
294.156  0.25731  342 4
57.924  0.329581  2221 4
66.976  0.442387  486 6
156  0.264977  434 4
16.048  0.167401  227 6
174.876  0.285714  266 4
283.532  0.223669  845 4
194.188  0.255879  1786 6
-251.388  0.246679  1581 6
1.984  0  16383 6
20.972  0.226087  230 4
293.856  0.190476  252 4
68.232  0.46798  812 6
11.408  0.25627  1276 6
13.592  0.237668  223 6
-24.252  0.272931  1341 6
-235.72  0.248195  2216 4
14.124  0.121795  312 6
14.284  0.248927  233 4
73.404  0.331776  1070 4
-193.72  0.30495  505 6
32.576  0.263067  4649 6
66.156  0.349074  1673 4
6.668  0.242079  1578 4
14.936  0.233533  501 4
153.472  0.211356  951 4
-54.72  0.220532  263 4
78.188  0.422383  831 4
14.892  0.179688  256 4
162.752  0.334247  365 6
61.688  0.355294  425 6
27.216  0.353846  260 4
-113.64  0.256212  4266 6
-340.328  0.201581  253 6
6.532  0.237792  471 6
62.968  0.328125  384 6
184.156  0.138655  238 4
8.564  0.259615  6656 4
201.72  0.0595238  168 6
68.972  0.381288  994 6
67.184  0.34434  1060 4
57.644  0.366822  428 6
54.108  0.257824  1342 4
191.22  0.272727  528 6
25.312  0.16129  186 6
61.264  0.365473  1089 6
21.56  0.224907  538 6
17.22  0.189189  222 6
170.252  0.356742  356 6
105.032  0.388199  322 6
57  0.333014  2087 6
64.216  0.390142  1197 6
116.764  0.248963  241 4
15.704  0.192053  151 6
180.688  0.250896  279 4
164  0.231061  792 6
-338.908  0.259361  1816 6
87.844  0.304487  312 4
12.248  0.23993  571 4
67.532  0.400655  916 6
-331.156  0.270492  1708 6
13.564  0.264228  246 4
66.94  0.348929  1261 6
65.044  0.366821  1513 6
71.872  0.260442  407 6
12.844  0.317797  236 6
17.548  0.252941  170 6
-155.468  0.222494  409 4
68.44  0.418182  660 6
82.404  0.367347  686 6
-104.344  0.248062  258 4
32.5  0.235415  977 4
14.16  0.187919  149 4
14.176  0.221176  425 4
-92.624  0.239819  442 6
-140.316  0.238591  1249 4
10.184  0.228628  503 4
309.016  0.198565  418 4
63.344  0.367816  1044 6
59.032  0.264994  2351 6
12.936  0.390351  228 4
-90.44  0.289819  1218 6
49.812  0.352048  3687 6
67.356  0.326882  465 4
54.56  0.255  200 4
47.944  0.264684  5312 6
165.248  0.307309  602 6
7.544  0.2572  2500 6
-1.596  0.194286  175 4
-325.496  0.214592  466 4
10.592  0.274032  697 6
-236.284  0.238318  1712 6
13.752  0.240741  324 4
5.984  0.250859  4365 6
-187.468  0.266667  375 4
60.5  0.338858  2172 6
10.784  0.233624  916 4
240.284  0.381729  1226 4
47.172  0.369925  3079 6
-38.808  0.26484  219 4
-91.532  0.2  185 6
11.284  0.265343  554 4
73.064  0.252708  1662 6
11.472  0.335938  384 6
59.22  0.411111  1080 4
287.36  0.399115  1130 4
-310.936  0.171548  239 4
16.888  0.231499  527 6
8.72  0.271012  583 6
61.952  0.351152  1085 6
116  0.258065  217 6
14.188  0.229885  435 6
69.344  0.398734  790 4
280.344  0.389982  559 6
51.312  0.334456  3564 4
7.624  0.250988  506 4
-253.592  0.153005  183 4
-194.784  0.204494  445 6
8.876  0.24359  312 6
147.656  0.141791  134 4
36.312  0.225092  271 6
-47.188  0.288382  482 4
-0.872  0.282051  273 6
16.504  0.33871  186 6
10.252  0.241254  1372 4
65.032  0.36114  947 4
7.092  0.266187  834 4
12.316  0.185185  216 6
-97.5  0.262926  909 6
11.876  0.261391  417 6
-68.908  0.394153  1847 6
241.688  0.169118  136 4
68.86  0.223169  587 4
251.124  0.343632  1327 4
14.016  0.25  468 6
310.812  0.257471  1305 6
71.232  0.414302  881 6
-63.688  0.273128  1362 6
-53.82  0.266382  7264 4
227.312  0.221207  547 6
11.312  0.250914  821 4
14.34  0.307692  325 6
13.312  0.16  175 4
57.672  0.340426  2491 4
267.108  0.249436  1772 4
-285.876  0.364311  2561 6
53.264  0.347111  2492 6
308.076  0.174497  149 6
12.124  0.246542  1229 6
6.716  0.241012  751 4
-283  0.24532  2030 4
193.092  0.247059  2040 4
-33.66  0.255509  3585 6
-124.876  0.203947  152 4
38.096  0.241824  1162 4
48.188  0.343137  3366 6
58.404  0.333333  1116 6
4.64  0.250212  1179 6
53.388  0.377937  2511 6
-140.716  0.228947  380 4
11.156  0.249741  965 4
15.332  0.214286  238 4
59.592  0.413295  1384 4
212.028  0.274502  2459 4
178.876  0.134259  216 4
55.56  0.37414  727 4
-389  0.256986  1825 4
-2.28  0.236007  1072 6
289.344  0.203046  197 4
132.252  0.163987  311 4
-128.656  0.216718  323 4
71.22  0.397493  1356 4
48.816  0.359859  3129 4
186.092  0.226712  891 4
199.468  0.450575  435 4
185.752  0.207547  371 6
60.248  0.36174  2253 4
35.876  0.211429  525 6
154.016  0.25768  1595 4
44.736  0.233843  851 6
10.372  0.253942  1839 4
-122.908  0.249857  3486 4
-164.624  0.246088  1406 6
80.844  0.382883  222 4
215.78  0.272727  913 6
235.38  0.241438  584 4
262.972  0.242068  851 6
53.592  0.338688  1494 6
59.348  0.350358  2232 6
-118  0.188312  154 4
15.828  0.128205  234 6
103.064  0.28271  428 4
-109.5  0.298578  211 4
84.284  0.36933  463 6
67.5  0.318695  797 4
152.784  0.198444  257 6
-178.816  0.232176  1094 4
9.908  0.287703  1293 4
101.376  0.332418  364 6
-358.248  0.218824  425 6
206.56  0.290043  231 4
13.732  0.256983  358 4
202.28  0.214286  210 4
72.376  0.443171  1047 4
66.596  0.387802  869 4
53  0.352376  3746 6
54.484  0.360672  1012 6
208.372  0.212351  923 4
53.24  0.240122  2961 6
-301.156  0.310127  316 4
-114.064  0.247887  355 6
277.268  0.357189  1537 6
11.312  0.25539  603 6
278.236  0.24234  718 4
14.688  0.282123  358 4
74.236  0.371287  808 4
13.252  0.227794  698 6
21.904  0.204082  196 6
16.232  0.148352  182 4
-296.596  0.265306  686 6
66.624  0.137143  175 4
58.996  0.347475  990 4
65.532  0.405109  548 4
9.592  0.246387  1453 6
196  0.283465  381 4
87.844  0.389513  534 6
71.812  0.3625  1280 6
121.156  0.352283  1073 4
-140.776  0.271544  1613 6
136.108  0.384314  510 4
56.972  0.389154  2305 6
-10.564  0.204893  654 4
60.376  0.368962  973 6
61.784  0.379726  1243 6
125.092  0.359777  895 4
-56.252  0.261905  420 6
80.86  0.403689  488 4
49.904  0.377778  675 6
62.064  0.360324  1976 4
11.316  0.23908  870 4
77.752  0.385915  355 6
63.892  0.38567  1605 6
58.296  0.338521  1542 4
232.112  0.265353  1319 6
-115.388  0.241455  1375 4
-2.624  0.259302  3440 6
59.296  0.37541  1220 4
-44.844  0.209559  272 6
12.996  0.207792  616 6
21.5  0.299401  167 4
13.688  0.253597  556 6
189.22  0.137457  291 6
55.784  0.385991  671 6
23.812  0.261765  680 6
70  0.34767  279 4
14.216  0.269841  189 6
-202.464  0.250965  259 4
3.56  0.23775  551 6
-384.812  0.217753  721 4
12.908  0.241283  717 6
-7.076  0.262365  2123 6
65.124  0.350679  1326 6
-101.124  0.245283  424 6
104.904  0.23504  1387 6
9.228  0.241407  5062 4
175.08  0.244  2750 6
61.516  0.34375  576 4
-256.172  0.25  164 6
61.796  0.366584  802 4
17.28  0.16092  174 4
12.064  0.236667  300 6
291.64  0.11976  167 6
67.172  0.40413  678 4
48.64  0.346164  3663 6
16.564  0.227902  939 6
-87.716  0.251546  485 4
-1.876  0.260894  5232 4
56.06  0.344336  1333 6
42.032  0.21134  1164 4
53.464  0.389341  1351 4
-124.84  0.258918  1738 6
-338.564  0.275547  548 4
6.968  0.26711  2104 4
-0.752  0.223565  993 6
-50.548  0.247649  2552 6
15.124  0.240385  416 6
15.064  0.29646  226 4
66.192  0.386233  1046 6
183.092  0.248804  209 6
52.592  0.378238  965 4
14.328  0.22028  286 6
49.172  0.355921  1579 6
56.812  0.332061  524 4
-200.656  0.250955  1833 6
144.5  0.371795  702 6
129.424  0.277632  1520 6
19.176  0.26  200 4
-259.752  0.241135  1974 4
13.596  0.273663  486 6
63.236  0.352838  2273 4
241.684  0.403509  171 6
178.716  0.234247  730 6
75.12  0.377279  713 6
-74.908  0.233333  360 4
305.5  0.255048  941 6
2.468  0.276923  260 6
-327.56  0.230726  1790 6
15.048  0.279297  512 4
-4.032  0.255624  489 6
57.452  0.370929  1658 6
142.716  0.361607  448 4
67.032  0.379435  1381 4
-54.176  0.21513  1269 4
10.032  0.261261  333 4
-218.184  0.267241  232 4
69.104  0.352283  1161 6
-367  0.240122  329 6
81.968  0.38316  1057 4
67.156  0.429095  818 6
78.72  0.422425  767 4
227.56  0.208  250 6
135.392  0.399123  684 6
190.968  0.280702  285 6
56  0.34278  2223 4
12.408  0.264151  212 6
-52.032  0.262969  1947 6
73.78  0.179372  446 4
14.816  0.249158  297 6
89.096  0.386293  321 4
-305.248  0.214894  470 6
61.78  0.362671  1318 6
73.94  0.254902  255 4
-175.036  0.314961  381 6
14.22  0.279487  390 4
-320.016  0.324742  194 6
72.72  0.270408  588 6
13.688  0.197719  263 6
6.684  0.264996  4151 4
12.656  0.234234  222 6
55.452  0.345123  2686 6
243.184  0.246291  1685 6
12.048  0.214286  1134 6
9.444  0.25372  4032 6
-193.628  0.163636  165 6
13.344  0.258621  406 4
12.408  0.2875  240 6
13.284  0.240654  428 6
-61.124  0.0862069  174 4
64.748  0.359948  764 4
51.844  0.366391  2541 6
155.404  0.193126  611 4
274.624  0.419386  1042 4
10.92  0.238701  1571 4
16.72  0.288889  315 4
69.404  0.361338  1226 4
137.22  0.189516  248 6
15.564  0.168675  166 4
49.108  0.38693  1163 4
18.848  0.27451  204 4
-374.376  0.106918  159 6
316.032  0.267081  322 6
60.856  0.386694  1443 4
-31.408  0.309645  197 4
75.72  0.389497  457 6
7.112  0.25053  3301 6
12.596  0.349112  169 6
213.656  0.252212  678 6
115.844  0  16383 6
55.908  0.368023  1720 6
208.576  0.246939  490 4
12.252  0.260908  1123 6
-250.936  0.20354  226 4
72.94  0.210127  395 4
59.376  0.364742  987 6
101.108  0.216374  171 6
47.748  0.338841  3813 4
-203.216  0.228836  1512 4
11.812  0.374468  235 6
10  0.182448  433 4
59.956  0.36469  2158 6
140.564  0.351755  1339 4
156.216  0.304878  246 6
21.748  0.254717  212 6
107.908  0.333333  225 4
137.5  0.266553  589 4
-339.048  0.281553  206 6
312.156  0.24356  427 6
172.168  0.254491  668 4
-5.624  0.233333  240 6
11.248  0.276639  488 6
14.252  0.232633  619 4
56.904  0.381526  498 6
-224.844  0.25317  2208 4
-336.284  0.279539  347 4
9.844  0.171717  99 4
9.892  0.219512  902 6
8.312  0.191011  178 4
54.436  0.365423  2493 6
87.564  0.23803  1462 4
-323.36  0  16383 6
196.376  0.379545  440 4
-170.408  0.251866  1072 4
15.312  0.235669  157 6
73.704  0.410138  1085 4
114.284  0.270308  714 6
17.528  0.273196  194 4
132.504  0.233745  1215 6
300.844  0.243665  1026 4
58.108  0.36603  1519 6
-102.812  0.166134  313 6
277.28  0.458763  388 4
53.564  0.257463  268 4
26.42  0.205556  180 4
64.608  0.352434  1623 6
8.596  0.232877  365 6
14.688  0.267391  920 6
14.784  0.190909  330 6
14.456  0.285714  161 4
14.892  0.168367  196 6
12.28  0.230366  191 6
263.308  0.252198  1820 6
15.344  0.26943  193 4
-250.812  0.397436  234 4
15.78  0.297071  239 6
236.668  0.23  400 4
3.124  0.237354  257 4
7.484  0.249762  4196 4
-168.496  0.284987  393 6
278.86  0.305019  259 4
15.596  0.265823  474 6
-261.092  0.191558  308 6
241.72  0.194332  247 4
-120.5  0.197605  167 4
68.484  0.355862  725 4
14.28  0  109 4
14.284  0.24  725 4
-296.124  0.250522  958 4
185.188  0.395498  311 6
62.484  0.455814  860 4
253.8  0.275862  232 4
48.156  0.314879  867 4
-54.592  0.254237  708 6
14.156  0.22446  695 6
61.032  0.363636  1331 4
6.404  0.262442  3456 4
-212.44  0.233503  197 6
-176.064  0.25117  641 4
14.752  0.155844  231 6
125.972  0.379501  361 4
215.848  0.347826  552 6
13.472  0.213592  206 6
126.108  0.391304  1265 6
194.716  0.275828  1026 6
-48.924  0.247126  1044 6
13.264  0.25539  603 6
-294.06  0.202073  193 6
83.092  0.419231  780 4
229.312  0.333731  839 4
132.22  0.0632184  174 4
66.624  0.110497  181 4
-364.36  0.260292  1506 6
295.496  0.225124  804 4
-0.064  0.230366  191 4
68.516  0.358696  736 4
-251.904  0.26988  415 4
13.936  0.161765  136 4
61.232  0.426724  696 6
52.668  0.354264  2134 6
78.672  0.385932  526 4
11.468  0.209765  553 4
-280.156  0.2749  753 4
65.06  0.34097  742 6
9.376  0.263736  1092 4
-77  0.205882  170 4
144.5  0.258163  980 4
11.328  0.231838  936 6
68.032  0.350396  1895 4
11.752  0.321285  249 6
12.688  0.298667  375 4
8.156  0.255605  1561 6
61.964  0.345992  1185 6
10.688  0.312883  326 6
15.08  0.201299  308 4
147.44  0.255061  247 4
14.984  0.186813  182 6
67.78  0.372424  1407 6
311.624  0.199688  641 4
-347.752  0.142857  252 4
54.872  0.410383  1618 6
79.28  0.394928  276 4
-113.312  0.298507  268 4
138.344  0.337209  172 4
27.408  0.282036  1631 4
10.312  0.232026  306 6
59.096  0.250859  2037 6
-3.344  0.243902  1517 4
-24.188  0.247982  867 4
58.032  0.369863  584 6
196  0.245504  1112 4
54.02  0.339867  3622 6
11.032  0.162712  295 6
8.796  0.237783  1371 4
-216.748  0.339286  336 6
7.652  0.250334  1498 4
38.812  0.215385  130 4
-15.124  0.202578  543 6
14.5  0.349515  206 4
78.092  0.253256  691 4
12.092  0.248387  310 4
14.864  0.260753  372 4
283.748  0.184  125 4
14.436  0.31  200 4
10.576  0.244409  1252 4
12.44  0.199346  306 4
10.936  0.235821  670 6
88.576  0.216495  291 6
-268.208  0.225664  226 4
10.984  0.252612  1053 6
236.56  0.213992  243 4
52.024  0.345448  2944 6
186.216  0.359215  1172 4
9.452  0.229268  1845 4
43.532  0.191358  162 4
65.86  0.352192  1414 6
12.52  0.213256  347 6
-204.924  0.262459  6702 6
62.576  0.407975  326 6
11.684  0.228  250 4
-39.56  0.274566  692 6
197.124  0.21118  322 6
13.392  0.19421  829 6
222.376  0.194118  170 4
66.36  0.236456  1772 6
56.124  0.318147  2612 6
210.908  0.36806  1603 6
13.5  0.252174  230 4
55.424  0.363979  2121 4
100.936  0.253906  256 4
45.564  0.344641  4068 6
11.752  0.225941  239 4
-10.748  0.145946  185 6
148.608  0.222494  409 6
3.152  0.294118  221 6
11.624  0.219512  615 4
-283.5  0.249486  1459 6
15.14  0.212766  188 6
-293.904  0.256751  2259 6
307.188  0.0555454  16383 4
163.344  0.228261  184 6
9.752  0.232068  237 4
57.688  0.219101  178 6
59.596  0.358116  807 4
-259.076  0.222222  171 4
71.564  0.411447  926 6
8.252  0.225585  727 4
56.56  0.344316  607 6
58.032  0.348425  2540 4
-358.8  0.253659  615 6
81.596  0.35376  1077 6
12.252  0.179487  156 4
0.16  0.279476  229 4
56.536  0.22  450 6
247.22  0.298077  312 6
14.36  0.216  500 4
143.848  0.210526  152 6
-198.532  0.179221  385 4
27.436  0.226703  1116 4
108.348  0.343612  2497 4
13.22  0.25859  553 4
-76.792  0.24702  1510 6
9.812  0.241713  724 4
143.284  0.231293  294 6
-155.844  0.237443  1095 4
17.824  0.320225  178 4
-307.624  0.231463  998 4
-164.596  0.28125  448 4
12.628  0.274112  197 4
46.64  0.333532  1676 6
249.032  0.224026  308 4
312.564  0.256267  359 4
44.608  0.256207  1893 4
65.108  0.368582  1636 4
65.608  0.40499  521 6
116.064  0.344901  1412 6
13.188  0.255208  384 4
16.032  0.297297  296 4
-170.684  0.23817  634 4
87.08  0.26023  1564 6
-332.848  0.261146  942 6
247.596  0.178404  213 4
65.496  0.365854  1107 6
-323.22  0.25  292 6
9.204  0.241226  2707 6
84.408  0.26087  368 4
-77.08  0.265053  1611 4
13.984  0.197708  349 6
45.284  0.200743  269 4
62.688  0.363946  294 4
-347.844  0.258782  854 6
58.716  0.439394  330 4
57.936  0.395782  806 6
66.924  0.364518  1753 6
11.092  0.253012  249 6
48.328  0.356862  3301 6
62.124  0.417423  551 6
92.736  0.415133  489 6
12.092  0.236111  576 4
20.156  0.267081  161 4
127.096  0.272177  496 4
-110.94  0.182927  164 4
61.704  0.397976  1186 4
-266.656  0.259481  501 4
6.016  0.264059  3912 6
12.124  0.221106  199 4
7  0.235632  174 6
286.768  0.227778  180 4
50.78  0.30727  3824 4
313.94  0.209845  386 6
95.888  0.244782  1581 6
306.472  0.257343  1430 4
12.764  0.22032  876 4
-48.952  0.205128  195 6
52.952  0.323852  3832 6
2.752  0.363363  333 6
15.78  0.243137  255 6
50.296  0.328305  3646 4
-249.7  0.313187  364 6
67.624  0.286486  370 4
71.936  0.358135  1008 4
17.752  0.269504  141 4
83.156  0.371156  943 4
-170  0.244701  519 4
13.452  0.26393  341 4
82.596  0.369637  606 4
68.016  0.350746  804 4
18.124  0.267139  423 6
-366.968  0.256983  179 4
13.544  0.229773  309 4
-225.812  0.229932  735 6
128.032  0.345361  1358 4
7.392  0.243558  3260 6
14.564  0.231818  440 4
94.904  0.35  380 4
8.216  0.253046  6647 4
-65.096  0.225076  662 4
-112.156  0.235955  178 6
58.032  0.368732  2034 4
-163.528  0.254942  1467 4
85.064  0.330377  451 6
68.436  0.399247  531 6
164.36  0.385093  805 4
-4.956  0.254337  3747 6
11.44  0.240483  1077 6
64.188  0.407307  739 4
-354.44  0.258328  1591 4
157.14  0.309392  362 6
177.812  0.390445  607 4
78.124  0.38843  242 6
-34.936  0.234266  286 4
40.504  0.161435  223 6
-241.876  0.242158  797 4
57.284  0.331881  1377 4
15.048  0.241692  331 4
202.5  0.246499  357 6
138.592  0.160221  543 6
133.656  0.416667  348 6
132.28  0.250472  1589 4
75.204  0.30597  268 6
-125.5  0.245342  322 6
103.936  0.231441  916 4
293.392  0.47166  494 6
15.124  0.232955  176 4
11.156  0.264078  515 4
9.688  0.262738  2257 4
6.268  0.250806  3413 4
69.752  0.374648  710 4
-191.592  0.0462963  108 6
78.468  0.380122  1147 6
41.252  0.233524  698 6
-4  0.226829  410 6
14.952  0.274151  383 4
21.392  0.280899  445 6
7.344  0.257353  1224 6
-1.924  0.257934  1481 6
3.564  0.226633  781 6
12.628  0.181818  253 6
14.14  0.220285  631 4
13.688  0.217617  386 6
8.8  0.259618  3301 6
68.344  0.404018  896 4
60.152  0.396761  247 4
14.5  0.269802  404 4
13.156  0.257942  787 4
66.36  0.231023  303 4
219.78  0.353345  583 6
-251.812  0.196226  530 4
-27.156  0.226131  199 6
-337.52  0.261211  1784 4
51.776  0.334178  3947 4
-23.596  0.216061  523 6
8.344  0.240016  2579 6
-236.72  0.263966  716 6
-47.22  0.276033  605 6
57.94  0.406166  1492 6
-257.312  0.271635  416 4
83.688  0.321888  466 4
15.876  0.304762  210 4
180.844  0.108696  184 4
-164.092  0.219647  906 6
13.404  0.302158  278 6
84.936  0.257692  260 4
73.596  0.359081  479 4
16.72  0.257732  194 6
61.888  0.346682  1748 4
13.84  0.259197  598 4
0.812  0.198777  654 6
42.248  0.261111  540 4
14.328  0.3026  423 6
-61.688  0.212617  428 4
-351.564  0.26109  2953 4
10.484  0.26305  977 4
-21.404  0.270106  659 6
13.348  0.29771  262 6
-250.812  0.191638  287 6
7.92  0.242882  3969 6
8.92  0.242047  1446 6
-316.188  0.228637  433 4
60  0.351071  1447 6
159.5  0.328767  219 4
64.516  0.338849  1269 6
5.092  0.264306  2062 4
17.192  0.258824  170 6
70  0.336011  1494 4
54.188  0.256927  397 4
130.512  0.250126  1991 6
-66.764  0.167665  167 4
78.064  0.236443  461 4
256.296  0.252747  546 6
55.188  0.344685  969 4
-8.404  0.236739  1018 4
-2.472  0.295539  538 6
-371.156  0.252327  967 4
118.532  0.183223  453 6
15.092  0.297645  467 4
-363.232  0.28972  428 6
9.5  0.160622  193 4
16.452  0.235732  806 4
182.532  0.250627  399 6
14.704  0.214076  341 6
122.904  0.331096  447 4
14.28  0.270588  170 4
-270.876  0.239462  1637 6
-284.748  0.276042  384 4
69.984  0.361791  1429 6
14.844  0.0793651  126 4
292.592  0.305699  193 4
57.28  0.346512  1720 6
15.86  0.232143  280 4
79.908  0.335512  459 6
18.408  0.242707  857 6
241.968  0.207723  751 4
48.06  0.350493  3147 6
104.216  0.366906  417 6
-344.248  0.248316  1039 4
9.64  0.218085  1880 6
-2.34  0.272544  1486 4
-260.124  0.289593  221 6
-325.404  0.337165  261 4
10.42  0.256263  2435 4
47.048  0.320798  1755 6
54.624  0.393393  999 6
-53.188  0.193333  150 4
12.904  0.25997  677 6
59.656  0.22619  588 6
9.872  0.136986  146 4
12.436  0.139013  223 6
50.408  0.364  500 6
-261.184  0.360231  347 6
57.576  0.343607  2628 6
0.124  0.209259  540 6
-189  0.19186  344 4
108.34  0.246459  706 6
13.36  0.221884  329 6
59.372  0.413712  846 6
172.188  0.397394  614 4
310.496  0.291188  261 4
232.968  0.365079  378 4
295.592  0.209235  693 4
16.544  0.269565  230 6
-193.516  0.270042  237 6
249.872  0.369792  576 6
92.064  0.414729  258 4
15  0.107692  130 4
-102  0.273657  782 4
14.5  0.269504  423 4
11.904  0.223022  278 6
13.936  0.290715  657 4
7.376  0.271762  471 4
61.184  0.375355  2110 6
-242.968  0.249049  526 6
4.372  0.265823  237 4
196.608  0.349096  719 6
62.22  0.342758  2016 6
13.252  0.1875  464 6
83.188  0.382184  348 6
2.264  0.0824025  16383 6
-371.252  0.240175  458 4
89.376  0.371901  363 6
13.092  0.236994  346 4
-4.688  0.258065  403 6
-234.092  0.261335  1963 6
67.704  0.411884  1481 6
9.496  0.22381  210 6
267.144  0.254894  2350 6
7.44  0.246213  2839 6
18.72  0.3  150 6
-48.092  0.26556  482 6
65.748  0.27193  228 6
70.812  0.377922  770 4
173.34  0.228993  1559 6
268.656  0.324728  736 4
84.548  0.38872  656 6
88.004  0.238141  1033 6
-302.108  0.257237  1520 4
201.564  0.236735  490 4
70.876  0.33642  648 4
-177.748  0.175676  222 6
-157.716  0.237146  953 6
96.312  0.427711  498 6
-130.404  0.213873  346 4
-320.672  0.381125  551 6
80.032  0.229524  1050 4
-207.328  0.248871  1993 4
82.624  0.261097  766 6
-209.692  0.214765  298 6
1.06  0.273764  526 4
-223.172  0.241141  1157 4
10.592  0.212254  457 4
217.92  0.147766  291 6
8.156  0.252469  2329 6
-331.936  0.25  984 4
74.156  0.34386  1425 4
12.936  0.274882  422 4
58  0.404348  1150 4
67.94  0.335968  253 6
14.064  0.165563  151 4
13.812  0.270799  613 4
12.644  0.239415  1299 4
10.908  0.24472  805 4
-0.984  0  16383 4
213.512  0.406838  585 4
118.388  0.275591  254 6
54.7  0.364431  343 4
-140.092  0.230769  598 4
-109.968  0.310127  316 6
237.628  0.38715  607 4
74.72  0.37296  858 4
-342.624  0.183544  158 4
-302.264  0.251412  2478 6
14.252  0.166667  282 6
312.408  0.347898  1213 4
15.06  0.317708  192 4
62.956  0.322357  1731 6
13.812  0.257519  532 4
60.076  0.355085  1180 4
-358.736  0.212808  1015 4
12.748  0.0969697  165 6
-9.188  0.353488  215 4
86.468  0.413793  406 6
-247.64  0.207101  338 6
-342.372  0.373786  206 4
62.264  0.380024  821 6
183.536  0.274212  1714 4
8.624  0.204724  508 4
-157.372  0.258092  2379 4
-1.5  0.219545  747 4
291.72  0.189573  211 4
9.468  0.29918  488 4
55.764  0.384793  1302 6
-241.748  0.253133  399 4
55.924  0.365261  2015 6
-163.564  0.263898  1493 4
102.06  0.220264  227 6
-327.612  0.243299  485 4
2.808  0.296117  206 4
75.812  0.109321  16383 4
70.564  0.447639  487 4
-6.688  0.413919  546 6
11.156  0.235955  534 4
13.08  0.258278  453 6
12.224  0.258065  310 6
58.92  0.356974  423 4
82.144  0.368943  908 6
-279.876  0.274157  445 4
91.312  0.357414  263 4
182.936  0.227451  510 4
-371.968  0.252381  420 4
-91.58  0.258993  278 4
18.488  0.26652  454 4
167.784  0.252708  277 6
69.064  0.246383  2212 6
17.06  0.227468  233 6
88.096  0.248071  907 4
-32.56  0.21267  221 4
68.124  0.336851  1137 6
70.972  0.402715  1105 4
72.5  0.358992  1429 4
-326.12  0.176955  243 4
128.064  0.246066  699 6
7.092  0.24548  1051 4
-12.344  0.265182  1482 4
41.44  0.267954  1295 4
4.876  0.24499  4641 6
-265.296  0.198819  508 4
14.72  0.237885  454 4
64.188  0.37909  1406 4
58.064  0.354317  2351 6
-11.688  0.263158  361 4
124.968  0.282313  294 4
-328.004  0.248748  599 4
53.432  0.333226  3106 6
12.14  0.213287  572 4
15.248  0.166667  192 4
75.436  0.370968  682 4
304.06  0.369369  1443 4
63.5  0.383838  594 4
74.404  0.356028  705 4
59.216  0.364754  244 4
15.328  0.281991  422 6
14.112  0.230508  295 6
62.032  0.356763  1693 4
16.608  0.322727  220 6
7.092  0.247148  526 6
103.856  0.248066  2068 6
76.096  0.300752  532 6
-1.596  0.251023  733 4
17.096  0.27957  186 4
66.484  0.347107  847 6
87.86  0.410156  512 4
66.936  0.365122  2632 6
15.16  0.221591  352 4
14.908  0.326087  138 6
-136.592  0.367839  995 4
10.5  0.122642  212 6
58.048  0.342363  2141 4
15.496  0.253275  229 4
-131.752  0.244582  969 6
209.296  0.194444  144 4
58.628  0.379239  1445 6
30.592  0.16092  174 6
68.268  0.255411  462 4
15.656  0.239437  142 6
13.528  0.272487  378 4
10.064  0.262931  232 6
13.344  0.160256  156 4
-96.904  0.240581  2548 6
0.94  0.258065  310 4
59.924  0.379161  691 6
67.532  0.402062  679 6
64.996  0.257009  214 4
-73.532  0.322785  316 4
-382.436  0.10625  160 6
16.36  0.223176  233 4
258.812  0.342799  493 6
9.608  0.259983  2354 4
133.264  0.250901  1387 6
75.332  0.402525  713 4
-48.84  0.261173  1432 4
174.528  0.151111  225 6
45.736  0.187692  325 4
205.5  0.224771  218 4
-296.252  0.223368  291 6
68.312  0.34  400 4
-383.936  0.280899  178 6
88.908  0.184971  519 6
-224.968  0.292683  410 4
273.656  0.274662  517 6
-381.172  0.264581  1886 4
14.796  0.32287  446 4
-126.172  0.382488  217 4
-153.876  0.327273  275 6
47.92  0.336013  2488 6
-3.672  0.230528  2234 6
65.092  0.371669  713 6
15  0.242363  491 4
60.004  0.403384  1123 6
161.784  0  144 6
55.968  0.37051  2116 4
113.968  0.248092  524 4
82.324  0.244308  1142 4
19.564  0.277174  184 6
-362.504  0.217391  184 4
234.124  0.113636  220 6
240.2  0.248684  760 6
-273.64  0.230088  339 4
111.42  0.401084  369 4
15.248  0.252137  234 4
49.908  0.34322  1416 6
11.408  0.238095  252 6
51.316  0.345306  2812 4
14.78  0.297071  239 4
-128.876  0.302752  218 4
60.172  0.3493  1357 4
8.872  0.275194  258 4
11.908  0.197425  233 6
125.376  0.265823  948 4
-67.28  0.241706  211 4
63.376  0.350235  2130 6
106.5  0.366995  406 6
76.172  0.408859  587 4
112.72  0.422857  350 4
8.752  0.184615  325 4
14.188  0.247788  226 4
7.628  0.26703  367 4
307.472  0.236769  718 6
108.78  0.375  368 6
65.624  0.323529  272 6
-25.656  0.267176  393 4
-345.436  0.254777  157 4
-195.436  0.1968  625 4
-131.032  0.280802  698 6
-17.872  0.275244  1228 4
62.092  0.338171  689 4
14.532  0.221591  176 4
57.576  0.349377  1766 4
11.248  0.34555  191 6
12.656  0.210744  242 6
132.564  0.251572  159 6
64.58  0.377517  1192 4
58.86  0.330245  2159 6
68.496  0.333967  1578 4
11.064  0.225806  248 6
8.844  0.289855  621 4
226.628  0.202532  158 4
-198.064  0.231319  1539 4
96.312  0.391608  429 6
-246.5  0.276498  217 4
58.86  0.380526  1900 6
12.72  0.230284  317 4
-328.752  0.238255  298 6
199.444  0.369952  1857 4
9.624  0.338235  204 4
1.688  0  16383 4
9.688  0.240896  357 4
-375.436  0.255137  584 6
67.564  0.381898  453 6
65.248  0.358974  273 4
16.872  0.150602  166 4
13.92  0.303523  369 6
-226.812  0.0491803  122 4
8  0.462687  402 6
244.812  0.200466  429 4
-32.284  0.327511  229 4
48.528  0.351722  3136 6
20.592  0.0985915  142 4
32.452  0.253165  1817 4
121.424  0.259107  1949 6
167.78  0.382979  423 4
9.14  0.253391  1622 4
12.032  0.262  500 6
11.628  0.36747  166 6
6.716  0.266638  4658 6
12.908  0.246032  252 4
141.984  0.250958  1566 4
50.64  0.246154  2535 4
13.468  0.172297  296 6
15.5  0.186957  230 4
11.5  0.238372  172 4
8.424  0.248224  2111 6
55.924  0.351724  1740 4
15.34  0.245902  244 4
14.232  0.228374  289 6
12.408  0.352  250 6
7.264  0.275956  732 6
10.028  0.25404  1980 4
92.924  0.411429  525 6
56.924  0.327586  2204 6
13.468  0.238845  381 6
-217.56  0.237894  2127 6
-87.528  0.158228  158 4
-345.592  0.245974  683 6
-303.532  0.234864  1503 6
213.984  0.38825  783 6
17.032  0.305825  206 4
-352.748  0.22102  647 4
185.592  0.294551  679 4
-378.872  0.221968  437 4
-105  0.246114  386 6
90.08  0.243102  2863 4
75.624  0.418231  373 6
11.972  0.168639  338 6
128.92  0.280315  635 4
39.688  0.178571  140 6
17.252  0.3125  224 6
132.5  0.282686  283 4
-119.608  0.333333  270 6
97.624  0.213018  169 4
-364.84  0.185393  178 6
152.108  0.309524  420 4
59.956  0.319364  692 6
232.344  0.245014  702 6
57.596  0.352617  1815 6
10.028  0.264158  5421 6
-71.204  0.216667  240 4
0.984  0.262544  2830 4
14.424  0.225694  288 6
248.064  0.247328  655 6
18.688  0.2125  240 4
78.904  0.397895  475 4
-177.064  0.217712  271 4
6.108  0.251619  4169 6
171.092  0.211111  540 4
65.608  0.357669  1493 4
56.676  0.36694  853 6
69.372  0.407843  1020 6
66.568  0.341727  556 4
51.86  0.242424  990 6
82.032  0.367442  430 6
59.38  0.380143  1823 6
62.548  0.34899  2129 4
11.688  0.227609  1217 4
59.936  0.245312  1280 4
-369.328  0.247863  1989 4
54.908  0.442827  481 6
55.984  0.354872  1919 6
-170.436  0.149171  181 4
12.076  0.256818  440 6
72.564  0.384728  681 4
12.468  0.21118  483 4
-203.436  0.237319  552 6
125.844  0.365213  2018 4
0.844  0.235409  514 4
65.096  0.358143  1357 4
11.748  0.227687  549 4
11.064  0.186944  337 4
12.564  0.264151  265 4
78.016  0.362733  805 4
77  0.383442  1377 4
4.432  0.221037  656 4
286.016  0.243094  1448 4
6.172  0.240445  2067 4
167.248  0.0285714  105 6
-78.472  0.208556  374 6
310.752  0.265957  188 4
49.656  0.322545  3584 6
106.06  0.248168  1910 4
75.672  0.310526  190 4
0.06  0.212449  1478 6
142.376  0.0724638  207 4
104.376  0.134752  141 6
54.032  0.351045  1675 4
-173.028  0.393427  1065 4
10.844  0.246609  811 4
11.248  0.222692  2838 6
-1.956  0.246707  1670 4
-320  0.269892  1571 4
10.904  0.254072  614 4
87.624  0.364964  548 6
221.908  0.250237  2110 6
-200.184  0.29085  306 6
133.064  0.233333  210 4
159.408  0.386029  272 6
9.576  0.250251  1994 6
14.136  0.238916  406 6
214.156  0.215152  330 4
-213.784  0.318584  339 4
-111.216  0.261053  950 6
-29.06  0.244318  352 6
64.312  0.360606  990 4
160.92  0.281818  220 6
-152.876  0.249707  853 6
104.688  0.244833  1887 6
16.22  0.283843  229 4
218.236  0.378585  523 6
-222.5  0.24013  2153 6
-96.688  0.251218  1437 4
65.72  0.371464  1626 4
72.284  0.373183  619 6
12.064  0.246407  487 6
245.876  0.371981  207 4
14.592  0.228117  377 4
58.628  0.339324  1391 6
214.096  0.272348  1197 6
57.216  0.352106  2113 6
186.048  0.228261  276 6
235.94  0.339623  212 6
-128.896  0.254668  3695 4
-56.812  0.282974  417 6
-320.128  0.289157  332 6
-121.656  0.266234  462 6
67.192  0.377143  1050 6
9.092  0.237143  350 6
66.248  0.383065  744 6
-218.796  0.228166  916 4
309.968  0.104651  172 4
14.968  0.212291  179 4
77.688  0.426966  534 4
-386.876  0.253898  449 6
241.92  0.234742  1065 4
-151.564  0.216146  384 4
83.804  0.260987  4460 6
-38.716  0.203297  182 6
-280.904  0.248289  1023 4
80.768  0.240819  1416 4
217  0.216966  613 6
62.032  0.258362  4335 4
115.984  0.341935  310 6
-20.404  0.262127  5669 6
10.564  0.238994  318 4
73.032  0.364107  1159 4
293.844  0.255869  426 4
13.064  0.25974  539 4
137.028  0.388889  1116 6
51.532  0.360166  1205 6
19.032  0.233129  163 4
54.192  0.287179  195 6
55.36  0.381514  1017 6
-53.624  0.271605  567 4
55.952  0.352705  499 4
-4.544  0.238004  1042 4
10.088  0.232984  382 6
288.464  0.427553  842 6
12.936  0.222857  175 4
10.384  0.263287  6943 6
-218.752  0.236549  1078 6
192.424  0.430693  808 4
-203.608  0.273438  256 6
41.816  0.233333  180 6
3.744  0.224609  512 4
28.608  0.24355  969 6
219.688  0.143791  153 6
74.768  0.4  485 6
24.776  0.203297  364 4
12.624  0.0743243  148 6
180.888  0.389091  825 6
-296.312  0.226415  212 6
1.32  0.236893  515 4
-88.752  0.227753  1989 4
-296.328  0.217195  221 6
-86.28  0.246612  2952 4
-68.024  0.20202  396 4
129.184  0.253133  1197 6
227.656  0.227513  567 4
-65.464  0.254689  2399 6
-138.672  0.244212  2203 4
13.792  0.215789  380 6
306.28  0.365  400 4
13.568  0.20983  529 4
69  0.391447  608 4
13.064  0.28254  315 6
-236.912  0.255947  2270 6
57.848  0.357731  2186 4
73.288  0.352679  672 4
7.536  0.216374  513 4
-258.488  0.244692  1978 4
295.128  0.367965  924 6
17.248  0.310185  216 6
-269.72  0.186047  129 6
1.496  0.251012  247 4
-180.712  0.248106  1584 4
-214.512  0.235857  1255 4
7.208  0.244578  2490 4
15.28  0.234266  286 6
-136.904  0.204142  338 6
114.952  0.224924  329 6
10.376  0.20983  529 6
51.952  0.318595  3189 4
14.264  0.215385  325 6
10.472  0.221037  656 6
7.904  0.255941  547 6
13.248  0.285714  203 4
37.72  0.254217  830 6
5.288  0.271705  2845 4
70.28  0.350404  371 6
178.376  0.363636  264 4
-201.064  0.233848  1749 4
17.032  0.2  255 4
-3.144  0.245378  1785 6
13.152  0.200495  404 6
264.232  0.229381  388 4
11.944  0.207031  256 6
61.064  0.322667  375 6
-310.752  0.196891  193 6
-193  0.319188  542 4
15.592  0.294271  384 4
68.408  0.38717  1325 4
193.528  0.364486  535 6
-316.872  0.218868  530 6
12.6  0.262069  290 6
72.096  0.388686  548 6
13.28  0.229396  728 4
10.088  0.26107  2168 4
65.872  0.340832  1778 6
193.16  0.223512  689 4
201.312  0.223129  1470 6
72.656  0.38764  356 6
16.608  0.25498  251 4
69.408  0.295918  196 4
69.264  0.402762  869 4
71.128  0.250639  391 4
53.2  0.331869  2049 4
73.36  0.418006  311 4
295.808  0.261905  210 4
64.808  0.373626  910 4
51.56  0.226415  795 4
-60.376  0.233577  685 6
97.624  0.354331  508 4
11.328  0.246981  1656 4
13.672  0.224206  504 6
1.512  0.260094  6836 4
51.608  0.3239  3251 6
66.752  0.241192  369 6
270.656  0.24105  419 4
298.248  0.42406  665 4
-179.184  0.241901  463 6
14.392  0.250929  538 4
65.376  0.389052  1699 4
58.312  0.358974  2457 4
56.312  0.363692  1636 6
-85.192  0.204918  122 6
271  0.435567  388 6
77.872  0.366347  939 6
9.752  0.254682  2670 4
103.312  0.246377  483 6
270.568  0.206573  213 6
12.224  0.250262  955 4
50.888  0.369242  2627 6
-313.688  0.182648  219 4
10.344  0.229791  1101 4
38.84  0.189189  185 4
9.976  0.267834  1542 6
25.136  0.261501  413 4
204.784  0.260985  2253 6
1.488  0.273281  1149 4
17.176  0.324176  182 4
13.28  0.242553  235 4
56.152  0.342443  3037 4
59.296  0.349479  1920 4
208.872  0.239771  1222 6
82.608  0.239354  2043 6
55.4  0.37031  613 6
238.512  0.214286  182 4
16.264  0.129808  208 4
14.52  0.225641  195 6
208.344  0.288066  486 6
50.472  0.358251  709 6
93.936  0.35102  245 4
-126.768  0.241184  2297 6
-232.752  0.242229  933 6
7.88  0.212202  754 4
14.896  0.212329  438 6
54.44  0.353311  1752 6
51.856  0.371721  2440 6
62.424  0.376449  1639 6
14.08  0.24605  443 6
75.344  0.338798  549 4
16.336  0.324324  185 6
88.968  0.364326  527 6
80.624  0.208333  168 4
62.872  0.365733  1214 6
-369.72  0.249164  1794 6
13.768  0.260331  484 6
-387.872  0.237245  392 6
-3.08  0.265099  1573 6
-171.064  0.252288  765 6
-334.784  0.214502  331 6
64.232  0.360181  1105 6
11.44  0.182292  192 4
16.472  0.235915  284 4
-118.576  0.246777  543 4
8.312  0.248826  1704 4
-263.712  0.322388  335 6
-365.592  0.190476  189 4
-373.256  0.135802  162 4
-209.952  0.217338  819 6
-221.04  0.216931  189 4
70.944  0.397032  539 4
81.376  0.343802  605 6
41.968  0.236111  144 6
-335.752  0.171196  368 4
-294.936  0.231527  203 6
66  0.336879  846 4
50.936  0.344631  2803 4
8.248  0.270627  303 6
61.096  0.341146  768 4
15.688  0.327044  159 4
-263.872  0.257867  1144 4
-42.392  0.230545  2056 4
252.408  0.232589  761 6
84.28  0.430906  673 4
-335.408  0.258706  201 4
58.024  0.353189  1897 6
56.656  0.378841  1985 4
293.248  0.218891  667 4
-163.12  0.259939  981 6
154.312  0.358374  1451 4
13.84  0.23339  587 4
-50.064  0.234513  226 6
61.408  0.339713  418 6
15.872  0.219251  187 4
-78.296  0.121212  165 4
63.312  0.0136986  146 6
295  0.321267  221 6
212.216  0.375479  261 6
12.952  0.208984  512 6
7.216  0.250457  6564 6
282.192  0.245  400 6
-223.56  0.117949  195 4
131.312  0.269231  312 4
-294.624  0.2  185 4
-157.216  0.163743  171 4
236.288  0.272277  202 6
-118.472  0.247619  735 6
-36.12  0.236842  950 4
186.56  0.382542  779 6
73.032  0.398711  1086 4
37.504  0.203125  192 6
-298.912  0.218274  197 6
13.48  0.230944  879 4
13.688  0.220779  154 6
110.08  0.235652  1481 4
10.872  0.244898  294 4
64.312  0.383978  1086 4
29.096  0.264011  1481 6
14.808  0.22381  420 4
64.672  0.358268  1778 6
55.248  0.343576  3059 6
10.528  0.239722  1581 6
65.096  0.36537  1311 4
21.064  0.217857  280 4
102.976  0.257462  6366 6
110.784  0.246514  2223 6
-350.248  0.252288  1530 6
13.184  0.176471  238 4
267.448  0.258185  1344 6
13.592  0.269716  634 4
13.448  0.207143  280 6
9.688  0.29096  354 4
8.88  0.250379  659 6
60.28  0.350125  2005 4
65.192  0.357032  1941 6
-98.376  0.205521  326 6
13.28  0.217489  446 4
15.872  0.155425  341 4
-287.624  0.255306  1649 6
-319.16  0.217842  482 4
0.84  0.249299  6422 6
8.128  0.253466  1803 4
-279.312  0.227042  1775 6
75.28  0.185366  410 4
67.936  0.440915  787 6
-205.776  0.278689  183 6
56.016  0.355762  1397 6
122.016  0.321274  1382 6
68.568  0.350154  971 4
-146.032  0.358333  240 4
91.904  0.237467  1516 6
8.856  0.240322  1989 6
-69.064  0.196629  178 6
66.504  0.360839  1430 6
137.952  0.275676  185 6
57.504  0.379221  1540 4
13.184  0.231054  541 6
122.816  0.293478  552 6
-75.12  0.316547  278 4
60.232  0.34785  1837 4
65.312  0.32147  871 6
55.808  0.33782  3046 6
185.248  0.383944  573 4
18.872  0.201878  213 4
-0.408  0.201835  545 6
54.552  0.411357  722 6
-263.376  0.251497  167 4
-194.536  0.245627  1315 4
-309.52  0.189003  291 4
105.44  0.270818  1381 4
14.12  0.25058  431 4
256.12  0.304833  269 4
-2.688  0.245314  1227 4
10.872  0.287671  292 4
13.752  0.25  204 6
63.56  0.388309  479 4
275.904  0.2537  473 4
12.344  0.225888  394 4
150.496  0.256021  1910 4
-291.128  0.0347826  115 4
225.808  0.264887  487 4
6.528  0.224044  183 6
73.616  0.36965  1028 6
14  0.261391  417 6
-92.208  0.234969  1447 4
-146.872  0.187342  395 4
12.184  0.20751  506 4
-0.312  0.227533  523 4
-345.28  0.292214  989 4
18.216  0.191667  360 4
61.872  0.364017  478 4
57.192  0.369945  1830 6
239.232  0.245207  1982 4
13.128  0.21659  217 4
52.376  0.3356  3677 4
56.584  0.357106  1921 4
-288.64  0.271875  320 4
201.672  0.268657  335 4
283.344  0.253086  972 4
72.248  0.381391  1193 6
12.88  0.203753  373 4
312  0.340314  191 4
81.472  0.421846  531 6
133.128  0.363636  253 4
177.344  0.240741  1566 6
-368.624  0.244186  516 4
-319.44  0.273109  714 6
-294.096  0.257271  1788 6
-264.472  0.212355  259 6
-316.408  0.212766  564 6
8.128  0.233677  291 6
63.408  0.346798  1015 6
8.384  0.271071  1317 4
104.56  0.345946  2035 6
102.92  0.250105  2383 4
-344.928  0.226316  190 4
68.64  0.392092  607 6
20.344  0.258675  634 4
15.312  0.208754  297 6
35.368  0.211765  255 4
-7.624  0.220984  1525 6
-38.568  0.252788  269 4
18.464  0.231214  173 4
9.68  0.274151  383 4
-120.936  0.239669  242 4
154.44  0.358597  884 4
73.048  0.330973  565 4
56.408  0.347222  2592 6
-384.064  0.253054  573 4
18.696  0.070922  141 4
66.256  0.296296  270 6
10.912  0.269091  1375 6
8.096  0.241902  1451 6
56  0.369427  2041 4
14.432  0.192201  359 4
14.128  0.0650407  123 4
-348  0.238235  1020 6
115.968  0.471519  316 4
14.288  0.291139  237 4
-157.376  0.278897  1886 4
68.192  0.391941  819 4
-115.912  0.244461  1309 6
80.536  0.344765  554 6
233.568  0.356187  598 4
160.552  0.308772  285 4
61.592  0.391753  970 6
-253.408  0.239658  701 4
51.848  0.385263  2375 6
31.128  0.275304  247 6
-23.688  0.249534  537 4
209.128  0.457792  308 4
-57.472  0.30411  365 4
14.216  0.17603  267 6
198.512  0.37294  1153 6
25.28  0.172414  174 4
173.872  0.168605  344 6
61.264  0.367223  1318 4
16.12  0.179389  262 4
63.2  0.372131  610 6
-54.856  0.261594  2221 6
14.408  0.0875912  274 4
13.152  0.221198  217 6
-238.92  0.243689  2060 4
51.28  0.335934  2435 6
-0.328  0.255387  1578 6
-111.312  0.340278  288 4
15.28  0.2  175 4
-16.136  0.249153  590 6
124.856  0.431894  301 4
51.52  0.370799  2767 6
14.464  0.242105  285 6
56.328  0.344905  3111 4
10.08  0.267568  2590 4
90.224  0.247312  2511 6
-386.664  0.30531  226 6
68.504  0.375163  1530 4
65.544  0.383973  1198 4
14.248  0.321429  168 6
209.656  0.232386  1618 6
2.952  0.253593  1183 6
280.552  0.268326  723 6
-177.88  0.23378  1865 4
15.984  0.204778  293 6
2.192  0.243961  828 4
-377.248  0.184116  277 6
66.144  0.344529  1846 4
116.968  0.239198  648 6
17.424  0.363636  220 6
81.248  0.180147  544 4
18.76  0.0794702  151 6
86.376  0.476821  453 6
8.752  0.2466  1103 4
12  0.245455  220 6
59.088  0.404091  1809 4
69.592  0.323923  1346 4
-3.064  0.273408  267 4
-369.288  0.375  912 4
-376.968  0.297297  222 4
108.344  0.275272  643 6
12.312  0.247322  1027 6
159.688  0.185393  178 6
-364.128  0.256591  1138 4
66.656  0.362756  1858 6
297.68  0.251884  929 4
307.936  0.260982  387 4
53.904  0.251488  3360 4
11.984  0.255474  548 6
61.496  0.37474  1441 4
-33.184  0.256447  698 6
61.624  0.422801  1114 4
-200.2  0.24878  1230 6
-99.528  0.333129  1633 4
66.744  0.417553  376 4
7.608  0.275234  4062 4
107.456  0.259786  281 4
160.688  0.271127  852 4
90.312  0.38871  620 4
70.984  0.458333  432 4
64.424  0.314851  505 6
51.408  0.398492  1857 6
156.248  0.404362  596 4
10.256  0.234907  911 6
-69.688  0.23347  1709 6
190.064  0.0722892  166 6
13.032  0.211726  614 6
15.64  0.221053  380 4
112.896  0.248603  1790 4
-252.744  0.260202  2279 4
110.608  0.229565  575 6
-150.536  0.246259  735 6
71.528  0.417653  929 4
56.72  0.393321  539 4
-365.936  0.2875  240 4
65.944  0.343066  822 6
-205  0.265079  630 6
-94.248  0.214815  405 6
95.312  0.340659  1365 6
-351.72  0.26002  2046 4
62.504  0.371847  1229 4
203.096  0.22884  638 6
-367.168  0.261785  1188 6
67.032  0.412983  724 4
234.216  0.385151  1293 6
204.4  0.253776  1986 4
269.248  0.125628  199 4
96.256  0.209125  263 4
70.904  0.358083  1064 4
251.376  0.304239  401 4
-288.24  0.235607  1129 6
16.2  0.233831  201 6
182.032  0.0432692  208 4
58.176  0.324837  1687 6
309.592  0.210169  885 4
15.264  0.273016  315 4
70.768  0.336152  946 6
1.312  0.208  250 4
19.784  0.0952381  126 4
23.088  0.272085  283 6
-179.248  0.280983  936 6
161.76  0.345272  1396 6
16.376  0.298658  298 4
-163.568  0.225  520 4
-348.656  0.250879  853 6
22.28  0.259259  189 4
160.096  0.362903  868 4
-8.816  0.1  160 4
210.952  0.434137  539 6
52.688  0.366732  1028 4
86.744  0.247863  351 6
72.712  0.378132  439 4
52.112  0.369327  1917 4
8.016  0.256123  1429 4
10.624  0.230303  165 6
16.784  0.171053  152 6
16.744  0.179688  128 6
68.544  0.349333  375 6
-189.184  0.235075  268 4
54.456  0.357938  2425 6
9.872  0.246978  579 6
-45.936  0.29  200 6
73.688  0.414013  785 6
84.96  0.379412  680 6
12.184  0.278351  194 4
57.128  0.360515  1398 6
68.72  0.361454  1541 6
-291.352  0.20354  791 4
-5.088  0.311213  437 6
10.968  0.243644  944 6
295.184  0.290237  379 6
7.216  0.254812  1091 6
-170.064  0.248795  2283 4
-20.56  0.28084  381 4
15.352  0.275362  207 4
130.664  0.194051  706 6
14.536  0.242236  322 6
19.168  0.188811  143 4
66.296  0.351511  1522 4
88.76  0.401163  344 6
99  0.37691  589 6
79.64  0.234479  1659 4
55.184  0.248141  1479 4
11  0.24058  345 6
69.936  0.404118  777 4
55.464  0.339696  3091 4
61.384  0.266496  3516 6
-124.904  0.272605  741 4
15.312  0.322404  183 4
114.872  0.25075  1667 6
6.656  0.23516  438 4
14.408  0.255072  345 4
171.48  0.251587  2206 6
50.832  0.365269  2004 6
143.096  0.179775  178 6
62.936  0.415162  554 6
59.424  0.359851  1609 4
-274.664  0.266647  3379 6
12.16  0.251816  413 6
64.688  0.35948  2231 4
67.144  0.246445  2954 6
119.656  0.345679  891 4
248.704  0.22193  1140 6
66.288  0.221968  874 4
14.216  0.268473  406 4
19.424  0.00769231  130 4
140.624  0.351585  347 4
94.016  0.260612  2026 4
18.672  0.161491  161 6
55.328  0.350707  2686 6
-194.192  0.0944882  127 6
76.872  0.356802  838 6
18.328  0.28547  585 4
92  0.248514  841 4
90.344  0.260949  548 4
-380.176  0.26335  1648 6
80.816  0.371631  705 4
60.64  0.352842  1777 6
16.84  0.242424  165 4
121.216  0.315615  301 4
12.28  0.219941  341 4
63.248  0.35545  844 4
-149.312  0.240343  233 6
-333.4  0.134771  371 4
-1.4  0.28084  381 6
66.232  0.357595  316 6
137.936  0.415987  613 6
-364.656  0.211584  846 6
59.072  0.252817  2662 4
73.752  0.417299  659 6
0.472  0.253968  441 4
-77.312  0.241071  672 4
93.92  0.259363  1789 4
55.968  0.344173  3475 4
15.488  0.287846  469 4
-143.808  0.272277  808 4
106.624  0.353589  2271 6
-121.952  0.239341  1032 6
-363  0.213523  281 4
135.032  0.268898  1733 6
-228.16  0.145251  179 4
213.096  0.36413  184 6
79.696  0.358289  561 6
7.24  0.243157  3142 6
6.568  0.224909  827 4
14.136  0.195652  230 6
49.264  0.333156  1879 6
9.312  0.238676  574 6
17.424  0.183099  142 4
93.096  0.335052  582 4
160.88  0.181416  226 4
-266.624  0.222586  611 6
16.464  0.273684  190 6
66.936  0.353096  759 4
71.912  0.395402  435 6
166.6  0.482759  261 6
68.888  0.417122  549 6
13.88  0.137056  197 6
-230.032  0.260223  269 6
7.832  0.241309  2445 6
12.032  0.273267  1010 6
65.84  0.408654  416 4
-188.832  0.371029  1574 6
-3.72  0.258907  2105 4
318.568  0.26083  6625 6
-144.28  0.310067  745 4
34.152  0.226644  1734 6
266.968  0.266667  345 4
55.256  0.359526  2278 4
57.872  0.441935  310 4
16.312  0.280899  267 6
42  0.251684  2376 6
86.688  0.389041  365 6
54.048  0.336063  3053 4
60.088  0.35727  1685 4
204.784  0.327511  229 6
57.888  0.331759  2541 4
54.92  0.35272  2923 4
-286.248  0.318919  185 4
-0.28  0.258654  1040 6
135.936  0.234021  970 6
241.784  0.240314  1781 6
11.464  0.187266  267 6
69.504  0.37037  648 6
20.752  0.23741  139 4
67.264  0.359146  1640 6
93.28  0.42801  764 6
-76.88  0.267442  1118 6
-369.44  0.316176  272 6
60.28  0.362963  405 4
47.848  0.354003  2548 6
54.056  0.302545  1061 4
91.312  0.245211  261 4
78.808  0.161017  236 6
67.36  0.390625  576 4
67.096  0.370777  1184 4
-284.048  0.258779  3930 6
33.44  0.27381  336 4
16.088  0.304878  164 6
200.688  0.175781  256 6
-388.36  0.261076  632 4
54.496  0.21  200 6
63.208  0.345727  1802 4
11.408  0.239278  443 6
162.968  0.289773  176 6
16.016  0.241736  484 4
11.344  0.264808  574 4
159.704  0.32526  578 6
98.672  0.237154  253 4
