0.000000000000000000e+00 0.000000000000000000e+00
2.000000000000000111e-01 0.000000000000000000e+00
4.000000000000000222e-01 0.000000000000000000e+00
6.000000000000000888e-01 0.000000000000000000e+00
8.000000000000000444e-01 7.560696412799638892e+02
1.000000000000000000e+00 8.569102241602547565e+02
1.200000000000000178e+00 6.129428937915919278e+02
1.400000000000000133e+00 5.482054229834060379e+02
1.600000000000000089e+00 5.742892160366047847e+02
1.800000000000000044e+00 6.830918543670626377e+02
2.000000000000000000e+00 7.659976681475535543e+02
2.200000000000000178e+00 7.877978903405005440e+02
2.400000000000000355e+00 7.954631593512685868e+02
2.600000000000000089e+00 9.295898930320722684e+02
2.800000000000000266e+00 1.132713030776096048e+03
3.000000000000000000e+00 1.241510290330754742e+03
3.200000000000000178e+00 1.184333152285065125e+03
3.400000000000000355e+00 1.141292053927307734e+03
3.600000000000000089e+00 1.076700138922586802e+03
3.800000000000000266e+00 1.027345123179185293e+03
4.000000000000000000e+00 1.019383922864375563e+03
4.200000000000000178e+00 9.221995452730649276e+02
4.400000000000000355e+00 9.706331738842192181e+02
4.600000000000000533e+00 9.845656865964415374e+02
4.800000000000000711e+00 8.448255065879668564e+02
5.000000000000000000e+00 8.043378443537758358e+02
5.200000000000000178e+00 7.008203609310935462e+02
5.400000000000000355e+00 6.162177928404784097e+02
5.600000000000000533e+00 3.865440842419478145e+02
5.800000000000000711e+00 3.522105531053893515e+02
6.000000000000000000e+00 2.746068557884937604e+02
6.200000000000000178e+00 1.931334336048617786e+02
6.400000000000000355e+00 1.146985419367455137e+02
6.600000000000000533e+00 6.325291924649387454e+01
6.800000000000000711e+00 7.090113904620314145e+01
7.000000000000000000e+00 5.141029627403561619e+01
7.200000000000000178e+00 3.655951036876018634e+01
7.400000000000000355e+00 4.232556321729671822e+01
7.600000000000000533e+00 4.569022858837548995e+01
7.800000000000000711e+00 3.838574113372298768e+01
8.000000000000000000e+00 2.799939238461410440e+01
8.200000000000001066e+00 1.411662194936130810e+01
8.400000000000000355e+00 2.260679463150476920e+01
8.599999999999999645e+00 2.882904648864545649e+01
8.800000000000000711e+00 3.240993488464989980e+01
9.000000000000000000e+00 8.947173870267443263e+00
9.200000000000001066e+00 9.125674491415241008e+00
9.400000000000000355e+00 1.239256668379488957e+01
9.600000000000001421e+00 1.264782060199680203e+01
9.800000000000000711e+00 3.173000868961363352e+00
1.000000000000000000e+01 1.600220011785121699e+01
1.020000000000000107e+01 9.695611872023292221e+00
1.040000000000000036e+01 9.873270415747301243e+00
1.060000000000000142e+01 9.938517195559262163e+00
1.080000000000000071e+01 3.367322005974720867e+00
1.100000000000000000e+01 6.750820928016223910e+00
1.120000000000000107e+01 6.869807280185288967e+00
1.140000000000000036e+01 3.497023468490837672e+00
1.160000000000000142e+01 3.506402523834286633e+00
1.180000000000000071e+01 1.073187050403107357e+01
1.200000000000000000e+01 0.000000000000000000e+00
1.220000000000000107e+01 0.000000000000000000e+00
1.240000000000000036e+01 0.000000000000000000e+00
1.260000000000000142e+01 1.124029429868455487e+01
1.280000000000000071e+01 0.000000000000000000e+00
1.300000000000000000e+01 0.000000000000000000e+00
1.320000000000000107e+01 0.000000000000000000e+00
1.340000000000000036e+01 0.000000000000000000e+00
1.360000000000000142e+01 0.000000000000000000e+00
1.380000000000000071e+01 0.000000000000000000e+00
1.400000000000000000e+01 0.000000000000000000e+00
1.420000000000000107e+01 0.000000000000000000e+00
1.440000000000000036e+01 0.000000000000000000e+00
1.460000000000000142e+01 0.000000000000000000e+00
1.480000000000000071e+01 0.000000000000000000e+00
1.500000000000000000e+01 0.000000000000000000e+00
1.520000000000000107e+01 0.000000000000000000e+00
1.540000000000000036e+01 0.000000000000000000e+00
1.560000000000000142e+01 0.000000000000000000e+00
1.580000000000000071e+01 0.000000000000000000e+00
1.600000000000000000e+01 0.000000000000000000e+00
1.619999999999999929e+01 0.000000000000000000e+00
1.640000000000000213e+01 0.000000000000000000e+00
1.660000000000000142e+01 0.000000000000000000e+00
1.680000000000000071e+01 0.000000000000000000e+00
1.700000000000000000e+01 0.000000000000000000e+00
1.719999999999999929e+01 0.000000000000000000e+00
1.740000000000000213e+01 0.000000000000000000e+00
1.760000000000000142e+01 0.000000000000000000e+00
1.780000000000000071e+01 0.000000000000000000e+00
1.800000000000000000e+01 0.000000000000000000e+00
1.819999999999999929e+01 0.000000000000000000e+00
1.840000000000000213e+01 0.000000000000000000e+00
1.860000000000000142e+01 0.000000000000000000e+00
1.880000000000000071e+01 0.000000000000000000e+00
1.900000000000000000e+01 0.000000000000000000e+00
1.920000000000000284e+01 0.000000000000000000e+00
1.940000000000000213e+01 0.000000000000000000e+00
1.960000000000000142e+01 0.000000000000000000e+00
1.980000000000000071e+01 0.000000000000000000e+00
