1.000000000000000056e-01 0.000000000000000000e+00
2.999999999999999889e-01 0.000000000000000000e+00
5.000000000000000000e-01 0.000000000000000000e+00
6.999999999999999556e-01 0.000000000000000000e+00
9.000000000000000222e-01 0.000000000000000000e+00
1.100000000000000089e+00 0.000000000000000000e+00
1.300000000000000044e+00 0.000000000000000000e+00
1.500000000000000000e+00 7.000000000000000000e+00
1.699999999999999956e+00 5.700000000000000000e+01
1.899999999999999911e+00 1.240000000000000000e+02
2.100000000000000089e+00 2.550000000000000000e+02
2.299999999999999822e+00 3.560000000000000000e+02
2.500000000000000000e+00 5.420000000000000000e+02
2.700000000000000178e+00 6.870000000000000000e+02
2.899999999999999911e+00 9.510000000000000000e+02
3.100000000000000089e+00 1.246000000000000000e+03
3.299999999999999822e+00 1.313000000000000000e+03
3.500000000000000000e+00 1.330000000000000000e+03
3.700000000000000178e+00 1.308000000000000000e+03
3.899999999999999911e+00 1.370000000000000000e+03
4.099999999999999645e+00 1.353000000000000000e+03
4.299999999999999822e+00 1.336000000000000000e+03
4.500000000000000000e+00 1.447000000000000000e+03
4.700000000000000178e+00 1.474000000000000000e+03
4.900000000000000355e+00 1.382000000000000000e+03
5.099999999999999645e+00 1.355000000000000000e+03
5.299999999999999822e+00 1.283000000000000000e+03
5.500000000000000000e+00 1.210000000000000000e+03
5.700000000000000178e+00 1.062000000000000000e+03
5.900000000000000355e+00 9.780000000000000000e+02
6.099999999999999645e+00 8.220000000000000000e+02
6.299999999999999822e+00 8.880000000000000000e+02
6.500000000000000000e+00 7.960000000000000000e+02
6.700000000000000178e+00 7.410000000000000000e+02
6.900000000000000355e+00 7.270000000000000000e+02
7.099999999999999645e+00 6.470000000000000000e+02
7.299999999999999822e+00 6.520000000000000000e+02
7.500000000000000000e+00 6.320000000000000000e+02
7.700000000000000178e+00 5.900000000000000000e+02
7.900000000000000355e+00 6.050000000000000000e+02
8.099999999999999645e+00 5.350000000000000000e+02
8.300000000000000711e+00 4.350000000000000000e+02
8.500000000000000000e+00 4.170000000000000000e+02
8.699999999999999289e+00 3.330000000000000000e+02
8.900000000000000355e+00 2.890000000000000000e+02
9.099999999999999645e+00 2.360000000000000000e+02
9.300000000000000711e+00 2.290000000000000000e+02
9.500000000000000000e+00 2.190000000000000000e+02
9.699999999999999289e+00 2.020000000000000000e+02
9.900000000000000355e+00 2.080000000000000000e+02
1.009999999999999964e+01 1.770000000000000000e+02
1.030000000000000071e+01 1.390000000000000000e+02
1.050000000000000000e+01 1.460000000000000000e+02
1.069999999999999929e+01 1.060000000000000000e+02
1.090000000000000036e+01 8.000000000000000000e+01
1.109999999999999964e+01 6.300000000000000000e+01
1.130000000000000071e+01 5.000000000000000000e+01
1.150000000000000000e+01 3.700000000000000000e+01
1.169999999999999929e+01 3.500000000000000000e+01
1.190000000000000036e+01 2.900000000000000000e+01
