3.176000000000000000e+03
3.275000000000000000e+03
3.061000000000000000e+03
2.998000000000000000e+03
2.804000000000000000e+03
2.634000000000000000e+03
2.649000000000000000e+03
2.464000000000000000e+03
2.358000000000000000e+03
2.318000000000000000e+03
2.275000000000000000e+03
2.107000000000000000e+03
2.025000000000000000e+03
1.953000000000000000e+03
1.848000000000000000e+03
1.874000000000000000e+03
1.636000000000000000e+03
1.602000000000000000e+03
1.513000000000000000e+03
1.420000000000000000e+03
1.471000000000000000e+03
1.314000000000000000e+03
1.453000000000000000e+03
1.382000000000000000e+03
1.329000000000000000e+03
1.334000000000000000e+03
1.265000000000000000e+03
1.155000000000000000e+03
1.128000000000000000e+03
1.069000000000000000e+03
1.087000000000000000e+03
1.045000000000000000e+03
1.012000000000000000e+03
9.970000000000000000e+02
9.290000000000000000e+02
9.360000000000000000e+02
8.660000000000000000e+02
8.260000000000000000e+02
8.220000000000000000e+02
8.040000000000000000e+02
8.420000000000000000e+02
7.790000000000000000e+02
7.850000000000000000e+02
7.490000000000000000e+02
7.590000000000000000e+02
6.620000000000000000e+02
6.540000000000000000e+02
6.000000000000000000e+02
6.310000000000000000e+02
6.660000000000000000e+02
5.970000000000000000e+02
5.610000000000000000e+02
5.040000000000000000e+02
4.900000000000000000e+02
4.030000000000000000e+02
8.000000000000000000e+00
1.000000000000000000e+00
0.000000000000000000e+00
0.000000000000000000e+00
0.000000000000000000e+00
