1.000000000000000000e+00 0.000000000000000000e+00
2.000000000000000000e+00 0.000000000000000000e+00
3.000000000000000000e+00 2.510000000000000000e+02
4.000000000000000000e+00 6.740000000000000000e+02
5.000000000000000000e+00 8.970000000000000000e+02
6.000000000000000000e+00 1.004000000000000000e+03
7.000000000000000000e+00 1.015000000000000000e+03
8.000000000000000000e+00 9.360000000000000000e+02
9.000000000000000000e+00 9.180000000000000000e+02
1.000000000000000000e+01 9.420000000000000000e+02
