0.000000000000000000e+00
0.000000000000000000e+00
0.000000000000000000e+00
0.000000000000000000e+00
0.000000000000000000e+00
0.000000000000000000e+00
0.000000000000000000e+00
9.000000000000000000e+00
3.800000000000000000e+01
1.230000000000000000e+02
1.680000000000000000e+02
2.440000000000000000e+02
3.020000000000000000e+02
3.660000000000000000e+02
3.640000000000000000e+02
4.570000000000000000e+02
4.290000000000000000e+02
4.390000000000000000e+02
4.600000000000000000e+02
4.720000000000000000e+02
4.940000000000000000e+02
4.550000000000000000e+02
5.140000000000000000e+02
4.470000000000000000e+02
4.850000000000000000e+02
4.930000000000000000e+02
4.320000000000000000e+02
4.970000000000000000e+02
4.690000000000000000e+02
4.410000000000000000e+02
4.680000000000000000e+02
3.980000000000000000e+02
4.640000000000000000e+02
4.280000000000000000e+02
4.490000000000000000e+02
4.550000000000000000e+02
4.120000000000000000e+02
3.540000000000000000e+02
3.470000000000000000e+02
3.880000000000000000e+02
4.220000000000000000e+02
3.960000000000000000e+02
3.290000000000000000e+02
3.550000000000000000e+02
3.410000000000000000e+02
3.310000000000000000e+02
2.880000000000000000e+02
3.490000000000000000e+02
2.820000000000000000e+02
2.760000000000000000e+02
3.000000000000000000e+00
1.000000000000000000e+00
1.000000000000000000e+00
0.000000000000000000e+00
0.000000000000000000e+00
0.000000000000000000e+00
0.000000000000000000e+00
0.000000000000000000e+00
0.000000000000000000e+00
0.000000000000000000e+00
