2.000000000000000042e-02 9.927695041009490524e+03
8.000000000000000167e-02 2.836271840870736469e+03
1.199999999999999956e-01 1.748858494126951882e+03
1.799999999999999933e-01 1.337393106674988303e+03
2.200000000000000011e-01 1.185735452112706753e+03
2.800000000000000266e-01 9.545730490050515300e+02
3.300000000000000155e-01 8.534618048102956891e+02
3.800000000000000044e-01 7.355762110569343122e+02
4.299999999999999933e-01 6.422479006914390993e+02
4.799999999999999822e-01 5.729537076377230278e+02
5.200000000000000178e-01 5.095371699311797329e+02
5.799999999999999600e-01 4.367103290238613909e+02
6.199999999999999956e-01 3.973955683162208175e+02
6.800000000000000488e-01 3.258689631945857741e+02
7.299999999999999822e-01 3.197913825454385801e+02
7.800000000000000266e-01 3.263312874331194280e+02
8.199999999999999512e-01 3.150349006027216205e+02
8.800000000000000044e-01 2.665892733378169055e+02
9.200000000000000400e-01 2.344414249822963541e+02
9.799999999999999822e-01 2.000054923349031810e+02
1.020000000000000018e+00 1.889411760212850879e+02
1.080000000000000071e+00 1.777517356024811477e+02
1.120000000000000107e+00 1.723078678872506089e+02
1.179999999999999938e+00 1.674787263243580924e+02
1.229999999999999982e+00 1.624568273902810915e+02
1.270000000000000018e+00 1.542285271625249550e+02
1.330000000000000071e+00 1.390071365481861676e+02
1.379999999999999893e+00 1.308308010052185466e+02
1.429999999999999938e+00 1.269959326616013442e+02
1.479999999999999982e+00 1.237356374200343652e+02
1.520000000000000018e+00 1.199007943675543260e+02
1.580000000000000071e+00 1.128477269871827531e+02
1.620000000000000107e+00 1.086656601194504361e+02
1.679999999999999938e+00 1.038367010178341303e+02
1.719999999999999973e+00 1.009436247721706366e+02
1.780000000000000027e+00 9.616799273281534965e+01
1.830000000000000071e+00 9.194066091886077174e+01
1.879999999999999893e+00 8.832399601980216630e+01
1.929999999999999938e+00 8.613511841339719410e+01
1.979999999999999982e+00 8.558047040846399511e+01
2.029999999999999805e+00 8.610444141290670927e+01
2.080000000000000071e+00 8.680500723316251310e+01
2.120000000000000107e+00 8.703068122077343105e+01
2.169999999999999929e+00 8.673494876284108557e+01
2.220000000000000195e+00 8.597792609252807949e+01
2.279999999999999805e+00 8.481584580774459425e+01
2.330000000000000071e+00 8.371067883320482395e+01
2.379999999999999893e+00 8.234955821371285367e+01
2.430000000000000160e+00 8.059070194141540355e+01
2.479999999999999982e+00 7.841299597720262682e+01
2.529999999999999805e+00 7.592840719118558468e+01
2.580000000000000071e+00 7.329466175555747043e+01
2.620000000000000107e+00 7.115001529811573278e+01
2.680000000000000160e+00 6.787425242819715265e+01
2.720000000000000195e+00 6.561490762584325864e+01
2.779999999999999805e+00 6.210528432549523359e+01
2.819999999999999840e+00 5.975852526022499234e+01
2.879999999999999893e+00 5.645627677408845102e+01
2.919999999999999929e+00 5.453282149773260556e+01
2.979999999999999982e+00 5.219269680864262995e+01
3.029999999999999805e+00 5.073872220332060579e+01
3.080000000000000071e+00 4.965241883741200013e+01
3.120000000000000107e+00 4.896725370497661345e+01
3.180000000000000160e+00 4.808369391763286416e+01
3.220000000000000195e+00 4.749242738398724129e+01
3.279999999999999805e+00 4.646364003335131798e+01
3.319999999999999840e+00 4.563350097316938303e+01
3.379999999999999893e+00 4.415051586225440872e+01
3.419999999999999929e+00 4.301980539803127357e+01
3.479999999999999982e+00 4.115197083860866911e+01
3.529999999999999805e+00 3.945309727259862598e+01
3.580000000000000071e+00 3.760708256242921976e+01
3.620000000000000107e+00 3.599799955509563887e+01
3.680000000000000160e+00 3.331515735434820158e+01
3.720000000000000195e+00 3.132912834298152305e+01
3.779999999999999805e+00 2.805854958970826019e+01
3.819999999999999840e+00 2.570809380565130553e+01
3.879999999999999893e+00 2.200135029200325576e+01
3.919999999999999929e+00 1.946864620103100663e+01
3.979999999999999982e+00 1.570009445914318924e+01
4.030000000000000249e+00 1.270401104371099699e+01
4.080000000000000071e+00 9.949362717214574658e+00
4.120000000000000107e+00 7.978057023404035775e+00
4.179999999999999716e+00 5.477845806182863875e+00
4.219999999999999751e+00 4.132994477754997398e+00
4.280000000000000249e+00 2.582746760502396377e+00
4.320000000000000284e+00 1.829679618610065450e+00
4.379999999999999893e+00 1.045368726085653677e+00
4.429999999999999716e+00 6.367660280089174618e-01
4.469999999999999751e+00 4.258725996376576672e-01
4.530000000000000249e+00 2.407035680792178889e-01
4.580000000000000071e+00 1.626085961091658372e-01
4.620000000000000107e+00 1.290315436405798377e-01
4.679999999999999716e+00 1.040416615876790379e-01
4.719999999999999751e+00 9.536742926087379835e-02
4.780000000000000249e+00 8.572921923491970408e-02
4.830000000000000071e+00 7.740824690279413112e-02
4.879999999999999893e+00 6.778501040706956526e-02
4.929999999999999716e+00 5.710883496394175002e-02
4.969999999999999751e+00 4.830500823044042019e-02
5.030000000000000249e+00 3.565513841350989588e-02
5.080000000000000071e+00 2.636238423058730879e-02
5.120000000000000107e+00 2.004787940916828368e-02
5.179999999999999716e+00 1.259746682714870010e-02
5.219999999999999751e+00 8.915266507182080871e-03
5.280000000000000249e+00 5.028746658127857504e-03
5.330000000000000071e+00 2.969816323819087986e-03
5.379999999999999893e+00 1.676683120983906913e-03
5.429999999999999716e+00 9.049474228754146110e-04
5.480000000000000426e+00 4.669242308372379053e-04
5.519999999999999574e+00 2.662375499017010576e-04
5.580000000000000071e+00 1.086036312300043053e-04
5.620000000000000107e+00 5.762197729717977006e-05
5.679999999999999716e+00 2.109815812267326011e-05
5.719999999999999751e+00 1.041619844190671411e-05
5.780000000000000249e+00 3.423315804814915209e-06
5.830000000000000071e+00 1.288914202434717546e-06
5.879999999999999893e+00 4.639290932976153934e-07
5.929999999999999716e+00 1.596356049577382546e-07
5.980000000000000426e+00 5.251198938422642730e-08
6.019999999999999574e+00 2.088746997099499913e-08
6.080000000000000071e+00 4.964409008341748708e-09
6.120000000000000107e+00 1.837451184450306123e-09
6.179999999999999716e+00 3.919934935924526317e-10
6.219999999999999751e+00 1.350044244180624521e-10
6.280000000000000249e+00 2.585189493315715521e-11
6.330000000000000071e+00 6.205474232075636951e-12
6.379999999999999893e+00 1.423993890349060341e-12
6.429999999999999716e+00 3.123861929409567448e-13
6.480000000000000426e+00 6.551278919493693241e-14
6.519999999999999574e+00 1.817849382527572285e-14
6.580000000000000071e+00 2.517365487432403441e-15
6.620000000000000107e+00 6.499784667079564776e-16
6.679999999999999716e+00 8.079205928977829767e-17
6.719999999999999751e+00 1.941074754263369044e-17
6.780000000000000249e+00 2.165675094364278955e-18
6.830000000000000071e+00 3.314220862035166329e-19
6.879999999999999893e+00 4.848642304661632178e-20
6.929999999999999716e+00 6.781244465863481592e-21
6.980000000000000426e+00 9.066699266037310876e-22
7.019999999999999574e+00 1.755033692150488598e-22
7.080000000000000071e+00 1.416056217971239398e-23
7.120000000000000107e+00 2.550572252952004743e-24
7.179999999999999716e+00 1.847200340604045630e-25
7.219999999999999751e+00 3.095936350865941952e-26
7.280000000000000249e+00 2.012564114969549230e-27
7.330000000000000071e+00 1.963556578369503751e-28
7.379999999999999893e+00 1.831418806607326149e-29
7.429999999999999716e+00 1.632986049333397249e-30
7.480000000000000426e+00 1.391963458903757211e-31
7.519999999999999574e+00 1.879613355279904661e-32
7.580000000000000071e+00 8.836295269573594127e-34
7.620000000000000107e+00 1.110278155613290484e-34
7.679999999999999716e+00 4.685056415073690262e-36
7.719999999999999751e+00 5.477687956891068478e-37
7.780000000000000249e+00 2.074730302578995921e-38
7.830000000000000071e+00 1.290508576951960820e-39
7.879999999999999893e+00 7.673803876408850534e-41
7.929999999999999716e+00 4.362255016472176374e-42
7.980000000000000426e+00 2.370620092576272274e-43
8.019999999999999574e+00 2.233094432811919821e-44
8.070000000000000284e+00 1.119100263938262429e-45
8.119999999999999218e+00 5.361440152603110067e-47
8.179999999999999716e+00 1.318169177400316124e-48
8.230000000000000426e+00 5.719720904369481274e-50
8.279999999999999361e+00 2.372624868975848270e-51
8.320000000000000284e+00 1.800681365122298657e-52
8.380000000000000782e+00 3.566885958331936809e-54
8.429999999999999716e+00 1.292692204016363651e-55
8.480000000000000426e+00 4.478696054947032005e-57
8.519999999999999574e+00 2.943073838870775458e-58
8.570000000000000284e+00 9.403047237583230441e-60
8.619999999999999218e+00 2.872014528222104698e-61
8.679999999999999716e+00 4.114177101263126495e-63
8.730000000000000426e+00 1.138130910045195526e-64
8.779999999999999361e+00 3.009899598542904799e-66
8.820000000000000284e+00 1.593544666949440689e-67
8.880000000000000782e+00 1.839175849603771822e-69
8.929999999999999716e+00 4.249469449392177975e-71
8.980000000000000426e+00 9.386349522510390952e-73
9.019999999999999574e+00 4.302795744308373811e-74
9.070000000000000284e+00 8.764431282175561921e-76
9.119999999999999218e+00 1.706661160768563986e-77
9.179999999999999716e+00 1.424460187859987798e-79
9.230000000000000426e+00 2.512262996647324536e-81
9.279999999999999361e+00 4.235751200603175250e-83
9.320000000000000284e+00 1.564397506350384958e-84
9.380000000000000782e+00 1.051992853784544543e-86
9.429999999999999716e+00 1.549636352102717374e-88
9.480000000000000426e+00 2.182214096177243164e-90
9.519999999999999574e+00 6.978399129562216163e-92
9.580000000000000071e+00 3.780803828542344637e-94
9.619999999999999218e+00 1.125028386451351973e-95
9.679999999999999716e+00 5.471081086054414371e-98
9.730000000000000426e+00 6.151676480731156208e-100
9.779999999999999361e+00 6.612480113155983083e-102
9.830000000000000071e+00 6.794943113168586808e-104
9.880000000000000782e+00 6.675100772095544816e-106
9.929999999999999716e+00 6.268741808197030102e-108
9.980000000000000426e+00 5.627992295160667572e-110
1.001999999999999957e+01 1.255499034053966273e-111
1.008000000000000007e+01 3.963249212605908262e-114
1.011999999999999922e+01 8.226879927594112940e-116
1.017999999999999972e+01 2.331049467999088880e-118
1.023000000000000043e+01 1.671003564964244850e-120
1.027999999999999936e+01 1.145127430576824192e-122
1.032000000000000028e+01 2.058161124553716355e-124
1.038000000000000078e+01 4.698490640774776360e-127
1.041999999999999993e+01 7.857869409752150061e-129
1.048000000000000043e+01 1.610145543481533806e-131
1.051999999999999957e+01 2.505719560605622507e-133
1.058000000000000007e+01 4.608654196350175147e-136
1.061999999999999922e+01 6.673633301885188768e-138
1.067999999999999972e+01 1.101755763729856649e-140
1.073000000000000043e+01 5.035200491142704911e-143
1.077999999999999936e+01 2.199878826574473763e-145
1.082000000000000028e+01 2.758219044511368980e-147
1.088000000000000078e+01 3.668718658008052284e-150
1.091999999999999993e+01 4.280212091215638868e-152
1.098000000000000043e+01 5.110133866773118132e-155
1.101999999999999957e+01 5.547586036556876213e-157
1.108000000000000007e+01 5.945006942369702656e-160
1.111999999999999922e+01 6.005442640922435478e-162
1.117999999999999972e+01 5.776631646210518855e-165
1.123000000000000043e+01 1.683106751780756406e-167
1.127999999999999936e+01 4.688125231375133177e-170
1.132000000000000028e+01 4.100469987496718113e-172
1.138000000000000078e+01 3.177795556784895333e-175
1.141999999999999993e+01 2.586314143464541602e-177
1.148000000000000043e+01 1.799098422722610875e-180
1.151999999999999957e+01 1.362483125431056410e-182
1.158000000000000007e+01 8.507189604134187727e-186
1.161999999999999922e+01 5.994917483496849730e-188
1.167999999999999972e+01 3.359847160810618661e-191
1.173000000000000043e+01 6.241113190546594068e-194
1.177999999999999936e+01 1.108294432283861718e-196
1.182000000000000028e+01 6.762293635543210723e-199
1.188000000000000078e+01 3.053465386360934972e-202
1.191999999999999993e+01 1.733615426192773521e-204
1.198000000000000043e+01 7.026403258475479009e-208
