5.000000000000000278e-02 0.000000000000000000e+00
1.499999999999999944e-01 0.000000000000000000e+00
2.500000000000000000e-01 0.000000000000000000e+00
3.499999999999999778e-01 0.000000000000000000e+00
4.500000000000000111e-01 0.000000000000000000e+00
5.500000000000000444e-01 0.000000000000000000e+00
6.500000000000000222e-01 0.000000000000000000e+00
7.500000000000000000e-01 0.000000000000000000e+00
8.499999999999999778e-01 0.000000000000000000e+00
9.499999999999999556e-01 0.000000000000000000e+00
1.050000000000000044e+00 0.000000000000000000e+00
1.149999999999999911e+00 0.000000000000000000e+00
1.250000000000000000e+00 0.000000000000000000e+00
1.350000000000000089e+00 0.000000000000000000e+00
1.449999999999999956e+00 1.000000000000000000e+00
1.550000000000000044e+00 0.000000000000000000e+00
1.649999999999999911e+00 0.000000000000000000e+00
1.750000000000000000e+00 1.000000000000000000e+00
1.850000000000000089e+00 0.000000000000000000e+00
1.949999999999999956e+00 0.000000000000000000e+00
2.049999999999999822e+00 1.000000000000000000e+00
2.149999999999999911e+00 0.000000000000000000e+00
2.250000000000000000e+00 3.000000000000000000e+00
2.350000000000000089e+00 5.000000000000000000e+00
2.450000000000000178e+00 1.000000000000000000e+01
2.549999999999999822e+00 2.700000000000000000e+01
2.649999999999999911e+00 4.800000000000000000e+01
2.750000000000000000e+00 5.900000000000000000e+01
2.850000000000000089e+00 6.400000000000000000e+01
2.950000000000000178e+00 9.500000000000000000e+01
3.049999999999999822e+00 1.050000000000000000e+02
3.149999999999999911e+00 1.050000000000000000e+02
3.250000000000000000e+00 1.230000000000000000e+02
3.350000000000000089e+00 1.350000000000000000e+02
3.450000000000000178e+00 1.320000000000000000e+02
3.549999999999999822e+00 1.310000000000000000e+02
3.649999999999999911e+00 1.460000000000000000e+02
3.750000000000000000e+00 1.460000000000000000e+02
3.850000000000000089e+00 1.500000000000000000e+02
3.950000000000000178e+00 1.730000000000000000e+02
4.049999999999999822e+00 1.930000000000000000e+02
4.150000000000000355e+00 1.730000000000000000e+02
4.250000000000000000e+00 1.750000000000000000e+02
4.349999999999999645e+00 1.980000000000000000e+02
4.450000000000000178e+00 1.890000000000000000e+02
4.549999999999999822e+00 1.930000000000000000e+02
4.650000000000000355e+00 2.350000000000000000e+02
4.750000000000000000e+00 2.150000000000000000e+02
4.849999999999999645e+00 2.160000000000000000e+02
4.950000000000000178e+00 2.440000000000000000e+02
5.049999999999999822e+00 2.210000000000000000e+02
5.150000000000000355e+00 1.920000000000000000e+02
5.250000000000000000e+00 1.980000000000000000e+02
5.349999999999999645e+00 1.830000000000000000e+02
5.450000000000000178e+00 1.960000000000000000e+02
5.549999999999999822e+00 1.760000000000000000e+02
5.650000000000000355e+00 1.520000000000000000e+02
5.750000000000000000e+00 1.690000000000000000e+02
5.849999999999999645e+00 1.580000000000000000e+02
5.950000000000000178e+00 1.400000000000000000e+02
6.049999999999999822e+00 1.200000000000000000e+02
6.150000000000000355e+00 1.440000000000000000e+02
6.250000000000000000e+00 1.400000000000000000e+02
6.349999999999999645e+00 1.470000000000000000e+02
6.450000000000000178e+00 1.380000000000000000e+02
6.549999999999999822e+00 1.350000000000000000e+02
6.650000000000000355e+00 1.580000000000000000e+02
6.750000000000000000e+00 1.270000000000000000e+02
6.849999999999999645e+00 1.270000000000000000e+02
6.950000000000000178e+00 1.390000000000000000e+02
7.049999999999999822e+00 1.480000000000000000e+02
7.150000000000000355e+00 1.310000000000000000e+02
7.250000000000000000e+00 1.320000000000000000e+02
7.349999999999999645e+00 1.190000000000000000e+02
7.450000000000000178e+00 1.350000000000000000e+02
7.549999999999999822e+00 1.190000000000000000e+02
7.650000000000000355e+00 1.230000000000000000e+02
7.750000000000000000e+00 1.280000000000000000e+02
7.849999999999999645e+00 1.250000000000000000e+02
7.950000000000000178e+00 1.200000000000000000e+02
8.050000000000000711e+00 1.140000000000000000e+02
8.150000000000000355e+00 1.170000000000000000e+02
8.250000000000000000e+00 9.200000000000000000e+01
8.349999999999999645e+00 8.500000000000000000e+01
8.449999999999999289e+00 6.400000000000000000e+01
8.550000000000000711e+00 5.200000000000000000e+01
8.650000000000000355e+00 4.500000000000000000e+01
8.750000000000000000e+00 4.300000000000000000e+01
8.849999999999999645e+00 3.000000000000000000e+01
8.949999999999999289e+00 3.000000000000000000e+01
9.050000000000000711e+00 2.600000000000000000e+01
9.150000000000000355e+00 3.100000000000000000e+01
9.250000000000000000e+00 2.800000000000000000e+01
9.349999999999999645e+00 3.500000000000000000e+01
9.449999999999999289e+00 2.900000000000000000e+01
9.550000000000000711e+00 3.400000000000000000e+01
9.650000000000000355e+00 2.900000000000000000e+01
9.750000000000000000e+00 3.000000000000000000e+01
9.849999999999999645e+00 3.800000000000000000e+01
9.949999999999999289e+00 2.700000000000000000e+01
1.005000000000000071e+01 2.000000000000000000e+01
1.015000000000000036e+01 2.400000000000000000e+01
1.025000000000000000e+01 2.700000000000000000e+01
1.034999999999999964e+01 1.900000000000000000e+01
1.044999999999999929e+01 2.200000000000000000e+01
1.055000000000000071e+01 1.700000000000000000e+01
1.065000000000000036e+01 1.100000000000000000e+01
1.075000000000000000e+01 1.000000000000000000e+01
1.084999999999999964e+01 1.600000000000000000e+01
1.094999999999999929e+01 4.000000000000000000e+00
1.105000000000000071e+01 1.000000000000000000e+00
1.115000000000000036e+01 0.000000000000000000e+00
1.125000000000000000e+01 1.000000000000000000e+00
1.134999999999999964e+01 1.000000000000000000e+00
1.144999999999999929e+01 1.000000000000000000e+00
1.155000000000000071e+01 4.000000000000000000e+00
1.165000000000000036e+01 1.000000000000000000e+00
1.175000000000000000e+01 2.000000000000000000e+00
1.184999999999999964e+01 4.000000000000000000e+00
1.194999999999999929e+01 2.000000000000000000e+00
