1.000000000000000000e+00 0.000000000000000000e+00
2.000000000000000000e+00 0.000000000000000000e+00
3.000000000000000000e+00 5.440000000000000000e+02
4.000000000000000000e+00 1.231000000000000000e+03
5.000000000000000000e+00 1.518000000000000000e+03
6.000000000000000000e+00 1.794000000000000000e+03
7.000000000000000000e+00 1.775000000000000000e+03
8.000000000000000000e+00 1.707000000000000000e+03
9.000000000000000000e+00 1.578000000000000000e+03
1.000000000000000000e+01 1.552000000000000000e+03
