1.000000000000000000e+00 3.482000000000000000e+03
2.000000000000000000e+00 5.131000000000000000e+03
3.000000000000000000e+00 5.201000000000000000e+03
4.000000000000000000e+00 4.625000000000000000e+03
5.000000000000000000e+00 3.936000000000000000e+03
6.000000000000000000e+00 3.703000000000000000e+03
7.000000000000000000e+00 3.391000000000000000e+03
8.000000000000000000e+00 3.007000000000000000e+03
9.000000000000000000e+00 2.639000000000000000e+03
1.000000000000000000e+01 2.388000000000000000e+03
